0 0 6.91796e-310 5
1 0 4.80351e-316 5
2 0 -209517 2689.17
3 0 -186792 5120.5
4 0 -204869 2620.43
5 0 -181351 4007.52
6 0 -210341 2520.75
7 0 -176367 4234.2
8 0 -212238 2532.34
9 0 -226312 5700
10 0 -212470 2917.19
11 0 -188777 4013.63
12 0 -214747 2557.15
13 0 -197787 3929.03
14 0 -222899 2724.43
15 0 -195845 4219.34
16 0 -170867 2476.95
17 0 -152532 4098.32
18 0 -178190 2608.08
19 0 -148466 5070.86
20 0 -180619 2812.12
21 0 -146865 4361.51
22 0 6.91796e-310 5
23 0 6.91796e-310 5
24 0 -179375 2651.85
25 0 -150923 4057.61
26 0 -179778 2879.99
27 0 -141482 4329.69
28 0 6.91796e-310 5
29 0 6.91796e-310 5
30 0 6.91796e-310 5
31 0 6.91796e-310 5
32 0 -158409 3096.53
33 0 -138826 4266.98
34 0 -161254 2890.97
35 0 -138505 5183.15
36 0 -171189 2848.88
37 0 -142968 5051.07
38 0 -168095 2477.17
39 0 -137831 4959.03
40 0 -164572 2736.26
41 0 -141190 4417.18
42 0 -171847 2630.61
43 0 -142742 4583.69
44 0 6.91796e-310 5
45 0 6.91796e-310 5
46 0 6.91796e-310 5
47 0 6.91796e-310 5
48 0 -151901 2613.94
49 0 -133898 4433.38
50 0 -155690 2503.3
51 0 -136574 3653.47
52 0 -154749 2382.26
53 0 -127386 3432.57
54 0 -154414 2728.56
55 0 -124584 5212.99
56 0 -149488 2465.6
57 0 -127785 4204.95
58 0 -150995 2602.89
59 0 -123955 4786.83
60 0 6.91796e-310 5
61 0 6.91796e-310 5
62 0 6.91796e-310 5
63 0 6.91796e-310 5
64 0 6.91796e-310 5
65 0 6.91796e-310 5
66 0 586518 2244.57
67 0 578379 2237.23
68 0 587095 2203.18
69 0 586735 2300.63
70 0 578408 2378.74
71 0 586871 2404.23
72 0 571309 2622.05
73 0 578923 2663.88
74 0 578955 2508.51
75 0 571345 2603.64
76 0 579060 2567.84
77 0 577878 2442.22
78 0 570924 2553.02
79 0 578989 2496.79
80 0 6.91796e-310 5
81 0 6.91796e-310 5
82 0 603706 2360.97
83 0 603753 2481.51
84 0 603377 2289.57
85 0 603135 2110.93
86 0 603365 2515.12
87 0 604132 2454.16
88 0 595648 2461.33
89 0 596295 2348.72
90 0 596791 2364.96
91 0 595527 2296.2
92 0 596228 2459.75
93 0 596391 2533.02
94 0 598139 2798.82
95 0 595526 2408.67
96 0 6.91796e-310 5
97 0 6.91796e-310 5
98 0 623291 2446.3
99 0 623416 2775.47
100 0 623641 2241.68
101 0 622342 1912.99
102 0 620859 2188
103 0 621094 1557.66
104 0 614117 2525.03
105 0 613007 2388.02
106 0 613278 2401.78
107 0 613482 2472.14
108 0 615326 2591.73
109 0 615590 2442.36
110 0 615006 2639.63
111 0 615098 2630.95
112 0 6.91796e-310 5
113 0 6.91796e-310 5
114 0 643259 2993.81
115 0 641242 2713.86
116 0 643137 2737.83
117 0 643223 3236.83
118 0 641408 2046.48
119 0 641821 2480.33
120 0 623242 1860.47
121 0 630758 1698.83
122 0 632201 1966.61
123 0 623087 1935.69
124 0 631603 2750.06
125 0 631800 2146.4
126 0 632079 2609.66
127 0 632180 3130.85
128 0 6.91796e-310 5
129 0 6.91796e-310 5
130 0 649816 2409
131 0 658331 2392.49
132 0 658924 2407.11
133 0 656946 2195.49
134 0 658754 2252
135 0 658215 2316.61
136 0 649519 2191.33
137 0 649548 2315.28
138 0 660007 654.305
139 0 661377 562.122
140 0 661546 526.911
141 0 662202 680.682
142 0 661490 618.079
143 0 661627 587.368
144 0 6.91796e-310 5
145 0 6.91796e-310 5
146 0 673714 537.452
147 0 673775 709.332
148 0 672479 513.76
149 0 663803 521.707
150 0 673194 1544.7
151 0 665323 553.392
152 0 664727 479.862
153 0 666065 641.579
154 0 664529 478.451
155 0 665252 545.461
156 0 6.91796e-310 5
157 0 6.91796e-310 5
158 0 6.91796e-310 5
159 0 6.91796e-310 5
