0 0 6.91737e-310 5
1 0 5.02317e-316 5
2 0 -301500 0.172154
3 0 -156172 498.069
4 0 -152500 0.258875
5 0 -221000 2778.64
6 0 -250500 0.164868
7 0 -318140 2490.34
8 0 -181516 1494.2
9 0 -109000 3798.23
10 0 -221500 0.157547
11 0 -165500 0.25
12 0 -231500 0.149405
13 0 -168812 1992.27
14 0 -310500 0.194098
15 0 -174172 498.069
16 0 -242500 0.150585
17 0 -106500 0.247352
18 0 -258500 0.189115
19 0 -303500 0.184766
20 0 -153500 0.257202
21 0 -310500 0.194098
22 0 6.91737e-310 5
23 0 6.91737e-310 5
24 0 -119000 1667.18
25 0 -148500 0.262299
26 0 -307500 0.188815
27 0 -324500 0.211573
28 0 6.91737e-310 5
29 0 6.91737e-310 5
30 0 6.91737e-310 5
31 0 6.91737e-310 5
32 0 -302500 0.1837
33 0 -283500 0.17988
34 0 -308500 0.190214
35 0 -290500 0.174667
36 0 -183500 0.239839
37 0 -255500 0.171844
38 0 -274500 0.136141
39 0 -150500 0.25919
40 0 -297500 0.177927
41 0 -102500 0.247831
42 0 6.91737e-310 5
43 0 -157500 0.250024
44 0 6.91737e-310 5
45 0 6.91737e-310 5
46 0 6.91737e-310 5
47 0 6.91737e-310 5
48 0 -291500 0.17534
49 0 -146500 0.241187
50 0 -254500 0.17054
51 0 -321500 0.2117
52 0 -128500 0.246626
53 0 -203500 0.173151
54 0 -318500 0.209933
55 0 -284500 0.17711
56 0 -228500 0.149215
57 0 -145500 0.24382
58 0 6.91737e-310 5
59 0 -124500 0.246135
60 0 6.91737e-310 5
61 0 6.91737e-310 5
62 0 6.91737e-310 5
63 0 6.91737e-310 5
64 0 6.91737e-310 5
65 0 6.91737e-310 5
66 0 571804 2312.64
67 0 563696 2604.61
68 0 572093 2175.29
69 0 571983 2346.39
70 0 571064 2104.69
71 0 571537 2137.82
72 0 564702 2392.63
73 0 603297 1485.2
74 0 564522 2181.51
75 0 601068 1837.93
76 0 596017 1201.67
77 0 563887 1954.91
78 0 589129 1630.05
79 0 565052 1376.38
80 0 6.91737e-310 5
81 0 6.91737e-310 5
82 0 615843 2447.63
83 0 617365 2392.98
84 0 580526 1912.73
85 0 606073 2600.04
86 0 588524 1271.08
87 0 614974 1540.61
88 0 581001 2128.51
89 0 581646 1526.39
90 0 582343 1364.87
91 0 581327 1874.71
92 0 581620 1941.75
93 0 581809 1859.79
94 0 582651 1982.67
95 0 580492 1835.72
96 0 6.91737e-310 5
97 0 6.91737e-310 5
98 0 607854 2122.29
99 0 599475 1986.67
100 0 609265 3088.48
101 0 607491 2111.35
102 0 630500 0.0128483
103 0 629642 837.068
104 0 623066 889.337
105 0 627103 2504.75
106 0 597888 3865.66
107 0 533751 16296
108 0 602215 2660.24
109 0 602732 4572.38
110 0 601475 2858.82
111 0 630504 923.434
112 0 6.91737e-310 5
113 0 6.91737e-310 5
114 0 627649 2362.53
115 0 626449 2182.36
116 0 627672 2639.28
117 0 627639 3060.94
118 0 626829 2409.93
119 0 626688 2471.47
120 0 617476 2276.44
121 0 617122 2025.7
122 0 610213 2503.74
123 0 617010 1985.51
124 0 607973 2110.77
125 0 617023 2438.99
126 0 616876 2778.23
127 0 608166 2244.44
128 0 6.91737e-310 5
129 0 6.91737e-310 5
130 0 636033 2873.82
131 0 642713 2523.52
132 0 672259 829.451
133 0 641917 3856.25
134 0 645717 1758.5
135 0 643700 4127.98
136 0 658867 1986.28
137 0 669442 2678.9
138 0 637518 914.814
139 0 647003 883.619
140 0 647419 818.722
141 0 647906 1262.3
142 0 646917 747.612
143 0 647416 880.011
144 0 6.91737e-310 5
145 0 6.91737e-310 5
146 0 674975 450.445
147 0 674991 806.448
148 0 673785 421.326
149 0 673222 574.059
150 0 664677 1239.26
151 0 674623 660.631
152 0 666419 693.605
153 0 659619 749.112
154 0 666527 811.275
155 0 658768 632.642
156 0 6.91737e-310 5
157 0 6.91737e-310 5
158 0 6.91737e-310 5
159 0 6.91737e-310 5
