0 0 6.92675e-310 5
1 0 4.65406e-316 5
2 0 -210145 2507.68
3 0 -188359 5866.92
4 0 -205955 2692.61
5 0 -181943 3912.65
6 0 -211033 2574.99
7 0 -177829 5001.06
8 0 -213173 2654.92
9 0 -182603 4470.79
10 0 -213377 2783.56
11 0 -189602 3655.62
12 0 -215494 2405.15
13 0 -244875 4119.88
14 0 -223446 2764.18
15 0 -196704 4221.2
16 0 -215934 2036.85
17 0 -198101 4236.44
18 0 -179037 2655.99
19 0 -149400 5671.75
20 0 -181667 2852.08
21 0 -147837 4822.53
22 0 6.92675e-310 5
23 0 6.92675e-310 5
24 0 -180357 2366.2
25 0 -152290 3895.43
26 0 -180306 2587.11
27 0 -142565 5120.03
28 0 -121838 329.19
29 0 -118159 2915.57
30 0 -131401 6012.83
31 0 6.92675e-310 5
32 0 -158827 2357.38
33 0 -140010 4071.91
34 0 -162126 2842.2
35 0 -139474 4469.96
36 0 -172206 2280.57
37 0 -144094 5036.24
38 0 -168830 2457.65
39 0 -139175 4279.22
40 0 -211897 3696.75
41 0 -188359 5671.55
42 0 -172806 2689.9
43 0 -188727 4399.15
44 0 -104625 85.931
45 0 6.92675e-310 5
46 0 -231572 4558.55
47 0 6.92675e-310 5
48 0 -153220 2755.8
49 0 -134549 3751.53
50 0 -156550 2527.08
51 0 -137389 4075.29
52 0 -155612 2286.67
53 0 -128185 3638.84
54 0 -155062 2402.44
55 0 -125476 6414.39
56 0 -150365 2453.86
57 0 -128790 3857.58
58 0 -151621 2282.72
59 0 -125205 4746.35
60 0 -224494 611.813
61 0 -236500 0.156187
62 0 6.92675e-310 5
63 0 6.92675e-310 5
64 0 6.92675e-310 5
65 0 6.92675e-310 5
66 0 586029 2254.9
67 0 585910 2240.8
68 0 586743 2280.81
69 0 586339 2322.39
70 0 585972 2388.72
71 0 578480 2411.41
72 0 578721 2865.18
73 0 578491 2790.51
74 0 578326 2917.1
75 0 578756 2822.65
76 0 611631 1345.01
77 0 577498 2701.01
78 0 578210 2644.19
79 0 578396 2819.15
80 0 6.92675e-310 5
81 0 6.92675e-310 5
82 0 603074 2435.87
83 0 603133 2639.06
84 0 602666 2654.5
85 0 602686 2221.25
86 0 602642 2667.45
87 0 603129 2965.69
88 0 587231 2482.03
89 0 595461 2670.61
90 0 596576 2586.44
91 0 586717 2693.46
92 0 596015 2739.22
93 0 595809 2578.36
94 0 597625 2687.03
95 0 595099 2741.57
96 0 6.92675e-310 5
97 0 6.92675e-310 5
98 0 623035 2485.64
99 0 622738 2492.28
100 0 623158 2256.41
101 0 621962 1945.64
102 0 620618 2364.95
103 0 620819 1688.64
104 0 605298 2575.38
105 0 612126 2439.51
106 0 612681 2600.04
107 0 604949 2536.03
108 0 614730 2580.75
109 0 615109 2799.37
110 0 614544 2716.26
111 0 614640 2597.62
112 0 6.92675e-310 5
113 0 6.92675e-310 5
114 0 642282 3025.49
115 0 640558 2928.3
116 0 642752 2795.06
117 0 642236 3096.6
118 0 641188 2175.59
119 0 641589 2675.21
120 0 631098 2010.19
121 0 630603 1925.13
122 0 632116 2048.63
123 0 630993 2015.93
124 0 630752 2653.75
125 0 631260 2083.16
126 0 631429 2893.74
127 0 630981 2665.83
128 0 6.92675e-310 5
129 0 6.92675e-310 5
130 0 657089 2731.86
131 0 657711 2706.14
132 0 658061 2630.89
133 0 656481 2495.87
134 0 658178 2507.18
135 0 657548 2484.83
136 0 649255 2241.75
137 0 649124 2516.93
138 0 651628 659.53
139 0 660875 765.017
140 0 661119 672.007
141 0 661754 736.194
142 0 660932 746.66
143 0 661237 775.892
144 0 6.92675e-310 5
145 0 6.92675e-310 5
146 0 673433 586.67
147 0 673133 820.148
148 0 671889 523.042
149 0 671519 504.056
150 0 671245 518.829
151 0 672642 688.802
152 0 664391 547.668
153 0 665592 653.177
154 0 664342 488.99
155 0 664577 672.206
156 0 6.92675e-310 5
157 0 6.92675e-310 5
158 0 6.92675e-310 5
159 0 6.92675e-310 5
