0 0 6.91952e-310 5
1 0 5.41039e-316 5
2 0 -211566 2320.11
3 0 -236175 5266.19
4 0 -206857 2583.09
5 0 -183565 4153.73
6 0 -212784 2372.51
7 0 -179074 4302.25
8 0 -214178 2361.78
9 0 -184183 4720.54
10 0 -214441 2744.06
11 0 -191296 3905.78
12 0 -217130 2485.7
13 0 -200079 4308.68
14 0 -225010 2766.45
15 0 -197992 4037.44
16 0 -173236 2453.31
17 0 -200345 4069.06
18 0 -180101 2421.89
19 0 -151376 7079.79
20 0 -182785 2509.04
21 0 -149017 4685.54
22 0 6.91952e-310 5
23 0 6.91952e-310 5
24 0 -182016 2788.16
25 0 -153203 4193.82
26 0 -182077 2957.03
27 0 -143456 5208.46
28 0 -87785.8 15.3812
29 0 -117706 1820.77
30 0 -133025 5913.66
31 0 6.91952e-310 5
32 0 -160658 2601.83
33 0 -140833 4495.02
34 0 -163980 2961.39
35 0 -140903 4757.68
36 0 -173451 2291.3
37 0 -145542 4826.81
38 0 -170001 2333.43
39 0 -139916 4196.33
40 0 -166912 2582.22
41 0 -143024 4214.41
42 0 -220405 3622.97
43 0 -145625 4674.39
44 0 -105009 298.901
45 0 6.91952e-310 5
46 0 -193381 2607.81
47 0 6.91952e-310 5
48 0 -154593 2602.74
49 0 -182708 4043.75
50 0 -157334 2178.11
51 0 -138843 3784.14
52 0 -157059 2373.46
53 0 -129864 3892.88
54 0 -156473 2459.87
55 0 -126239 5479.47
56 0 -151983 2591.26
57 0 -129782 4392.33
58 0 -153079 2527.18
59 0 -126431 5118.91
60 0 -217144 3547.29
61 0 -125500 0.245321
62 0 6.91952e-310 5
63 0 6.91952e-310 5
64 0 502500 0.263442
65 0 502500 0.263442
66 0 569596 2352.94
67 0 561519 2384.42
68 0 570122 2267.29
69 0 569802 2399.89
70 0 561111 2390.03
71 0 569718 2401.45
72 0 554142 2762.71
73 0 561648 2712.34
74 0 561767 2781.17
75 0 554213 2746.61
76 0 594845 1362.63
77 0 560646 2638.27
78 0 553537 2662.84
79 0 561624 2686.83
80 0 502500 0.263442
81 0 502500 0.263442
82 0 586527 2529.03
83 0 586537 2734.06
84 0 586247 2262.91
85 0 586463 2150.98
86 0 586252 2623.79
87 0 586956 2813.32
88 0 578415 2582.09
89 0 579031 2510.03
90 0 579761 2509.1
91 0 578413 2380.54
92 0 579004 2575.69
93 0 578988 2602.88
94 0 580738 2667.5
95 0 578139 2496.98
96 0 502500 0.263442
97 0 502500 0.263442
98 0 606233 2504.06
99 0 606093 2678.68
100 0 606958 2503.59
101 0 605379 1966.01
102 0 604064 2136.99
103 0 604253 1311.11
104 0 597001 2655.43
105 0 595701 2440.9
106 0 596188 2584.63
107 0 596164 2492.29
108 0 598321 2691.04
109 0 598633 2600.89
110 0 598005 2732.8
111 0 597982 2744.85
112 0 6.91952e-310 5
113 0 502500 0.263442
114 0 625873 3109.84
115 0 623768 2589.09
116 0 625849 2763.37
117 0 625212 2875.21
118 0 624654 2102.89
119 0 624478 2283.31
120 0 606518 2187.94
121 0 614187 2012.25
122 0 615610 2292.75
123 0 606398 2176.13
124 0 613946 2386.76
125 0 614903 2195.59
126 0 615024 2911.55
127 0 614679 2809.59
128 0 6.91952e-310 5
129 0 502500 0.263442
130 0 632799 2586.12
131 0 641474 2763.82
132 0 641863 2668.36
133 0 639796 2448.5
134 0 641612 2584.47
135 0 641092 2533.64
136 0 632819 2488.36
137 0 632604 2734.81
138 0 643011 799.166
139 0 644463 813.254
140 0 644605 651.595
141 0 645294 892.421
142 0 644450 770.111
143 0 644649 707.116
144 0 6.91952e-310 5
145 0 502500 0.263442
146 0 672737 642.14
147 0 672640 789.652
148 0 671434 503.721
149 0 662748 604.866
150 0 670469 622.485
151 0 664210 633.409
152 0 663816 652.419
153 0 665061 703.691
154 0 663627 647.817
155 0 664278 523.442
156 0 502500 0.263442
157 0 502500 0.263442
158 0 502500 0.263442
159 0 502500 0.263442
