0 0 6.92042e-310 5
1 0 6.3626e-316 5
2 0 -211971 2665.06
3 0 -189416 4742.81
4 0 -207287 2571.93
5 0 -183874 4284.65
6 0 -212953 2622.36
7 0 -179033 4441.38
8 0 -214825 2630.97
9 0 -184116 4633.47
10 0 -214815 2905.89
11 0 -191389 4033.29
12 0 -217328 2552.97
13 0 -200665 4251.02
14 0 -225051 2664.96
15 0 -198252 4185.93
16 0 -173430 2450.32
17 0 -155493 4473.31
18 0 -180537 2735.31
19 0 -150643 4673.99
20 0 -182978 2774.47
21 0 -149089 4308.26
22 0 6.92042e-310 5
23 0 6.92042e-310 5
24 0 -181812 2691.76
25 0 -153200 4540.89
26 0 -182075 2894.21
27 0 -144103 5145.47
28 0 6.92042e-310 5
29 0 6.92042e-310 5
30 0 6.92042e-310 5
31 0 6.92042e-310 5
32 0 -160755 3099.31
33 0 -141342 4506.4
34 0 -163636 2745.21
35 0 -141191 5198.48
36 0 -173574 2622.57
37 0 -145510 5203.98
38 0 -170405 2409.21
39 0 -140004 4598.59
40 0 -166997 2658.3
41 0 -143610 4460.17
42 0 -174156 2602.39
43 0 -145342 4665.28
44 0 6.92042e-310 5
45 0 6.92042e-310 5
46 0 6.92042e-310 5
47 0 6.92042e-310 5
48 0 -154789 2729.71
49 0 -136636 4067.88
50 0 -158138 2567.63
51 0 -138893 3845.4
52 0 -157301 2611.4
53 0 -130060 3711.82
54 0 -156666 2638.5
55 0 -126706 5355.25
56 0 -152080 2572
57 0 -130192 4145.29
58 0 -153223 2510.32
59 0 -126617 4857.05
60 0 6.92042e-310 5
61 0 6.92042e-310 5
62 0 6.92042e-310 5
63 0 6.92042e-310 5
64 0 6.92042e-310 5
65 0 6.92042e-310 5
66 0 586776 2634.91
67 0 578550 2846.59
68 0 587412 2703.21
69 0 586979 2633.48
70 0 578431 2617.64
71 0 586902 2550.11
72 0 571468 2828.58
73 0 578995 2794.21
74 0 579066 2813.9
75 0 571551 2838.68
76 0 579184 2806.7
77 0 578022 2624.79
78 0 570973 2775.2
79 0 579067 2814.05
80 0 6.92042e-310 5
81 0 6.92042e-310 5
82 0 603821 2533.01
83 0 603929 2715.06
84 0 603576 2434.98
85 0 603632 2352.05
86 0 603581 2726.63
87 0 604427 2683.46
88 0 595763 2457.53
89 0 596363 2645.03
90 0 597063 2451.96
91 0 595663 2501.07
92 0 596400 2431.38
93 0 596475 2479.15
94 0 597692 2360.35
95 0 595234 2260.62
96 0 6.92042e-310 5
97 0 6.92042e-310 5
98 0 623019 2235.07
99 0 622819 2285.08
100 0 624248 2793.82
101 0 622588 2077.11
102 0 621446 2069.68
103 0 621656 1657.88
104 0 614405 2689.85
105 0 613272 2628.96
106 0 613642 2528.34
107 0 613682 2571.19
108 0 615737 2740.03
109 0 615990 2664.41
110 0 615329 2482.8
111 0 615427 2620.8
112 0 6.92042e-310 5
113 0 6.92042e-310 5
114 0 642698 2652.94
115 0 641005 2596.84
116 0 642529 2460.26
117 0 642045 2617.59
118 0 641916 2404.63
119 0 641493 2373.86
120 0 623458 2304.12
121 0 631197 2241.15
122 0 633043 2583.37
123 0 623696 2473.02
124 0 631325 2385.03
125 0 632255 2472.48
126 0 632554 2923.08
127 0 632096 2847.9
128 0 6.92042e-310 5
129 0 6.92042e-310 5
130 0 650093 2876.66
131 0 658910 2758.81
132 0 659305 2941.22
133 0 657346 2642.6
134 0 659095 2729.25
135 0 658452 2746.89
136 0 650169 2453.94
137 0 649985 2736.01
138 0 660232 979.726
139 0 661666 1069.65
140 0 661624 752.342
141 0 662556 1116.62
142 0 661551 1021.87
143 0 661762 973.692
144 0 6.92042e-310 5
145 0 6.92042e-310 5
146 0 673935 825.1
147 0 673751 1061.21
148 0 672439 641.738
149 0 663946 704.694
150 0 671644 683.775
151 0 665307 926.024
152 0 664942 805.075
153 0 666209 914.653
154 0 664702 677.637
155 0 665392 929.892
156 0 6.92042e-310 5
157 0 6.92042e-310 5
158 0 6.92042e-310 5
159 0 6.92042e-310 5
