0 0 6.94449e-310 5
1 0 6.20345e-316 5
2 0 -213174 2611.41
3 0 -190929 4461.93
4 0 -208535 2635.24
5 0 -184715 3874.49
6 0 -214288 2592.63
7 0 -180758 4303.96
8 0 -216105 2620.18
9 0 -185374 4656.19
10 0 -216045 2886.19
11 0 -192588 3985.13
12 0 -218646 2551.15
13 0 -201994 4433.86
14 0 -226567 2780.82
15 0 -199560 3902.76
16 0 -174848 2568.13
17 0 -156862 4774.93
18 0 -181831 2715.94
19 0 -152524 4946.14
20 0 -184188 2635.28
21 0 -150688 4475.9
22 0 6.94449e-310 5
23 0 6.94449e-310 5
24 0 -183223 2767.52
25 0 -154816 4116.3
26 0 -183501 2746.55
27 0 -145605 4841.47
28 0 6.94449e-310 5
29 0 6.94449e-310 5
30 0 6.94449e-310 5
31 0 6.94449e-310 5
32 0 -162173 2977.12
33 0 -142952 4661.8
34 0 -165176 2773.42
35 0 -142535 4702.63
36 0 -175116 2604.95
37 0 -147440 4997.39
38 0 -171882 2753.81
39 0 -141561 5012.05
40 0 -168379 2679.59
41 0 -144933 4244.23
42 0 -175596 2520.31
43 0 -146645 4795.71
44 0 6.94449e-310 5
45 0 6.94449e-310 5
46 0 6.94449e-310 5
47 0 6.94449e-310 5
48 0 -155882 2669.49
49 0 -137958 4236.53
50 0 -159202 2368.24
51 0 -140361 4057.98
52 0 -158506 2419.01
53 0 -131340 4017.88
54 0 -158095 2572.58
55 0 -128400 5682.92
56 0 -153394 2538.12
57 0 -131481 4362.29
58 0 -154716 2703.41
59 0 -127459 4596.11
60 0 6.94449e-310 5
61 0 6.94449e-310 5
62 0 6.94449e-310 5
63 0 6.94449e-310 5
64 0 6.94449e-310 5
65 0 6.94449e-310 5
66 0 585740 2695.18
67 0 585560 2644.72
68 0 586415 2722.36
69 0 585967 2680.04
70 0 585414 2708.77
71 0 577929 2560.86
72 0 578195 3127.55
73 0 577773 3096.74
74 0 577557 3360.08
75 0 578163 3225.16
76 0 577624 3222.52
77 0 576624 2999.14
78 0 577325 3022.82
79 0 577455 3140.65
80 0 6.94449e-310 5
81 0 6.94449e-310 5
82 0 602151 2573.29
83 0 602362 2834.93
84 0 602179 2712.15
85 0 602089 2507.52
86 0 601786 3266.13
87 0 602419 3437.92
88 0 586399 2705.04
89 0 594697 2979.81
90 0 595811 2845.16
91 0 586128 3123.01
92 0 595347 2879.65
93 0 595265 2769.06
94 0 596679 2541.4
95 0 594025 2507.41
96 0 6.94449e-310 5
97 0 6.94449e-310 5
98 0 622033 2272.24
99 0 621834 2421.18
100 0 623164 2901.19
101 0 621572 2137.02
102 0 620114 2348.45
103 0 620564 1608.3
104 0 604652 2857.24
105 0 611555 2707.97
106 0 612088 2844.87
107 0 604162 2772.56
108 0 614192 2914.13
109 0 614532 2972.48
110 0 614073 2803.33
111 0 614036 2846.46
112 0 6.94449e-310 5
113 0 6.94449e-310 5
114 0 641329 2958.55
115 0 639743 2912.63
116 0 641554 2516.16
117 0 641012 2706.1
118 0 641126 2519.95
119 0 640753 2603.92
120 0 630472 2328.98
121 0 630466 2373.51
122 0 631998 2602.87
123 0 630751 2496.55
124 0 630136 2620.67
125 0 631206 2519.8
126 0 630974 3556.28
127 0 630745 3182.33
128 0 6.94449e-310 5
129 0 6.94449e-310 5
130 0 656501 3288.68
131 0 657468 3142.38
132 0 657644 3486.61
133 0 655855 2821.06
134 0 657529 2882.24
135 0 656943 2934.47
136 0 648749 2707.49
137 0 648482 2890.77
138 0 650688 739.275
139 0 660577 1075.47
140 0 660586 872.643
141 0 661412 1070.33
142 0 660427 1008.02
143 0 660636 989.826
144 0 6.94449e-310 5
145 0 6.94449e-310 5
146 0 672835 814.773
147 0 672676 1076.96
148 0 671369 691.604
149 0 670836 744.179
150 0 670553 725.487
151 0 672164 912.003
152 0 663802 793.533
153 0 665142 916.613
154 0 663623 718.572
155 0 664311 926.953
156 0 6.94449e-310 5
157 0 6.94449e-310 5
158 0 6.94449e-310 5
159 0 6.94449e-310 5
