0 0 6.91157e-310 5
1 0 4.91651e-316 5
2 0 -197505 6954.19
3 0 -174926 6937.69
4 0 -240429 5201.44
5 0 -245873 7477.32
6 0 -197902 3934.7
7 0 -322423 23400.3
8 0 -199533 3383.46
9 0 -320851 6142.27
10 0 -199668 2509.59
11 0 -175693 4533.66
12 0 -201425 2554.79
13 0 -346289 21507
14 0 -210032 3702.04
15 0 -325492 23112.6
16 0 -158815 3097.65
17 0 -141402 5049.07
18 0 -164929 2342.47
19 0 -321077 4133.87
20 0 -167406 2742.05
21 0 -134109 6895.75
22 0 6.91157e-310 5
23 0 6.91157e-310 5
24 0 -166180 2192.2
25 0 -137493 4095.97
26 0 -166527 2245.19
27 0 -128009 4988.05
28 0 6.91157e-310 5
29 0 6.91157e-310 5
30 0 6.91157e-310 5
31 0 6.91157e-310 5
32 0 -144505 1874.32
33 0 -125027 4692.54
34 0 -148334 2652.13
35 0 -127176 4271.06
36 0 -157662 2541.36
37 0 -311901 2952.53
38 0 -154534 2330.45
39 0 -125776 5089.77
40 0 -151738 2135.55
41 0 -127317 6130.58
42 0 -158849 1787.62
43 0 -130636 4484.62
44 0 6.91157e-310 5
45 0 6.91157e-310 5
46 0 6.91157e-310 5
47 0 6.91157e-310 5
48 0 -139421 2131.99
49 0 -119603 3787.71
50 0 -142957 1786.35
51 0 -125862 6099.94
52 0 -141831 2717.25
53 0 -110203 7209.85
54 0 -142115 2318.42
55 0 -320779 2010.34
56 0 -136973 2783.03
57 0 -177153 31968.7
58 0 -136043 1690.58
59 0 -111406 4735.22
60 0 6.91157e-310 5
61 0 6.91157e-310 5
62 0 6.91157e-310 5
63 0 6.91157e-310 5
64 0 6.91157e-310 5
65 0 6.91157e-310 5
66 0 569553 2150
67 0 561457 2189.81
68 0 570019 2046.57
69 0 569688 2156.11
70 0 561346 1997.71
71 0 569643 2071.74
72 0 554453 2037.74
73 0 561952 2055.95
74 0 562480 2006.25
75 0 554696 2032.31
76 0 562941 2027.98
77 0 561554 1919.13
78 0 554913 2009.68
79 0 562866 2013.25
80 0 6.91157e-310 5
81 0 6.91157e-310 5
82 0 587835 2028.8
83 0 587773 2021.14
84 0 587111 1855.62
85 0 586725 1802.31
86 0 586886 1734.26
87 0 587758 1860.35
88 0 579065 1267.43
89 0 579677 1648.37
90 0 580164 1562.14
91 0 578876 1539.85
92 0 579428 1853.04
93 0 579577 1707.68
94 0 580350 1976.54
95 0 578415 1914.73
96 0 6.91157e-310 5
97 0 6.91157e-310 5
98 0 605465 2044.4
99 0 605361 2005.14
100 0 606451 2402.46
101 0 605061 1862.45
102 0 603283 3355.25
103 0 602610 3497.65
104 0 597770 2838.34
105 0 596017 3345.97
106 0 596708 2926.69
107 0 596975 3085.99
108 0 599204 2658.66
109 0 599314 2799.31
110 0 598660 2464.41
111 0 598979 2490.34
112 0 6.91157e-310 5
113 0 6.91157e-310 5
114 0 625525 2283.05
115 0 624374 2318.87
116 0 625178 2215.1
117 0 624666 2332.19
118 0 624371 1940.4
119 0 624295 2123.63
120 0 606853 1782.75
121 0 614479 1700.14
122 0 615415 1932.3
123 0 606509 1886.82
124 0 613810 1937.12
125 0 614669 1935.54
126 0 614999 2246.61
127 0 614482 2110.91
128 0 6.91157e-310 5
129 0 6.91157e-310 5
130 0 633005 2590.23
131 0 641436 2336.45
132 0 642135 2962.9
133 0 640091 2752.64
134 0 641286 3858.14
135 0 641207 3524.17
136 0 617071 9830.5
137 0 631597 3924.57
138 0 643369 503.696
139 0 644652 472.229
140 0 644937 489.77
141 0 645566 656.874
142 0 644845 449.228
143 0 644999 485.972
144 0 6.91157e-310 5
145 0 6.91157e-310 5
146 0 672979 459.712
147 0 672960 484.502
148 0 671743 409.28
149 0 663382 592.429
150 0 670866 415.197
151 0 664658 426.902
152 0 664231 494.742
153 0 665437 470.169
154 0 664123 558.233
155 0 664341 434.897
156 0 6.91157e-310 5
157 0 6.91157e-310 5
158 0 6.91157e-310 5
159 0 6.91157e-310 5
