0 0 6.90233e-310 5
1 0 3.4398e-316 5
2 0 -126823 1238.58
3 0 -322022 4213.84
4 0 -248558 4254.5
5 0 -295751 22743.2
6 0 -282187 21530.4
7 0 -187328 28009.9
8 0 -177339 2212.76
9 0 -162459 10347.6
10 0 -316340 3104.33
11 0 -214173 1941.76
12 0 -231280 1746.5
13 0 -229500 2484.73
14 0 -230500 4059.74
15 0 -266034 3904.36
16 0 -149355 3306.32
17 0 -151331 3293.4
18 0 -263617 2130.52
19 0 -226610 4879.81
20 0 -228596 29391.5
21 0 -357039 32184.5
22 0 6.90233e-310 5
23 0 6.90233e-310 5
24 0 -322188 1992.27
25 0 -320500 2402.28
26 0 -278188 1992.27
27 0 -163419 9405.05
28 0 6.90233e-310 5
29 0 6.90233e-310 5
30 0 6.90233e-310 5
31 0 6.90233e-310 5
32 0 -110839 2298.22
33 0 -235419 20611.4
34 0 -291791 12505.8
35 0 -297828 1910.67
36 0 -91362.6 17459.8
37 0 -255500 0.171844
38 0 -153000 6002.58
39 0 -185964 919.29
40 0 -168690 16392.4
41 0 -279500 0.290266
42 0 -134105 4934.7
43 0 -217500 674.542
44 0 6.90233e-310 5
45 0 6.90233e-310 5
46 0 6.90233e-310 5
47 0 6.90233e-310 5
48 0 -114500 1349.08
49 0 -238492 20461.3
50 0 -195500 0.130155
51 0 -370547 18679.9
52 0 -289906 5462.05
53 0 -166809 2446.17
54 0 -217000 555.728
55 0 -192516 1494.2
56 0 -170213 5960.28
57 0 -192964 919.29
58 0 -158500 0.24735
59 0 -368254 10110.1
60 0 6.90233e-310 5
61 0 6.90233e-310 5
62 0 6.90233e-310 5
63 0 6.90233e-310 5
64 0 6.90233e-310 5
65 0 6.90233e-310 5
66 0 586090 2465.93
67 0 585761 2404.14
68 0 586248 2360.58
69 0 586002 2436.15
70 0 585646 2296.13
71 0 585929 2400.49
72 0 578942 2362.58
73 0 578393 2487.47
74 0 570855 2280.48
75 0 579196 2432.59
76 0 571483 2425.34
77 0 578027 2244.1
78 0 579417 2246.78
79 0 571420 2319.53
80 0 6.90233e-310 5
81 0 6.90233e-310 5
82 0 596150 2081.14
83 0 604501 2307.7
84 0 603689 2250.94
85 0 603485 2022.8
86 0 603418 2018.85
87 0 604713 2266.15
88 0 596123 1959.42
89 0 596578 2123.46
90 0 596965 2147.18
91 0 595696 2145.35
92 0 596005 2223.45
93 0 596395 2127.67
94 0 597085 2347.98
95 0 595084 2307.51
96 0 6.90233e-310 5
97 0 6.90233e-310 5
98 0 622097 2348.4
99 0 622022 2382.39
100 0 623224 2464.07
101 0 621955 2250.44
102 0 597500 0.0128483
103 0 614500 0.0128483
104 0 607133 2794.25
105 0 612774 2884.46
106 0 614080 2625.5
107 0 605850 2736.7
108 0 616283 2804.72
109 0 616297 3037.29
110 0 615536 2566.86
111 0 615831 2568.24
112 0 6.90233e-310 5
113 0 6.90233e-310 5
114 0 642760 2679.35
115 0 641387 2522.23
116 0 642449 2604.62
117 0 633927 2604.72
118 0 641742 2612.62
119 0 641568 2614.82
120 0 631562 2295.72
121 0 631064 2151.15
122 0 632204 2344.85
123 0 631270 2283.32
124 0 630678 2363.31
125 0 631493 2465.91
126 0 631662 2346.18
127 0 631226 2471.21
128 0 6.90233e-310 5
129 0 6.90233e-310 5
130 0 657835 2636
131 0 650193 2643.68
132 0 658671 3355.68
133 0 656874 2765.72
134 0 657994 3200.98
135 0 658300 2845.05
136 0 647262 2806.14
137 0 647851 2490.24
138 0 659975 1252.53
139 0 661536 1263.2
140 0 661934 1230.59
141 0 662298 1365.31
142 0 661602 1218.69
143 0 661804 1174.38
144 0 6.90233e-310 5
145 0 6.90233e-310 5
146 0 673982 1146.5
147 0 673766 1230.76
148 0 672690 1212.75
149 0 672347 1224.78
150 0 672134 1190.36
151 0 673800 1320.35
152 0 664971 1205.46
153 0 666244 1156.33
154 0 657060 1257.14
155 0 665103 1212.15
156 0 6.90233e-310 5
157 0 6.90233e-310 5
158 0 6.90233e-310 5
159 0 6.90233e-310 5
