0 0 6.94984e-310 5
1 0 3.86312e-316 5
2 0 -212532 2514.61
3 0 -190245 4546.81
4 0 -208013 2553.66
5 0 -184351 4264.71
6 0 -213716 2737.04
7 0 -180025 4617.1
8 0 -215406 2587.5
9 0 -184876 4461.48
10 0 -215712 2794.27
11 0 -191935 3988.03
12 0 -218190 2512.3
13 0 -201144 4622.12
14 0 -225918 2607.26
15 0 -198984 3950.79
16 0 -174207 2572.14
17 0 -156066 4446.4
18 0 -181263 2750.37
19 0 -151757 5179.53
20 0 -183723 2847.01
21 0 -150079 4525.87
22 0 6.94984e-310 5
23 0 6.94984e-310 5
24 0 -182524 2714.96
25 0 -154226 4110.72
26 0 -182912 2867.68
27 0 -144886 4421.94
28 0 6.94984e-310 5
29 0 6.94984e-310 5
30 0 6.94984e-310 5
31 0 6.94984e-310 5
32 0 -161291 2923.88
33 0 -142231 4596.46
34 0 -164543 2719.05
35 0 -141838 4615.42
36 0 -174271 2642.68
37 0 -146383 4853.91
38 0 -171156 2550.09
39 0 -140953 4603.32
40 0 -167656 2491.94
41 0 -144184 4425.61
42 0 -175160 2680.11
43 0 -146208 4467.03
44 0 6.94984e-310 5
45 0 6.94984e-310 5
46 0 6.94984e-310 5
47 0 6.94984e-310 5
48 0 -155340 2764.51
49 0 -137521 4413.27
50 0 -158632 2430.51
51 0 -139795 4050.71
52 0 -157998 2441.51
53 0 -130774 3972.83
54 0 -157368 2509.1
55 0 -127523 4949.58
56 0 -152708 2491.58
57 0 -130837 4435.67
58 0 -154139 2554.6
59 0 -127196 4563.08
60 0 6.94984e-310 5
61 0 6.94984e-310 5
62 0 6.94984e-310 5
63 0 6.94984e-310 5
64 0 6.94984e-310 5
65 0 6.94984e-310 5
66 0 569900 2599.92
67 0 569898 2639.58
68 0 570632 2592.96
69 0 570142 2598.83
70 0 569620 2599.53
71 0 562113 2489.68
72 0 562368 3100.1
73 0 562137 3096.01
74 0 561940 3061.89
75 0 562465 3063.48
76 0 561981 3156
77 0 560811 2873.2
78 0 561725 2842.19
79 0 561842 2942.71
80 0 6.94984e-310 5
81 0 6.94984e-310 5
82 0 586393 2651.07
83 0 586550 2755.41
84 0 586397 2620.26
85 0 586370 2569.39
86 0 586227 2972.28
87 0 586894 3154.01
88 0 570439 2831.82
89 0 579205 2759.22
90 0 579975 2743.95
91 0 570579 2687.01
92 0 579665 2731.84
93 0 579385 2917.35
94 0 580863 2526.12
95 0 578359 2655.61
96 0 6.94984e-310 5
97 0 6.94984e-310 5
98 0 606242 2243.14
99 0 606022 2433.47
100 0 607292 2779.02
101 0 605758 2071.61
102 0 604238 2194.2
103 0 604718 1619.99
104 0 589067 2771.06
105 0 595851 2552.05
106 0 596137 2599.73
107 0 588380 2713.39
108 0 598534 2920.16
109 0 598667 2856.75
110 0 598034 2822.81
111 0 598124 2919.65
112 0 6.94984e-310 5
113 0 6.94984e-310 5
114 0 625687 2842.02
115 0 623874 2697.94
116 0 625897 2561.11
117 0 625151 2765.25
118 0 625283 2417.2
119 0 624954 2442.76
120 0 614926 2405.12
121 0 614630 2291.37
122 0 616141 2520.1
123 0 614863 2450.41
124 0 614263 2598.72
125 0 615384 2370.95
126 0 615490 3318.83
127 0 614953 3035.63
128 0 6.94984e-310 5
129 0 6.94984e-310 5
130 0 641121 2951.11
131 0 641647 3201.01
132 0 642139 3005.2
133 0 639960 2638.66
134 0 641732 2882.77
135 0 641359 2864.24
136 0 633055 2831.13
137 0 632699 2888.24
138 0 635344 951.242
139 0 644757 1027.09
140 0 644615 706.184
141 0 645584 1032.89
142 0 644663 933.643
143 0 644603 724.766
144 0 6.94984e-310 5
145 0 6.94984e-310 5
146 0 673026 860.403
147 0 672864 978.908
148 0 671572 589.59
149 0 671040 778.281
150 0 670673 739.673
151 0 672405 832.474
152 0 664149 830.075
153 0 665417 895.844
154 0 663916 806.146
155 0 664496 795.317
156 0 6.94984e-310 5
157 0 6.94984e-310 5
158 0 6.94984e-310 5
159 0 6.94984e-310 5
