0 0 6.95079e-310 5
1 0 4.79758e-316 5
2 0 -284500 0.177111
3 0 -145309 3618.79
4 0 -293500 0.15578
5 0 -167500 0.25
6 0 -245500 0.175266
7 0 -282480 7993.31
8 0 -202198 3291.64
9 0 -233820 20577.8
10 0 -310500 0.194098
11 0 -322500 0.211825
12 0 -277500 0.204577
13 0 -125140 2490.33
14 0 -295683 16541.4
15 0 -153738 2291.76
16 0 -206500 0.43187
17 0 -147000 555.728
18 0 -317516 1494.2
19 0 -275338 1235.83
20 0 -117500 0.2468
21 0 -195140 2490.33
22 0 6.95079e-310 5
23 0 6.95079e-310 5
24 0 -302500 0.1837
25 0 -255500 0.171844
26 0 -265500 0.173616
27 0 -151140 2490.33
28 0 6.95079e-310 5
29 0 6.95079e-310 5
30 0 6.95079e-310 5
31 0 6.95079e-310 5
32 0 -113500 0.247309
33 0 -141500 0.250875
34 0 -126500 0.246257
35 0 -213000 1667.18
36 0 -212000 1667.18
37 0 -262500 0.207469
38 0 -175500 0.25
39 0 -192500 0.250613
40 0 -286500 0.174646
41 0 -308500 0.190214
42 0 -317500 0.208726
43 0 -156500 0.252099
44 0 6.95079e-310 5
45 0 6.95079e-310 5
46 0 6.95079e-310 5
47 0 6.95079e-310 5
48 0 -282500 0.18772
49 0 -197500 0.131911
50 0 -295500 0.167958
51 0 -146283 2612.4
52 0 -272500 0.162156
53 0 -303500 0.184766
54 0 -252500 0.167798
55 0 -277500 0.204577
56 0 -238500 0.157358
57 0 -301500 0.172154
58 0 -256500 0.18355
59 0 -312500 0.199497
60 0 6.95079e-310 5
61 0 6.95079e-310 5
62 0 6.95079e-310 5
63 0 6.95079e-310 5
64 0 6.95079e-310 5
65 0 6.95079e-310 5
66 0 571712 2334.4
67 0 571565 2516.36
68 0 572101 2262.18
69 0 571809 2289.94
70 0 571196 1891.63
71 0 571655 2051.29
72 0 564567 2190.14
73 0 564014 1971.46
74 0 564308 1954.85
75 0 564737 2139.82
76 0 595910 1288.19
77 0 586709 1138.78
78 0 588894 1498.2
79 0 588892 972.178
80 0 6.95079e-310 5
81 0 6.95079e-310 5
82 0 615942 2346.84
83 0 617135 1296.96
84 0 554654 18911.9
85 0 613531 1830.02
86 0 589265 1792.71
87 0 623059 1223.77
88 0 581289 1563.76
89 0 573794 1336.79
90 0 582233 1619.11
91 0 581297 1607.7
92 0 581551 1956.15
93 0 581874 1816.56
94 0 582794 2050.85
95 0 580493 1739.35
96 0 6.95079e-310 5
97 0 6.95079e-310 5
98 0 607745 2166
99 0 607621 2019.97
100 0 609147 2951.77
101 0 607493 2208.97
102 0 624637 22472.2
103 0 630000 850.411
104 0 601437 1521.87
105 0 628872 1320.7
106 0 599714 1283.12
107 0 599351 3756.48
108 0 601693 1850.3
109 0 602084 2458.32
110 0 600553 2744.62
111 0 630746 1124.78
112 0 6.95079e-310 5
113 0 6.95079e-310 5
114 0 627896 2367.73
115 0 626394 2305.59
116 0 627561 2525.36
117 0 627030 2532.23
118 0 627078 2392.03
119 0 626561 2410.76
120 0 609524 2217.96
121 0 617071 1995.57
122 0 617959 1918.4
123 0 609042 2162.75
124 0 616401 2018.62
125 0 617441 2120.75
126 0 609661 2565.6
127 0 617393 2195.99
128 0 6.95079e-310 5
129 0 6.95079e-310 5
130 0 644618 2626.13
131 0 644101 2021.74
132 0 671907 958.999
133 0 671853 1015.26
134 0 662168 1607.19
135 0 645549 1122.33
136 0 659579 950.859
137 0 633605 3632.87
138 0 6.95079e-310 5
139 0 646972 837.893
140 0 647300 760.269
141 0 647824 1158.21
142 0 646855 738.705
143 0 647391 860.047
144 0 6.95079e-310 5
145 0 6.95079e-310 5
146 0 674951 425.872
147 0 674952 754.521
148 0 673736 438.942
149 0 673216 581.263
150 0 672991 507.067
151 0 674499 632.701
152 0 666389 737.276
153 0 667528 712.334
154 0 666386 720.716
155 0 666781 750.917
156 0 6.95079e-310 5
157 0 6.95079e-310 5
158 0 6.95079e-310 5
159 0 6.95079e-310 5
