0 0 6.91044e-310 5
1 0 3.50568e-316 5
2 0 -133471 3863.71
3 0 -219304 28289.6
4 0 -174151 9212.76
5 0 -197777 4714.45
6 0 -269883 27414.3
7 0 -267713 21144
8 0 -207958 31459.7
9 0 -103161 3067.72
10 0 -167653 26836.2
11 0 -112095 35435.8
12 0 -191974 190.577
13 0 -210038 7564.42
14 0 -234185 4596.72
15 0 -212347 7461.23
16 0 -322783 946.967
17 0 -181857 33679.4
18 0 -161596 3356.57
19 0 -187271 31901.6
20 0 -164561 1254.81
21 0 -320312 4108.38
22 0 6.91044e-310 5
23 0 6.91044e-310 5
24 0 -145382 10908.3
25 0 -170178 3992.79
26 0 -163340 1457.6
27 0 -157617 2798.98
28 0 6.91044e-310 5
29 0 6.91044e-310 5
30 0 6.91044e-310 5
31 0 6.91044e-310 5
32 0 -277242 19058.9
33 0 -126207 3939.59
34 0 -178167 29308.1
35 0 -123081 4651.31
36 0 -141529 2404.11
37 0 -219655 23934.1
38 0 -115990 24252.6
39 0 -295909 5913.54
40 0 -307084 21659.5
41 0 -391231 18043.8
42 0 -309784 2797.09
43 0 -125701 3039.14
44 0 6.91044e-310 5
45 0 6.91044e-310 5
46 0 6.91044e-310 5
47 0 6.91044e-310 5
48 0 -168110 3287.77
49 0 -129003 5672.71
50 0 -179115 7726.05
51 0 -315564 2602.1
52 0 -298192 19388.1
53 0 -181880 4809.13
54 0 -169377 6988.96
55 0 -130996 30310.4
56 0 -117766 5089.26
57 0 -182826 2853.96
58 0 -136428 1838.58
59 0 -195943 5581.28
60 0 6.91044e-310 5
61 0 6.91044e-310 5
62 0 6.91044e-310 5
63 0 6.91044e-310 5
64 0 6.91044e-310 5
65 0 6.91044e-310 5
66 0 571482 2694.83
67 0 571250 2638.28
68 0 571940 2548.66
69 0 563624 2641.48
70 0 571170 2411.6
71 0 571501 2567.16
72 0 564322 2602.03
73 0 563785 2499.24
74 0 564418 2527.18
75 0 564581 2467.44
76 0 564876 2441.94
77 0 563531 2403.25
78 0 564878 2286.62
79 0 564773 2438.49
80 0 6.91044e-310 5
81 0 6.91044e-310 5
82 0 590020 2366.88
83 0 589676 2348.11
84 0 588891 2133.38
85 0 588957 2096.64
86 0 589015 2115.43
87 0 589878 2185.72
88 0 573403 2098.69
89 0 581817 2133.43
90 0 582249 2231.54
91 0 573100 2092.45
92 0 581518 2311.76
93 0 581710 2197.47
94 0 582499 2409.6
95 0 580399 2280.8
96 0 6.91044e-310 5
97 0 6.91044e-310 5
98 0 607600 2493.45
99 0 607480 2454.93
100 0 608826 3019.71
101 0 607178 2367.97
102 0 850500 0.0128483
103 0 605264 3645.72
104 0 600239 3456.57
105 0 598628 3621.22
106 0 591376 2970.28
107 0 599775 3320.12
108 0 601816 2737.75
109 0 602337 3114.87
110 0 600952 2682
111 0 601427 2848.01
112 0 6.91044e-310 5
113 0 6.91044e-310 5
114 0 627673 2824.34
115 0 618518 2728.57
116 0 627405 2863.18
117 0 626804 2892.68
118 0 626533 2741.11
119 0 626281 2552.21
120 0 617118 2471.15
121 0 616740 2617.23
122 0 617788 2554.16
123 0 616798 2522.59
124 0 616059 2429.67
125 0 608888 2521.28
126 0 617385 2635.25
127 0 616768 2658.47
128 0 6.91044e-310 5
129 0 6.91044e-310 5
130 0 643429 2863.29
131 0 643866 2757.62
132 0 644660 2975.02
133 0 642653 2751.08
134 0 644211 3568.51
135 0 644082 2897.73
136 0 633694 4822.23
137 0 634625 3303.97
138 0 645424 1423.42
139 0 646799 1392.64
140 0 647195 1393.88
141 0 647754 1584.8
142 0 646781 1370.26
143 0 647206 1440.17
144 0 6.91044e-310 5
145 0 6.91044e-310 5
146 0 675092 1248.74
147 0 674851 1377.28
148 0 674036 1265.38
149 0 665377 1291.79
150 0 673402 1295.77
151 0 674723 1353.62
152 0 666375 1215.76
153 0 667501 1335.67
154 0 666511 1244.14
155 0 666573 1296.49
156 0 6.91044e-310 5
157 0 6.91044e-310 5
158 0 6.91044e-310 5
159 0 6.91044e-310 5
