0 0 6.9014e-310 5
1 0 5.65016e-316 5
2 0 -227041 6641.71
3 0 -204666 7676.14
4 0 -221079 7594.8
5 0 -199056 7464.44
6 0 -227870 6138.12
7 0 -194141 8651.48
8 0 -229452 6679.07
9 0 -199128 7630.59
10 0 -231739 6137.05
11 0 -207341 7440.32
12 0 -233948 5691.09
13 0 -217405 6737.62
14 0 -239913 7204.73
15 0 -213064 8143.04
16 0 -173153 4264.26
17 0 -170987 9691.16
18 0 -196945 7075.68
19 0 -168102 18566.6
20 0 -199625 5839.62
21 0 -164771 8242.81
22 0 6.9014e-310 5
23 0 6.9014e-310 5
24 0 -199303 4901.82
25 0 -169686 6538.28
26 0 -199381 5866.68
27 0 -161104 7411.15
28 0 6.9014e-310 5
29 0 6.9014e-310 5
30 0 6.9014e-310 5
31 0 6.9014e-310 5
32 0 -176999 6007.52
33 0 -158585 11247.2
34 0 -181025 6176.15
35 0 -155928 9941.92
36 0 -172681 4135.76
37 0 -164196 6124.4
38 0 -187472 7868.66
39 0 -158060 6684.98
40 0 -185675 5249.72
41 0 -160181 9249.21
42 0 -191901 6128.55
43 0 -162246 7222.4
44 0 6.9014e-310 5
45 0 6.9014e-310 5
46 0 6.9014e-310 5
47 0 6.9014e-310 5
48 0 -172025 5804.45
49 0 -153498 7197.56
50 0 -178219 4688.72
51 0 -156656 6561.71
52 0 -174891 6139.56
53 0 -147639 6540.96
54 0 -174094 4931.88
55 0 -144528 8221.02
56 0 -169877 5280.86
57 0 -148354 6611.35
58 0 -172293 6914.66
59 0 -143590 7958.91
60 0 6.9014e-310 5
61 0 6.9014e-310 5
62 0 6.9014e-310 5
63 0 6.9014e-310 5
64 0 6.9014e-310 5
65 0 6.9014e-310 5
66 0 569835 2554.52
67 0 561930 2671.32
68 0 570361 2611.24
69 0 569980 2552.88
70 0 561432 2458.91
71 0 569849 2448.38
72 0 554373 2787.93
73 0 561907 2714.47
74 0 562178 2770.72
75 0 554464 2771.55
76 0 562375 2960.87
77 0 561054 2788
78 0 554070 3249.39
79 0 562168 3117.63
80 0 6.9014e-310 5
81 0 6.9014e-310 5
82 0 587019 3457.76
83 0 587041 3380.14
84 0 586644 2644.26
85 0 586766 2752.15
86 0 586638 2746.41
87 0 587424 2860.38
88 0 578771 2577.53
89 0 579480 2562.06
90 0 580115 2469.46
91 0 578772 2394.57
92 0 579529 2617.37
93 0 579593 2674.54
94 0 580743 2329.29
95 0 578484 2388.13
96 0 6.9014e-310 5
97 0 6.9014e-310 5
98 0 606082 2112.96
99 0 605888 2256.51
100 0 607605 2725.05
101 0 605675 1972.92
102 0 604570 2553.62
103 0 604924 2067.42
104 0 597477 2978.07
105 0 596305 2936.18
106 0 596559 2681.89
107 0 596805 2785.64
108 0 598693 2966.1
109 0 598932 2926.11
110 0 598108 2716.01
111 0 598218 2806.96
112 0 6.9014e-310 5
113 0 6.9014e-310 5
114 0 625491 2805.66
115 0 623882 2664.25
116 0 625825 2668.83
117 0 624994 2898.85
118 0 625105 2504.15
119 0 624857 2528.77
120 0 607211 2578.18
121 0 614660 2484.94
122 0 616238 2673.35
123 0 607061 2735.24
124 0 614290 2779.62
125 0 615393 2623.04
126 0 615186 3157
127 0 614784 2952.8
128 0 6.9014e-310 5
129 0 6.9014e-310 5
130 0 633145 2807.53
131 0 641625 2927.59
132 0 642503 2910.52
133 0 640246 2750.74
134 0 642470 3481.36
135 0 641993 3077.7
136 0 633862 3538.62
137 0 633318 3711.4
138 0 643493 951.383
139 0 644841 991.197
140 0 644889 808.035
141 0 645688 1020.4
142 0 644726 897.09
143 0 645136 927.748
144 0 6.9014e-310 5
145 0 6.9014e-310 5
146 0 673037 782.273
147 0 672980 953.289
148 0 671584 538.09
149 0 663060 716.413
150 0 670882 750.92
151 0 664450 767.759
152 0 664141 771.67
153 0 665397 827.276
154 0 663999 763.661
155 0 664511 739.548
156 0 6.9014e-310 5
157 0 6.9014e-310 5
158 0 6.9014e-310 5
159 0 6.9014e-310 5
