0 0 6.91687e-310 5
1 0 5.7386e-316 5
2 0 -209836 2676.38
3 0 -186428 5161.26
4 0 -248785 4157.4
5 0 -182058 4543.72
6 0 -210365 2546.29
7 0 -221064 4251.39
8 0 -212612 2185.22
9 0 -226147 4587.8
10 0 -212980 3010.89
11 0 -234501 5577.73
12 0 -215052 2480.31
13 0 -241593 5788.69
14 0 -222935 2307.98
15 0 -195694 3622.46
16 0 -171016 2218.88
17 0 -196096 6546.59
18 0 -178330 2873.61
19 0 -148607 4586.87
20 0 -180565 2387.65
21 0 -146942 5019.89
22 0 6.91687e-310 5
23 0 6.91687e-310 5
24 0 -179532 2893.19
25 0 -150418 3339.77
26 0 -224195 3101.52
27 0 -142588 4608.82
28 0 6.91687e-310 5
29 0 6.91687e-310 5
30 0 6.91687e-310 5
31 0 6.91687e-310 5
32 0 -203301 4972.64
33 0 -139760 3653.12
34 0 -161809 2161.53
35 0 -182866 4362.94
36 0 -171800 2543.93
37 0 -143237 3997.97
38 0 -167924 2132.57
39 0 -137989 4460.43
40 0 -164084 2382.88
41 0 -185571 4353.22
42 0 -185769 31317.8
43 0 -143431 4060.16
44 0 6.91687e-310 5
45 0 6.91687e-310 5
46 0 6.91687e-310 5
47 0 6.91687e-310 5
48 0 -152273 2396.92
49 0 -134557 3449.28
50 0 -155601 2730.91
51 0 -136915 3464.58
52 0 -154971 2658.02
53 0 -172583 3753.08
54 0 -154481 2535.36
55 0 -125176 5666.5
56 0 -149968 2895.84
57 0 -128072 3913.3
58 0 -151001 2803.55
59 0 -123401 5109.3
60 0 6.91687e-310 5
61 0 6.91687e-310 5
62 0 6.91687e-310 5
63 0 6.91687e-310 5
64 0 6.91687e-310 5
65 0 6.91687e-310 5
66 0 570094 2127.56
67 0 569976 2160.14
68 0 570903 2192.33
69 0 562468 2251.71
70 0 570323 2764.28
71 0 570769 2533.33
72 0 562607 2965.08
73 0 562638 2946.35
74 0 562461 2896.68
75 0 562747 2898.84
76 0 562560 2878.02
77 0 561520 2768.49
78 0 562308 2645.12
79 0 562331 2772.43
80 0 6.91687e-310 5
81 0 6.91687e-310 5
82 0 586977 2321.57
83 0 579191 2472.26
84 0 587009 2321.24
85 0 586709 2201.47
86 0 586843 2574.17
87 0 587550 2793.23
88 0 579141 2621.21
89 0 579643 2380.79
90 0 580515 2706.89
91 0 579098 2426.42
92 0 580125 2658.07
93 0 579789 2707.69
94 0 581926 2926.29
95 0 579118 2717.67
96 0 6.91687e-310 5
97 0 6.91687e-310 5
98 0 607366 2639.92
99 0 599399 3125.41
100 0 607158 2097.02
101 0 598191 1966.81
102 0 604947 2215.33
103 0 604839 1149.37
104 0 597522 2440.82
105 0 596275 2366.82
106 0 588785 2367.95
107 0 596874 2406.84
108 0 598798 2775.87
109 0 599286 2703.04
110 0 598621 2628.3
111 0 598379 2682.17
112 0 6.91687e-310 5
113 0 6.91687e-310 5
114 0 626739 3046.95
115 0 624893 3002.68
116 0 627183 3049.39
117 0 626197 3022.98
118 0 625412 2126.44
119 0 625795 2599.21
120 0 606981 1858.3
121 0 614647 1757.22
122 0 616096 2043.32
123 0 606987 1932.2
124 0 615540 3244.96
125 0 615480 2121.86
126 0 615408 2909.65
127 0 615166 2723.48
128 0 6.91687e-310 5
129 0 6.91687e-310 5
130 0 641232 2549.36
131 0 641869 2743.2
132 0 642154 2517.71
133 0 632550 2378.89
134 0 642037 2263.09
135 0 641612 2372.88
136 0 633353 2390.09
137 0 632947 2285.09
138 0 643679 657.729
139 0 645025 685.909
140 0 645341 535.376
141 0 645837 722.161
142 0 645150 685.331
143 0 645418 606.901
144 0 6.91687e-310 5
145 0 6.91687e-310 5
146 0 673502 517.148
147 0 673381 696.824
148 0 672263 577.896
149 0 671588 525.359
150 0 671289 522.734
151 0 672972 715.524
152 0 664549 552.928
153 0 665680 591.712
154 0 664386 520.742
155 0 664915 695.93
156 0 6.91687e-310 5
157 0 6.91687e-310 5
158 0 6.91687e-310 5
159 0 6.91687e-310 5
