0 0 6.90169e-310 5
1 0 4.19129e-316 5
2 0 -210767 2557.29
3 0 -188174 4964.92
4 0 -205971 2522.57
5 0 -182526 4160.68
6 0 -211688 2565.39
7 0 -178067 4603.2
8 0 -213662 2538.65
9 0 -182927 4551.15
10 0 -213418 2643.06
11 0 -189994 4119.06
12 0 -216128 2427.41
13 0 -199315 4321.06
14 0 -223892 2490.9
15 0 -196925 3803.46
16 0 -172186 2305.56
17 0 -154131 4679.58
18 0 -179487 2760.87
19 0 -149900 5137.99
20 0 -181859 2718.93
21 0 -148068 4727.16
22 0 6.90169e-310 5
23 0 6.90169e-310 5
24 0 -180346 2597.75
25 0 -152212 4391.76
26 0 -180885 2822.9
27 0 -142797 4476.74
28 0 6.90169e-310 5
29 0 6.90169e-310 5
30 0 6.90169e-310 5
31 0 6.90169e-310 5
32 0 -159297 2804.69
33 0 -140038 4178.97
34 0 -162695 2923.27
35 0 -185960 4849.98
36 0 -172435 2573.34
37 0 -144477 4550.05
38 0 -169147 2481.43
39 0 -139004 4667.86
40 0 -165790 2608.79
41 0 -142476 4433.29
42 0 -173170 2659.33
43 0 -144222 4513.89
44 0 6.90169e-310 5
45 0 6.90169e-310 5
46 0 6.90169e-310 5
47 0 6.90169e-310 5
48 0 -153650 2735
49 0 -135527 4076.46
50 0 -156854 2388.76
51 0 -137773 3759.56
52 0 -156001 2349.72
53 0 -128919 3587.64
54 0 -155391 2471
55 0 -125523 5349.63
56 0 -150790 2455.46
57 0 -128971 4111.78
58 0 -152083 2454.72
59 0 -125453 4450.88
60 0 6.90169e-310 5
61 0 6.90169e-310 5
62 0 6.90169e-310 5
63 0 6.90169e-310 5
64 0 6.90169e-310 5
65 0 6.90169e-310 5
66 0 570121 2320.6
67 0 562024 2328.04
68 0 570786 2307.1
69 0 570437 2389.95
70 0 561944 2441.99
71 0 570469 2445.36
72 0 554715 2778.81
73 0 562418 2753.25
74 0 562367 2876.96
75 0 554764 2823.47
76 0 562549 2861.3
77 0 561500 2676.06
78 0 554250 2689.36
79 0 562410 2796.95
80 0 6.90169e-310 5
81 0 6.90169e-310 5
82 0 587200 2545.96
83 0 587158 2571.93
84 0 586869 2367.86
85 0 586792 2270.15
86 0 586630 2756.6
87 0 587345 2926.59
88 0 579289 2424.68
89 0 579444 2688.47
90 0 580497 2555
91 0 578733 2662.08
92 0 579955 2598.03
93 0 579826 2411.81
94 0 581427 2587.84
95 0 578956 2531.94
96 0 6.90169e-310 5
97 0 6.90169e-310 5
98 0 606942 2500.33
99 0 606601 2456.3
100 0 607378 2399.57
101 0 605952 1923.79
102 0 604732 2285.26
103 0 604840 1669.36
104 0 597353 2504.46
105 0 596199 2447.8
106 0 596724 2639.74
107 0 596994 2515.43
108 0 598855 2625.3
109 0 598998 2773.71
110 0 598569 2751.44
111 0 598706 2482.11
112 0 6.90169e-310 5
113 0 6.90169e-310 5
114 0 626152 3018
115 0 624361 2771.66
116 0 626396 2720.13
117 0 626246 3329.65
118 0 625238 2199.34
119 0 625325 2542.48
120 0 607194 2107.83
121 0 614725 2054.93
122 0 616196 2094.27
123 0 607133 2122.79
124 0 614684 2511.34
125 0 615353 2163.81
126 0 615637 2785.81
127 0 614986 2705.68
128 0 6.90169e-310 5
129 0 6.90169e-310 5
130 0 633176 2794.54
131 0 641761 2708.44
132 0 642058 2648.73
133 0 640591 2514.21
134 0 642377 2575.88
135 0 641685 2566.02
136 0 633470 2331.45
137 0 633319 2566.1
138 0 643654 672.556
139 0 644900 783.349
140 0 645068 759.294
141 0 645760 745.248
142 0 644909 758.012
143 0 645181 836.098
144 0 6.90169e-310 5
145 0 6.90169e-310 5
146 0 673381 641.572
147 0 673120 838.522
148 0 671823 536.426
149 0 663502 507.354
150 0 671224 533.43
151 0 664642 686.948
152 0 664422 550.074
153 0 665601 654.315
154 0 664366 498.172
155 0 664586 667.997
156 0 6.90169e-310 5
157 0 6.90169e-310 5
158 0 6.90169e-310 5
159 0 6.90169e-310 5
