0 0 6.94265e-310 5
1 0 4.70085e-316 5
2 0 -213315 2730.59
3 0 -190991 5108.85
4 0 -208776 2767.48
5 0 -185180 4466.17
6 0 -214300 2800.7
7 0 -180845 4477.32
8 0 -216375 2843.28
9 0 -185666 4792.25
10 0 -216298 2972.63
11 0 -192645 4004.76
12 0 -218797 2662.24
13 0 -201962 4272.74
14 0 -226597 2734.93
15 0 -199712 4137.07
16 0 -174859 2681.36
17 0 -156992 4855.97
18 0 -182076 2825.67
19 0 -152283 4822.1
20 0 -184347 2728.03
21 0 -150558 4759.97
22 0 6.94265e-310 5
23 0 6.94265e-310 5
24 0 -183339 2822.46
25 0 -154786 4220.78
26 0 -183395 2684.69
27 0 -145549 4722.67
28 0 6.94265e-310 5
29 0 6.94265e-310 5
30 0 6.94265e-310 5
31 0 6.94265e-310 5
32 0 -161990 3075.47
33 0 -142708 4372.81
34 0 -165349 2894.72
35 0 -142699 5482.92
36 0 -175071 2701.92
37 0 -146655 4877.95
38 0 -171977 2617.51
39 0 -141706 4573.89
40 0 -168384 2805.94
41 0 -144984 4957.26
42 0 -175768 2926.64
43 0 -146784 4596.41
44 0 6.94265e-310 5
45 0 6.94265e-310 5
46 0 6.94265e-310 5
47 0 6.94265e-310 5
48 0 -156114 2757.16
49 0 -138208 4367.75
50 0 -159495 2617.89
51 0 -140323 4081.92
52 0 -158741 2667.92
53 0 -131554 4157.55
54 0 -158180 2808.52
55 0 -128414 5630.57
56 0 -153563 2666.95
57 0 -131855 4203.01
58 0 -154839 2709.06
59 0 -127921 4541.01
60 0 6.94265e-310 5
61 0 6.94265e-310 5
62 0 6.94265e-310 5
63 0 6.94265e-310 5
64 0 6.94265e-310 5
65 0 6.94265e-310 5
66 0 586995 3207.03
67 0 578719 2852.87
68 0 587671 3231.52
69 0 587203 2963.67
70 0 578688 3026.31
71 0 587196 2942.32
72 0 571672 3374.03
73 0 579337 3339.01
74 0 579105 3288.75
75 0 571747 3342.9
76 0 579184 3262.8
77 0 578008 3131.66
78 0 570858 3143.43
79 0 578975 3202.1
80 0 6.94265e-310 5
81 0 6.94265e-310 5
82 0 603776 2843.5
83 0 603732 3148.52
84 0 603587 2629.66
85 0 603584 2530.09
86 0 603474 2941.24
87 0 604403 2865.99
88 0 595852 2579.66
89 0 596179 2870.8
90 0 596917 2809.34
91 0 595609 2780.39
92 0 6.94265e-310 5
93 0 6.94265e-310 5
94 0 6.94265e-310 5
95 0 6.94265e-310 5
96 0 6.94265e-310 5
97 0 6.94265e-310 5
98 0 623122 2419.99
99 0 622894 2481.18
100 0 623534 2579.17
101 0 622686 2283.29
102 0 621496 2353.78
103 0 621789 1782.65
104 0 614195 2894.76
105 0 613171 2838.05
106 0 613494 2868.17
107 0 613776 2816.86
108 0 615665 2649.03
109 0 615725 2920.79
110 0 615317 3052.76
111 0 615589 2691.07
112 0 6.94265e-310 5
113 0 6.94265e-310 5
114 0 642772 2934.06
115 0 640825 3097.56
116 0 642856 2790.3
117 0 642226 2828.28
118 0 641781 2548.68
119 0 641603 2626.6
120 0 623324 2443.54
121 0 630883 2290.98
122 0 633253 2950.28
123 0 623816 2793.82
124 0 631745 2796.07
125 0 632774 3023.62
126 0 633063 3445.61
127 0 632422 3565.1
128 0 6.94265e-310 5
129 0 6.94265e-310 5
130 0 650270 3478.44
131 0 659145 3750.64
132 0 659377 3861.96
133 0 657613 3060.44
134 0 659249 2983.45
135 0 658422 2939.89
136 0 650372 2653.41
137 0 650092 3038.38
138 0 660912 1482.8
139 0 661695 1206.76
140 0 661313 894.148
141 0 661725 777.747
142 0 661714 1184.82
143 0 661297 896.158
144 0 6.94265e-310 5
145 0 6.94265e-310 5
146 0 674237 1280.18
147 0 674104 1351.86
148 0 672322 857.613
149 0 663929 822.199
150 0 671521 687.002
151 0 665326 1019.75
152 0 664608 662.108
153 0 666474 1135.03
154 0 664551 612.555
155 0 665395 1077.5
156 0 6.94265e-310 5
157 0 6.94265e-310 5
158 0 6.94265e-310 5
159 0 6.94265e-310 5
