0 0 3.77685e-316 5
1 0 5.53922e-316 5
2 0 -228756 6981.93
3 0 -205932 8737.64
4 0 -223571 6777.26
5 0 -201392 7082.19
6 0 -230041 6148.07
7 0 -195736 7767.71
8 0 -230612 9261.92
9 0 -201120 7747.82
10 0 -233465 7545.93
11 0 -209799 8510.7
12 0 -235836 5945.99
13 0 -218986 7271
14 0 -242387 7139.04
15 0 -215174 7237.21
16 0 -192313 8529.96
17 0 -172640 10382.3
18 0 -198647 7042.18
19 0 -168199 9653.87
20 0 -202066 6156.49
21 0 -167679 6997.43
22 0 3.62186e-316 5
23 0 3.21651e-316 5
24 0 -200100 7201.26
25 0 -172180 6244.63
26 0 -201090 6231.5
27 0 -163036 7305.62
28 0 3.63131e-316 5
29 0 3.56086e-316 5
30 0 3.52366e-316 5
31 0 5.55305e-316 5
32 0 -179679 9083.93
33 0 -159125 7955.19
34 0 -162807 3744.2
35 0 -160312 7844.59
36 0 -173227 4139.85
37 0 -165449 6827.06
38 0 -169316 4024.42
39 0 -159189 6726.11
40 0 -186901 6812.18
41 0 -162856 6860.59
42 0 -193973 5408.66
43 0 -164705 6863.62
44 0 3.54771e-316 5
45 0 3.06333e-316 5
46 0 6.94281e-310 5
47 0 6.94281e-310 5
48 0 -154173 3650.6
49 0 -155391 8100.33
50 0 -178683 5758.9
51 0 -159008 6263.33
52 0 -176784 7259.86
53 0 -150408 6361.31
54 0 -176851 5894.02
55 0 -147351 7490.34
56 0 -172006 6520.43
57 0 -150129 7879.79
58 0 -173459 5268.36
59 0 -146382 6691.43
60 0 6.70974e-316 5
61 0 6.70802e-316 5
62 0 6.71197e-316 5
63 0 6.71247e-316 5
64 0 6.70771e-316 5
65 0 6.71351e-316 5
66 0 570900 3434.45
67 0 563067 3574.65
68 0 571491 3266.99
69 0 571070 3502.8
70 0 562476 3007.44
71 0 570992 2995.31
72 0 555439 3446.92
73 0 563125 3435.74
74 0 563109 3571.83
75 0 555567 3470.31
76 0 563453 3888.46
77 0 562087 3264.79
78 0 555294 3845.79
79 0 563312 3818.85
80 0 6.72489e-316 5
81 0 6.72658e-316 5
82 0 587038 5457.23
83 0 588276 3814.89
84 0 588015 2981.3
85 0 588252 3025.68
86 0 587753 3321.91
87 0 588746 3198.41
88 0 579959 2693.83
89 0 580428 3083.52
90 0 580983 2875
91 0 579608 2903.63
92 0 580420 2506.52
93 0 580549 2611.05
94 0 581675 2550.93
95 0 579240 2330.1
96 0 6.73794e-316 5
97 0 6.73963e-316 5
98 0 607067 2398.08
99 0 606826 2441.72
100 0 608353 2966.6
101 0 606693 2194.44
102 0 606030 2722.2
103 0 606358 2313.11
104 0 598263 4169.79
105 0 597213 4161.18
106 0 597677 3108.13
107 0 597942 3663.74
108 0 599750 3159.83
109 0 599765 3871.83
110 0 599103 3194.67
111 0 599564 2993.41
112 0 6.75097e-316 5
113 0 6.75267e-316 5
114 0 626561 3257.49
115 0 624515 3338.25
116 0 626865 2960.8
117 0 626120 3074.88
118 0 626106 2869.52
119 0 625905 2884.99
120 0 607961 2924.33
121 0 615081 2524.45
122 0 617440 3598.33
123 0 607608 4195.86
124 0 615565 3231.43
125 0 616714 3070.41
126 0 616666 4205.54
127 0 615956 3978.45
128 0 6.76405e-316 5
129 0 6.76221e-316 5
130 0 634144 3521.21
131 0 642976 4006.76
132 0 643834 5085.39
133 0 641601 3219.52
134 0 643295 3525.48
135 0 642727 3570.18
136 0 634931 3887.65
137 0 634486 3705.61
138 0 644824 1372.89
139 0 646045 1311.54
140 0 645930 1157.16
141 0 647126 1489.88
142 0 646064 1264.52
143 0 646474 1416.33
144 0 6.77709e-316 5
145 0 6.77601e-316 5
146 0 674274 1219.62
147 0 674316 1374.2
148 0 672330 841.311
149 0 664019 829.621
150 0 671885 1004.85
151 0 665582 1077.82
152 0 665212 955.498
153 0 666440 1063.59
154 0 665036 971.24
155 0 665555 1069.45
156 0 6.78671e-316 5
157 0 6.78842e-316 5
158 0 6.78896e-316 5
159 0 6.78943e-316 5
