0 0 6.90396e-310 5
1 0 3.8074e-316 5
2 0 -299100 8319.61
3 0 -326307 20069.6
4 0 -193158 6043.78
5 0 -325837 18537.9
6 0 -199528 6039.12
7 0 -320719 11256.4
8 0 -200535 5387.45
9 0 -324737 23278.1
10 0 -222890 10858.8
11 0 -333519 15803.7
12 0 -202210 3910.53
13 0 -312228 5896.53
14 0 -321882 6273.2
15 0 -321299 7238.91
16 0 -158802 3525.45
17 0 -320861 5047.58
18 0 -324192 3743.24
19 0 -223812 9408.74
20 0 -168712 4184.15
21 0 -305708 19378.1
22 0 6.90396e-310 5
23 0 6.90396e-310 5
24 0 -166285 3567.54
25 0 -128458 29955.8
26 0 -166930 2043.16
27 0 -129590 5511.01
28 0 6.90396e-310 5
29 0 6.90396e-310 5
30 0 6.90396e-310 5
31 0 6.90396e-310 5
32 0 -145560 2655.05
33 0 -125953 4612.05
34 0 -148908 2528.45
35 0 -129813 9127.96
36 0 -159096 4983.91
37 0 -313044 2261.74
38 0 -233490 29343.8
39 0 -307559 4802.42
40 0 -152132 2733.84
41 0 -104088 31457.8
42 0 -159766 3203.94
43 0 -129779 4831.4
44 0 6.90396e-310 5
45 0 6.90396e-310 5
46 0 6.90396e-310 5
47 0 6.90396e-310 5
48 0 -229303 9875.53
49 0 -195796 3156.17
50 0 -143851 3659.06
51 0 -289321 31554.7
52 0 -143111 4141.35
53 0 -150717 4424.95
54 0 -142562 3200.45
55 0 -86917.4 28688.1
56 0 -137891 3761.69
57 0 -108088 5256.38
58 0 -286981 6606.23
59 0 -138378 8997.29
60 0 6.90396e-310 5
61 0 6.90396e-310 5
62 0 6.90396e-310 5
63 0 6.90396e-310 5
64 0 6.90396e-310 5
65 0 6.90396e-310 5
66 0 585411 2261.23
67 0 585247 2230.68
68 0 585845 2129.96
69 0 585554 2195.05
70 0 585055 1960.58
71 0 585428 2097.96
72 0 570291 2089.66
73 0 577707 2105.13
74 0 578169 1937.62
75 0 570456 2032.23
76 0 578673 2022.95
77 0 577194 1872.38
78 0 570783 2039.13
79 0 578608 2022.27
80 0 6.90396e-310 5
81 0 6.90396e-310 5
82 0 603777 1905.09
83 0 603616 1915.75
84 0 602769 1828.17
85 0 602552 1784.33
86 0 602594 1535.26
87 0 603488 1764.91
88 0 594843 1449.32
89 0 595454 1531.87
90 0 587981 1607.62
91 0 594553 1473.63
92 0 595461 1842.89
93 0 595306 1607.43
94 0 596149 1895.88
95 0 594047 1779.35
96 0 6.90396e-310 5
97 0 6.90396e-310 5
98 0 613341 2012.82
99 0 621157 1911.29
100 0 622409 2530.44
101 0 620879 1941.27
102 0 619037 3903.47
103 0 617729 5493.3
104 0 613489 3197.49
105 0 611655 3889.68
106 0 612941 3018.92
107 0 613065 3082.73
108 0 615316 2608.37
109 0 615302 3104.69
110 0 614633 2394.07
111 0 614919 2577.92
112 0 6.90396e-310 5
113 0 6.90396e-310 5
114 0 641398 2479.66
115 0 640077 2283.77
116 0 641071 2293.41
117 0 640571 2454.21
118 0 640293 2075.4
119 0 640119 2194.52
120 0 630836 1972.64
121 0 630683 1933.09
122 0 631473 2025.67
123 0 630506 1943.99
124 0 621830 2012.35
125 0 630549 2103.83
126 0 631029 2272.36
127 0 622408 2326.45
128 0 6.90396e-310 5
129 0 6.90396e-310 5
130 0 656886 2785.71
131 0 657294 2482.51
132 0 658264 2819.23
133 0 655990 2907.22
134 0 656629 4998.67
135 0 656921 3773.86
136 0 644845 775.103
137 0 668768 8693.62
138 0 659114 713.751
139 0 660530 622.528
140 0 660866 523.997
141 0 661434 900.508
142 0 660622 662.269
143 0 661007 660.899
144 0 6.90396e-310 5
145 0 6.90396e-310 5
146 0 672863 413.079
147 0 672747 679.049
148 0 671583 467.814
149 0 670859 396.626
150 0 670799 402.566
151 0 672321 584.284
152 0 663959 539
153 0 665193 609.157
154 0 663917 475.758
155 0 664285 459.796
156 0 6.90396e-310 5
157 0 6.90396e-310 5
158 0 6.90396e-310 5
159 0 6.90396e-310 5
