0 0 6.91299e-310 5
1 0 6.21441e-316 5
2 0 -207278 2509.81
3 0 -227031 4262.61
4 0 -245181 3006.77
5 0 -221461 4669.76
6 0 -250366 2924.24
7 0 -174555 5446.99
8 0 -253029 2788.69
9 0 -221979 4367.02
10 0 -253777 2459.33
11 0 -229552 3849.59
12 0 -254993 3153.68
13 0 -237901 4146.35
14 0 -221031 2712.88
15 0 -235996 4067.74
16 0 -169017 2340.58
17 0 -192302 4586.66
18 0 -218705 3166.27
19 0 -188614 6121.84
20 0 -221048 3024.94
21 0 -187086 4490.01
22 0 6.91299e-310 5
23 0 6.91299e-310 5
24 0 -220622 3049.37
25 0 -190876 4356.68
26 0 -177849 2780.43
27 0 -181550 5494.48
28 0 6.91299e-310 5
29 0 6.91299e-310 5
30 0 6.91299e-310 5
31 0 6.91299e-310 5
32 0 -156307 3107.35
33 0 -178842 4446.53
34 0 -201320 3102.09
35 0 -178639 4769.71
36 0 -169138 2478.06
37 0 -183253 4410.64
38 0 -209067 2813.81
39 0 -177953 5554.43
40 0 -205890 2537.6
41 0 -181500 4025.81
42 0 -211136 3893.49
43 0 -183228 5111.79
44 0 6.91299e-310 5
45 0 6.91299e-310 5
46 0 6.91299e-310 5
47 0 6.91299e-310 5
48 0 -191916 3710.95
49 0 -174350 4250.65
50 0 -153402 2397.88
51 0 -176792 4251.67
52 0 -152816 2424.4
53 0 -125533 3679.48
54 0 -195126 3265.74
55 0 -165033 5518.34
56 0 -190191 2734.36
57 0 -168256 4131.41
58 0 -192175 2531.77
59 0 -122054 4556.79
60 0 6.91299e-310 5
61 0 6.91299e-310 5
62 0 6.91299e-310 5
63 0 6.91299e-310 5
64 0 6.91299e-310 5
65 0 6.91299e-310 5
66 0 586458 2674.17
67 0 586031 2385.94
68 0 587556 2730.7
69 0 586839 2758.72
70 0 587935 3570.94
71 0 587798 3161.26
72 0 580061 3461.8
73 0 580347 3726.74
74 0 579180 2890.78
75 0 579748 3153.89
76 0 579423 2888.01
77 0 578220 2857.01
78 0 579116 2725.14
79 0 579211 2785.73
80 0 6.91299e-310 5
81 0 6.91299e-310 5
82 0 603864 2535.27
83 0 596007 2703.14
84 0 603269 3066.57
85 0 603056 2878.15
86 0 595686 2796.45
87 0 604255 2896.39
88 0 596104 2631.11
89 0 596612 2859.08
90 0 597166 2799
91 0 595757 2806.58
92 0 589014 3039.18
93 0 596852 2886.2
94 0 599175 3485.63
95 0 588556 3302.84
96 0 6.91299e-310 5
97 0 6.91299e-310 5
98 0 624068 3128.95
99 0 624292 3354.54
100 0 615526 2489.97
101 0 614990 2608.76
102 0 621010 2401.48
103 0 612737 2324.97
104 0 614264 3002.91
105 0 613029 2706.26
106 0 605600 2697.84
107 0 613867 2683
108 0 615666 3012.95
109 0 615836 2960.11
110 0 616164 3322.54
111 0 615881 3128.41
112 0 6.91299e-310 5
113 0 6.91299e-310 5
114 0 643980 3456.65
115 0 642144 3198.1
116 0 643252 2965.01
117 0 635234 3318.5
118 0 641637 2482.09
119 0 641884 2755.17
120 0 631529 2292.48
121 0 630794 2047.01
122 0 632906 2589.28
123 0 631339 2219.7
124 0 632973 3270.3
125 0 632681 2779.34
126 0 633443 3479.02
127 0 633757 3804.94
128 0 6.91299e-310 5
129 0 6.91299e-310 5
130 0 658121 2786.9
131 0 658902 3075.83
132 0 658991 2779.22
133 0 657539 2623.86
134 0 659146 2509.9
135 0 658659 2721.6
136 0 649570 2552
137 0 649976 2559.67
138 0 660830 1411.16
139 0 662224 1453.27
140 0 662409 1357.32
141 0 662988 1444.86
142 0 662223 1388.65
143 0 662357 1349.93
144 0 6.91299e-310 5
145 0 6.91299e-310 5
146 0 674491 1393.81
147 0 666241 1355.13
148 0 673281 1366.61
149 0 672890 1423.95
150 0 672543 1394.97
151 0 674357 1437.43
152 0 665965 1458.09
153 0 667014 1470.37
154 0 665852 1518.67
155 0 666202 1476.76
156 0 6.91299e-310 5
157 0 6.91299e-310 5
158 0 6.91299e-310 5
159 0 6.91299e-310 5
