0 0 6.93064e-310 5
1 0 5.03385e-316 5
2 0 -210987 2683.41
3 0 -188270 4198.37
4 0 -206231 2539.79
5 0 -182520 4276.96
6 0 -211955 2631.78
7 0 -178210 4460.47
8 0 -213755 2584.3
9 0 -183216 4577.22
10 0 -213887 2921.29
11 0 -190001 3910.2
12 0 -216507 2757.98
13 0 -199471 4075.6
14 0 -224196 2618.01
15 0 -197225 4185.21
16 0 -216234 2198.04
17 0 -154449 4681.29
18 0 -179490 2598.04
19 0 -150149 5002.46
20 0 -181994 2650.55
21 0 -148022 4414.04
22 0 6.93064e-310 5
23 0 6.93064e-310 5
24 0 -180823 2632.79
25 0 -152506 4188.74
26 0 -181256 2717.61
27 0 -143164 4737.2
28 0 6.93064e-310 5
29 0 6.93064e-310 5
30 0 6.93064e-310 5
31 0 6.93064e-310 5
32 0 -159503 2795.59
33 0 -140431 4470.44
34 0 -162905 2758.45
35 0 -140317 4878.11
36 0 -172345 2374.03
37 0 -144922 5041
38 0 -169509 2482.37
39 0 -139369 4774.32
40 0 -166218 2711.1
41 0 -142570 4559.11
42 0 -173244 2600.99
43 0 -144488 4522.67
44 0 6.93064e-310 5
45 0 6.93064e-310 5
46 0 6.93064e-310 5
47 0 6.93064e-310 5
48 0 -153437 2516.23
49 0 -136142 4580.8
50 0 -157033 2348.27
51 0 -137909 3834.73
52 0 -156287 2379.92
53 0 -128836 3445.69
54 0 -155652 2714.18
55 0 -125890 5483.8
56 0 -150863 2376.12
57 0 -129266 4187.85
58 0 -152280 2374.53
59 0 -125311 4629.25
60 0 6.93064e-310 5
61 0 6.93064e-310 5
62 0 6.93064e-310 5
63 0 6.93064e-310 5
64 0 6.93064e-310 5
65 0 6.93064e-310 5
66 0 569460 2269.85
67 0 569264 2147.4
68 0 570105 2196.99
69 0 569716 2328.08
70 0 569297 2469.09
71 0 561890 2445.36
72 0 561903 2896.04
73 0 561701 2891
74 0 561665 2802.44
75 0 562032 2971.39
76 0 561680 2812.81
77 0 560632 2622.7
78 0 561521 2624.73
79 0 561622 2671.74
80 0 6.93064e-310 5
81 0 6.93064e-310 5
82 0 586230 2439.11
83 0 586444 2602.09
84 0 586269 2299.4
85 0 585966 2217.35
86 0 585916 2801.68
87 0 586743 2679.24
88 0 570208 2708.6
89 0 578882 2421.6
90 0 579568 2735.52
91 0 570320 2498.71
92 0 579616 2698.61
93 0 579227 2844.39
94 0 581074 3067.22
95 0 578302 2631.29
96 0 6.93064e-310 5
97 0 6.93064e-310 5
98 0 606429 2613.34
99 0 606468 3093.09
100 0 606446 2212.89
101 0 605413 1970.85
102 0 604086 2107.87
103 0 604152 1347.47
104 0 588723 2425.82
105 0 595678 2394.66
106 0 595928 2460.25
107 0 588144 2549.17
108 0 598423 2726.23
109 0 598293 2625.53
110 0 597542 2662.11
111 0 597953 2823.27
112 0 6.93064e-310 5
113 0 6.93064e-310 5
114 0 625758 3191.8
115 0 623564 2699.04
116 0 626264 2870.6
117 0 625250 3087.61
118 0 624581 2032.1
119 0 624970 2575.85
120 0 614379 1939.89
121 0 614018 1851.73
122 0 615500 2149.31
123 0 614284 2032.79
124 0 614038 2694.27
125 0 614910 2300.32
126 0 614815 2852.39
127 0 614360 3155.36
128 0 6.93064e-310 5
129 0 6.93064e-310 5
130 0 640568 2614.29
131 0 640975 2652.23
132 0 641553 2642.48
133 0 639714 2297.73
134 0 641467 2431.9
135 0 640973 2476.21
136 0 632691 2397.66
137 0 632452 2454.45
138 0 635083 659.729
139 0 644405 612.063
140 0 644526 621.636
141 0 645294 711.997
142 0 644478 626.271
143 0 644627 675.815
144 0 6.93064e-310 5
145 0 6.93064e-310 5
146 0 672718 654.523
147 0 672629 680.7
148 0 671446 492.469
149 0 670781 573.41
150 0 670426 585.137
151 0 672245 571.142
152 0 663963 589.801
153 0 665166 584.946
154 0 663673 602.169
155 0 664240 480.001
156 0 6.93064e-310 5
157 0 6.93064e-310 5
158 0 6.93064e-310 5
159 0 6.93064e-310 5
