0 0 6.9378e-310 5
1 0 4.91604e-316 5
2 0 -285088 30413.8
3 0 -177692 26832.8
4 0 -115955 8242.49
5 0 -286990 3868.88
6 0 -302047 1886.7
7 0 -186512 3885.77
8 0 -262374 6557.04
9 0 -316602 3432.03
10 0 -235935 2915.52
11 0 -273166 2884.37
12 0 -123000 32151.1
13 0 -202834 2320.32
14 0 -154289 26887.7
15 0 -204043 31596.5
16 0 -115500 1698.23
17 0 -176783 4487.26
18 0 -163874 3889.25
19 0 -323197 742.525
20 0 -209667 4740.08
21 0 -212219 10110.1
22 0 6.9378e-310 5
23 0 6.9378e-310 5
24 0 -166592 2879.1
25 0 -96910 28399.5
26 0 -162741 3175.88
27 0 -194516 1494.2
28 0 6.9378e-310 5
29 0 6.9378e-310 5
30 0 6.9378e-310 5
31 0 6.9378e-310 5
32 0 -296844 996.137
33 0 -158468 3849.11
34 0 -179812 1992.27
35 0 -261665 2248.63
36 0 -214989 16877.4
37 0 -137812 1992.27
38 0 -154092 1473.19
39 0 -188500 0.218871
40 0 -305000 2079.73
41 0 -150753 3763.53
42 0 -196952 16574.3
43 0 -109550 2356.48
44 0 6.9378e-310 5
45 0 6.9378e-310 5
46 0 6.9378e-310 5
47 0 6.9378e-310 5
48 0 -242000 1698.63
49 0 -252356 23733.2
50 0 -140180 7118.49
51 0 -317178 5378.32
52 0 -169670 4046.93
53 0 -138620 6076.07
54 0 -158876 16571.5
55 0 -301000 1698.66
56 0 -191164 5349.35
57 0 -146817 4117.29
58 0 -250500 0.164868
59 0 -169696 1378.93
60 0 6.9378e-310 5
61 0 6.9378e-310 5
62 0 6.9378e-310 5
63 0 6.9378e-310 5
64 0 6.9378e-310 5
65 0 6.9378e-310 5
66 0 571791 2412.64
67 0 571670 2588.89
68 0 572229 2432.17
69 0 571934 2355.69
70 0 563431 2173.17
71 0 571795 2257.78
72 0 564574 2207.74
73 0 564001 2188.68
74 0 564540 2201.77
75 0 600865 2049.04
76 0 595966 1310.91
77 0 586765 1109.84
78 0 589102 1510.13
79 0 591425 2011.4
80 0 6.9378e-310 5
81 0 6.9378e-310 5
82 0 615661 2100.33
83 0 617274 1157.37
84 0 589315 1710.37
85 0 613442 1784.79
86 0 589125 1819.43
87 0 623174 1172.3
88 0 581465 1697.58
89 0 582130 1635.82
90 0 582541 1860.11
91 0 581298 1725.13
92 0 581724 1897.02
93 0 581887 1845.24
94 0 582753 2042.08
95 0 580601 1879.29
96 0 6.9378e-310 5
97 0 6.9378e-310 5
98 0 607855 2170.4
99 0 607739 2062.82
100 0 609391 3148.64
101 0 607521 2151.06
102 0 606978 3583.71
103 0 629852 769.15
104 0 622623 696.31
105 0 629188 1316.93
106 0 599863 3297.71
107 0 624924 1459.45
108 0 601927 2736.04
109 0 602643 2493.41
110 0 601313 2656.4
111 0 630634 1029.86
112 0 6.9378e-310 5
113 0 6.9378e-310 5
114 0 627987 2572.14
115 0 626791 2457.05
116 0 627724 2548.25
117 0 627265 2583.93
118 0 618977 2359.59
119 0 626760 2404.68
120 0 617630 2331.93
121 0 617439 2268.36
122 0 618150 2269.58
123 0 617153 2339.48
124 0 616470 2212.45
125 0 609273 2228.53
126 0 617923 2357.55
127 0 650390 954.474
128 0 6.9378e-310 5
129 0 6.9378e-310 5
130 0 635688 2463.88
131 0 644315 2426.92
132 0 671835 1023.19
133 0 672002 859.509
134 0 669768 1351.69
135 0 644854 2877.56
136 0 660013 826.059
137 0 626359 4834.32
138 0 645630 925.464
139 0 647115 969.408
140 0 639544 889.831
141 0 647968 1220.12
142 0 646939 795.734
143 0 639559 969.495
144 0 6.9378e-310 5
145 0 6.9378e-310 5
146 0 674967 443.589
147 0 675036 820.403
148 0 673775 452.384
149 0 673267 590.53
150 0 673008 473.268
151 0 674598 658.233
152 0 666472 754.147
153 0 667623 797.292
154 0 666555 745.916
155 0 666915 758.162
156 0 6.9378e-310 5
157 0 6.9378e-310 5
158 0 6.9378e-310 5
159 0 6.9378e-310 5
