0 0 6.91786e-310 5
1 0 5.70282e-316 5
2 0 -357507 20983.1
3 0 -312607 23553.5
4 0 -337042 20826.9
5 0 -171615 8457.81
6 0 -199344 4057.09
7 0 -199101 7740.18
8 0 -282241 30801.5
9 0 -312923 11183.7
10 0 -200468 2573.05
11 0 -217723 5816.16
12 0 -257503 32711.1
13 0 -186465 4939.05
14 0 -349356 20440
15 0 -184917 5746.59
16 0 -160504 3604.41
17 0 -285997 31415.8
18 0 -359689 30689.8
19 0 -137589 7105.3
20 0 -169112 3108.15
21 0 -215374 6002.48
22 0 6.91786e-310 5
23 0 6.91786e-310 5
24 0 -167062 2724.94
25 0 -138436 3532.81
26 0 -166663 2491.04
27 0 -128930 4699.28
28 0 6.91786e-310 5
29 0 6.91786e-310 5
30 0 6.91786e-310 5
31 0 6.91786e-310 5
32 0 -145714 2256.06
33 0 -126290 5997.41
34 0 -149308 2367.89
35 0 -275466 6016.69
36 0 -158970 2556.16
37 0 -131523 6338.83
38 0 -157132 3612.68
39 0 -126014 6048.18
40 0 -153795 3502.04
41 0 -130214 3197.17
42 0 -159679 2435.17
43 0 -131304 4756.9
44 0 6.91786e-310 5
45 0 6.91786e-310 5
46 0 6.91786e-310 5
47 0 6.91786e-310 5
48 0 -244509 5342.55
49 0 -171860 4146.31
50 0 -145145 3044.71
51 0 -125758 4879.38
52 0 -143402 2933.93
53 0 -114992 3773.15
54 0 -142536 2579.7
55 0 -137992 9814.52
56 0 -138446 2783.24
57 0 -236100 30331.7
58 0 -137792 1939.98
59 0 -115721 5598.68
60 0 6.91786e-310 5
61 0 6.91786e-310 5
62 0 6.91786e-310 5
63 0 6.91786e-310 5
64 0 6.91786e-310 5
65 0 6.91786e-310 5
66 0 569761 2501.49
67 0 561764 2713.94
68 0 570055 2264.79
69 0 569850 2384.41
70 0 561197 2089.02
71 0 569630 2233.03
72 0 554445 2222.32
73 0 561883 2221.53
74 0 562443 2122.86
75 0 554613 2173.64
76 0 562852 2178.73
77 0 561423 2029.15
78 0 554862 2154.46
79 0 562782 2133.74
80 0 6.91786e-310 5
81 0 6.91786e-310 5
82 0 588027 2012.07
83 0 587777 2112.73
84 0 586834 1755.44
85 0 586768 1830.33
86 0 586849 1730.63
87 0 587662 1818.82
88 0 579088 1562.11
89 0 579655 1686.21
90 0 580138 1750.35
91 0 578825 1630.95
92 0 579403 1863.27
93 0 579586 1796
94 0 580429 2071.95
95 0 578237 1817.04
96 0 6.91786e-310 5
97 0 6.91786e-310 5
98 0 605572 2118.68
99 0 605448 2067.8
100 0 607169 3046.75
101 0 605176 2054.72
102 0 602216 5361.57
103 0 672985 17177.4
104 0 598103 3242.02
105 0 595913 4308.81
106 0 597334 2946.76
107 0 597859 2819.44
108 0 599784 2682.53
109 0 600043 3100.58
110 0 598955 2523.96
111 0 599365 2600.25
112 0 6.91786e-310 5
113 0 6.91786e-310 5
114 0 625795 2589
115 0 624502 2491.24
116 0 625473 2479.41
117 0 624990 2577.31
118 0 624865 2375.8
119 0 624517 2362.48
120 0 607431 2309.55
121 0 615386 2427.2
122 0 615868 2218.17
123 0 606965 2188.72
124 0 614128 2155.79
125 0 614895 2263.81
126 0 615504 2386.4
127 0 614729 2401.61
128 0 6.91786e-310 5
129 0 6.91786e-310 5
130 0 633438 2653.71
131 0 641679 2605.94
132 0 642731 2927.17
133 0 640520 2864.9
134 0 642615 3732.59
135 0 642281 3065.82
136 0 587072 17.4123
137 0 636473 5230.07
138 0 643337 873.992
139 0 644832 943.474
140 0 645285 878.614
141 0 645791 1110.95
142 0 644844 803.228
143 0 645377 952.671
144 0 6.91786e-310 5
145 0 6.91786e-310 5
146 0 672911 479.911
147 0 672941 829.872
148 0 671561 509.346
149 0 662936 429.58
150 0 670895 445.771
151 0 664322 622.669
152 0 664105 651.753
153 0 665347 752.596
154 0 664166 635.834
155 0 664459 563.63
156 0 6.91786e-310 5
157 0 6.91786e-310 5
158 0 6.91786e-310 5
159 0 6.91786e-310 5
