0 0 6.9056e-310 5
1 0 4.1151e-316 5
2 0 -211859 2506.83
3 0 -189697 4847.71
4 0 -206825 2462.92
5 0 -183573 4002.37
6 0 -212916 2709.07
7 0 -179082 4528.19
8 0 -214862 2620.17
9 0 -184260 4743.4
10 0 -214590 2896.06
11 0 -191010 3735.52
12 0 -217763 2524.2
13 0 -247384 4361.76
14 0 -225581 2711.47
15 0 -197980 4298.17
16 0 -173289 2524.87
17 0 -155865 4947.63
18 0 -180370 2581.76
19 0 -151417 5272.77
20 0 -182983 2502.26
21 0 -149554 4640.54
22 0 6.9056e-310 5
23 0 6.9056e-310 5
24 0 -181731 2643.98
25 0 -153394 4033.49
26 0 -182407 2971.25
27 0 -143954 5752.4
28 0 -122441 29.838
29 0 -118384 1948.31
30 0 -132828 7869.45
31 0 6.9056e-310 5
32 0 -160661 2908.37
33 0 -141868 4599.23
34 0 -164033 2985.1
35 0 -140842 5814.3
36 0 -174138 2923.24
37 0 -145647 5460.7
38 0 -170718 2574.56
39 0 -140600 5298.1
40 0 -167279 2657.26
41 0 -144175 4499.56
42 0 -174311 2384.78
43 0 -145909 4828.84
44 0 -105036 296.164
45 0 6.9056e-310 5
46 0 -194943 4830.02
47 0 6.9056e-310 5
48 0 -154962 2743.56
49 0 -136571 4032.22
50 0 -158112 2423.28
51 0 -139106 4022.92
52 0 -157308 2297.45
53 0 -130076 3697.95
54 0 -156747 2912.19
55 0 -173867 5696.85
56 0 -152013 2402.39
57 0 -130351 4174.78
58 0 -153569 2419.6
59 0 -127058 5361.47
60 0 -168222 7681.67
61 0 -185500 0.282347
62 0 6.9056e-310 5
63 0 6.9056e-310 5
64 0 6.9056e-310 5
65 0 6.9056e-310 5
66 0 569386 2411.46
67 0 569162 2345.57
68 0 569997 2330.68
69 0 569584 2398.7
70 0 569011 2480.68
71 0 561599 2458.78
72 0 561684 3074.29
73 0 561512 2873.72
74 0 561306 3007.75
75 0 561739 2995.27
76 0 594922 1372.24
77 0 560431 2854.24
78 0 561164 2718.42
79 0 561279 2950.68
80 0 6.9056e-310 5
81 0 6.9056e-310 5
82 0 586094 2494.37
83 0 586193 2692.9
84 0 585911 2302.24
85 0 585856 2297.92
86 0 585696 2736.8
87 0 586162 2979.68
88 0 570109 2582.15
89 0 578505 2698.7
90 0 579559 2589.31
91 0 569884 2792.34
92 0 579150 2967.87
93 0 578763 2675.11
94 0 580338 2562.62
95 0 577824 2716.02
96 0 6.9056e-310 5
97 0 6.9056e-310 5
98 0 606085 2511.9
99 0 605954 2731.98
100 0 606475 2427.12
101 0 605175 1949.9
102 0 603923 1953.46
103 0 604182 1410.27
104 0 588496 2608.65
105 0 595293 2602.88
106 0 595813 2649.38
107 0 587851 2495.42
108 0 597799 2802.31
109 0 598268 2837.66
110 0 597724 2718.53
111 0 597673 2693.58
112 0 6.9056e-310 5
113 0 6.9056e-310 5
114 0 625285 3161.06
115 0 623367 2740.35
116 0 625842 3007.37
117 0 625040 3109.73
118 0 624495 2178.94
119 0 624284 2336.76
120 0 614324 2156.67
121 0 614056 2069.97
122 0 615491 2302.51
123 0 614257 2154.17
124 0 613667 2587.61
125 0 614767 2406.47
126 0 614467 3204.25
127 0 614188 2752.02
128 0 6.9056e-310 5
129 0 6.9056e-310 5
130 0 640287 2781.49
131 0 640924 2937.98
132 0 641207 2947.3
133 0 639514 2530.2
134 0 641139 2538.09
135 0 640628 2619.06
136 0 632480 2350.38
137 0 632250 2470.65
138 0 634751 739.686
139 0 644185 884.122
140 0 644443 683.545
141 0 644991 838.138
142 0 644171 832.434
143 0 644510 777.332
144 0 6.9056e-310 5
145 0 6.9056e-310 5
146 0 672634 660.218
147 0 672405 884.597
148 0 671238 580.903
149 0 670587 571.478
150 0 670342 579.878
151 0 671865 750.598
152 0 663609 675.112
153 0 664800 750.402
154 0 663477 626.778
155 0 663868 731.442
156 0 6.9056e-310 5
157 0 6.9056e-310 5
158 0 6.9056e-310 5
159 0 6.9056e-310 5
