0 0 6.91194e-310 5
1 0 6.22561e-316 5
2 0 -212848 2783.98
3 0 -190400 4625.73
4 0 -208281 2684.22
5 0 -184733 4106.23
6 0 -213914 2732.66
7 0 -180266 4742.98
8 0 -215622 2604.18
9 0 -184986 4406.59
10 0 -215675 2749.15
11 0 -192033 4176.83
12 0 -218259 2479.37
13 0 -201461 4273.91
14 0 -226085 2628.68
15 0 -199363 4095.96
16 0 -174412 2653.61
17 0 -156360 5053.92
18 0 -181496 2658.65
19 0 -152090 5303.05
20 0 -183999 2733.43
21 0 -150523 4563.17
22 0 6.91194e-310 5
23 0 6.91194e-310 5
24 0 -182958 2970.37
25 0 -154565 4256.59
26 0 -183164 2702.03
27 0 -145139 5120.91
28 0 6.91194e-310 5
29 0 6.91194e-310 5
30 0 6.91194e-310 5
31 0 6.91194e-310 5
32 0 -161947 3313.55
33 0 -142398 4656.99
34 0 -165025 2995.68
35 0 -142611 4753.49
36 0 -174504 2533.6
37 0 -146765 4744.4
38 0 -171586 2517.83
39 0 -141127 4936.87
40 0 -168169 2748.61
41 0 -144706 4631.24
42 0 -175228 2894
43 0 -146450 4449.31
44 0 6.91194e-310 5
45 0 6.91194e-310 5
46 0 6.91194e-310 5
47 0 6.91194e-310 5
48 0 -155317 2569.2
49 0 -137733 4342.8
50 0 -159092 2590.28
51 0 -140064 3932.61
52 0 -158293 2618.52
53 0 -130999 3629.93
54 0 -157756 2717.32
55 0 -128058 5797.76
56 0 -153030 2500.34
57 0 -131062 4232.14
58 0 -154202 2561.71
59 0 -127658 4622.89
60 0 6.91194e-310 5
61 0 6.91194e-310 5
62 0 6.91194e-310 5
63 0 6.91194e-310 5
64 0 6.91194e-310 5
65 0 6.91194e-310 5
66 0 569868 2621.27
67 0 569709 2550.05
68 0 570598 2654.63
69 0 570120 2661.48
70 0 569533 2710.51
71 0 570073 2547.3
72 0 554367 3197.18
73 0 562103 3241.2
74 0 561799 3202.62
75 0 554455 3172.61
76 0 561947 3246.99
77 0 560753 2958.78
78 0 553644 2896.43
79 0 561747 3079.65
80 0 6.91194e-310 5
81 0 6.91194e-310 5
82 0 586344 2607.53
83 0 586555 2837.34
84 0 585996 2871.75
85 0 585999 2402.63
86 0 586026 2991.02
87 0 586728 3157.21
88 0 578353 2657.1
89 0 578911 2693.5
90 0 571889 2580.8
91 0 578302 2878.93
92 0 579402 2810.61
93 0 579223 2767.85
94 0 580678 2498.04
95 0 578012 2512.67
96 0 6.91194e-310 5
97 0 6.91194e-310 5
98 0 598099 2275.49
99 0 605882 2426.25
100 0 607191 2815.25
101 0 605582 2066.7
102 0 603772 2386.94
103 0 604297 1579.01
104 0 596813 2854.91
105 0 595630 2592.81
106 0 596182 2668.84
107 0 596240 2609.03
108 0 598227 2909.31
109 0 598690 2798.02
110 0 598058 2744.49
111 0 598010 2823.38
112 0 6.91194e-310 5
113 0 6.91194e-310 5
114 0 625524 2751.69
115 0 623865 2731.02
116 0 625519 2418.75
117 0 625096 2644.49
118 0 625007 2335.85
119 0 624520 2305.53
120 0 614541 2276.88
121 0 614385 2179.46
122 0 615954 2512.1
123 0 614717 2455.98
124 0 606204 2413.09
125 0 615185 2338.54
126 0 615276 3298.16
127 0 606890 2918.25
128 0 6.91194e-310 5
129 0 6.91194e-310 5
130 0 640832 3017.36
131 0 641784 2997.13
132 0 641973 3054.93
133 0 639868 2700.6
134 0 641561 2746.94
135 0 641095 2842.18
136 0 632534 2596.37
137 0 632370 2687.87
138 0 643259 952.773
139 0 644679 1031.05
140 0 644588 714.865
141 0 645489 1038.09
142 0 644677 1013.9
143 0 644543 702.257
144 0 6.91194e-310 5
145 0 6.91194e-310 5
146 0 673059 895.069
147 0 672923 1108.36
148 0 671481 581.937
149 0 670988 785.793
150 0 670604 711.52
151 0 672320 885.446
152 0 663921 792.888
153 0 665258 893.523
154 0 663731 740.462
155 0 664393 784.119
156 0 6.91194e-310 5
157 0 6.91194e-310 5
158 0 6.91194e-310 5
159 0 6.91194e-310 5
