0 0 6.9209e-310 5
1 0 6.19361e-316 5
2 0 -208962 2882.62
3 0 -184806 6900.34
4 0 -248271 3729.27
5 0 -223898 4346.49
6 0 -210151 2737.83
7 0 -220010 6101.16
8 0 -212102 2661.34
9 0 -180992 4786.22
10 0 -212373 2902.81
11 0 -232465 5140.9
12 0 -214524 2876.86
13 0 -197256 3698.17
14 0 -222173 2909.71
15 0 -195328 4018.13
16 0 -211873 2317.92
17 0 -194336 4983.64
18 0 -177825 2219.9
19 0 -192366 6170.85
20 0 -180384 2812.53
21 0 -146797 4139.93
22 0 6.9209e-310 5
23 0 6.9209e-310 5
24 0 -179044 3320.37
25 0 -150572 4301.74
26 0 -179720 2449.34
27 0 -141533 4963.57
28 0 -121583 57.1134
29 0 -117900 2501.28
30 0 -130324 8831.24
31 0 6.9209e-310 5
32 0 -158142 3327.23
33 0 -138303 4628.39
34 0 -203290 5280.99
35 0 -138627 5397.31
36 0 -170759 2546.05
37 0 -185552 5826.48
38 0 -167746 2592.16
39 0 -137725 5225.03
40 0 -209785 2962.86
41 0 -141187 4762.2
42 0 -171381 2444.85
43 0 -142349 4045.55
44 0 -104210 346.68
45 0 6.9209e-310 5
46 0 -166517 3478.08
47 0 6.9209e-310 5
48 0 -194458 3815.57
49 0 -175197 5743.81
50 0 -155306 2349.68
51 0 -179378 5522.27
52 0 -155006 2723.61
53 0 -127451 3426.59
54 0 -154076 2900.62
55 0 -123554 5493.14
56 0 -149600 2196.92
57 0 -127109 4398.22
58 0 -150600 2673.58
59 0 -123311 4218.63
60 0 -142628 3464.23
61 0 -244500 0.174919
62 0 6.9209e-310 5
63 0 6.9209e-310 5
64 0 538500 0.265382
65 0 6.9209e-310 5
66 0 586028 2140.64
67 0 577816 2117.49
68 0 586712 2222.77
69 0 586222 2141
70 0 578401 2727.16
71 0 586362 2325.34
72 0 570815 2758.04
73 0 578728 2950.78
74 0 578499 2657.04
75 0 570846 2562.64
76 0 611378 1351.81
77 0 577496 2587.37
78 0 570424 2493.16
79 0 578553 2639.27
80 0 614500 0.0128483
81 0 6.9209e-310 5
82 0 603226 2289.8
83 0 603321 2447.48
84 0 602828 2403.67
85 0 602758 2248.02
86 0 602993 2446.5
87 0 603490 2734.02
88 0 595236 2521.6
89 0 595714 2531.77
90 0 596512 2409.43
91 0 595121 2297.9
92 0 595918 2530.34
93 0 595825 2603.44
94 0 597595 2614.36
95 0 595116 2603.35
96 0 517500 0.264336
97 0 6.9209e-310 5
98 0 623228 2682.34
99 0 622909 2638.32
100 0 623173 2106.42
101 0 622144 2000.82
102 0 620319 2044.31
103 0 620560 1774.13
104 0 613587 2607.58
105 0 612328 2304.83
106 0 612855 2372.32
107 0 613140 2366.61
108 0 614656 2475.33
109 0 615116 2632.68
110 0 614896 2713.21
111 0 614604 2538.82
112 0 597500 0.0128483
113 0 6.9209e-310 5
114 0 642942 3210.24
115 0 640975 2746.25
116 0 642808 2736.62
117 0 642637 3056.81
118 0 641101 2110.1
119 0 641517 2533.58
120 0 622721 1724.35
121 0 630175 1672.21
122 0 631761 1877.27
123 0 622691 1745.47
124 0 631824 3002.08
125 0 631331 2188.93
126 0 631854 3022.22
127 0 632054 3200.9
128 0 642828 498.098
129 0 6.9209e-310 5
130 0 649090 2322.2
131 0 657852 2582.73
132 0 658012 2297.99
133 0 656674 2394.1
134 0 658329 2386.46
135 0 657697 2295.16
136 0 649108 2185.44
137 0 649067 2207.99
138 0 659560 540.579
139 0 660848 646.076
140 0 661194 539.334
141 0 661695 633.431
142 0 660968 640.548
143 0 661274 576.208
144 0 780500 1470.94
145 0 6.9209e-310 5
146 0 673468 496.287
147 0 673298 726.889
148 0 671991 515.465
149 0 663595 497.584
150 0 671386 565.924
151 0 664795 665.39
152 0 664456 500.621
153 0 665573 514.241
154 0 666079 1707.13
155 0 664539 510.612
156 0 6.9209e-310 5
157 0 6.9209e-310 5
158 0 6.9209e-310 5
159 0 6.9209e-310 5
