0 0 6.92527e-310 5
1 0 5.90499e-316 5
2 0 -210485 3043.78
3 0 -187643 4375.68
4 0 -205877 2808.92
5 0 -182209 4082.86
6 0 -211507 2847.81
7 0 -178020 4061.08
8 0 -213235 2651.85
9 0 -181710 4463.57
10 0 -213296 2801.92
11 0 -189667 3934.44
12 0 -215997 2700.39
13 0 -199253 4775.24
14 0 -223714 2708.24
15 0 -196670 4737.98
16 0 -172190 2546.1
17 0 -153353 6614.94
18 0 -227389 3366.04
19 0 -197203 5600.02
20 0 -231134 3212.94
21 0 -147219 4225.79
22 0 6.92527e-310 5
23 0 6.92527e-310 5
24 0 -180228 2418.55
25 0 -151775 4760.68
26 0 -180523 2874.46
27 0 -142311 4711.9
28 0 6.92527e-310 5
29 0 6.92527e-310 5
30 0 6.92527e-310 5
31 0 6.92527e-310 5
32 0 -158903 2956.45
33 0 -188292 4294.13
34 0 -162201 2856.23
35 0 -187238 4784.28
36 0 -171762 2189.13
37 0 -143666 4426.93
38 0 -169280 2982.57
39 0 -139091 4373.11
40 0 -214914 2639.55
41 0 -142560 3693.59
42 0 -173030 2851.37
43 0 -143993 4403.03
44 0 6.92527e-310 5
45 0 6.92527e-310 5
46 0 6.92527e-310 5
47 0 6.92527e-310 5
48 0 -153126 3124.82
49 0 -134842 3824.88
50 0 -156627 2907.39
51 0 -185118 4622.06
52 0 -155418 2583.07
53 0 -128306 4303.89
54 0 -155391 2815.22
55 0 -173505 5313.01
56 0 -150459 2906.92
57 0 -128848 4097.55
58 0 -200456 3261.04
59 0 -124901 4119.6
60 0 6.92527e-310 5
61 0 6.92527e-310 5
62 0 6.92527e-310 5
63 0 6.92527e-310 5
64 0 6.92527e-310 5
65 0 6.92527e-310 5
66 0 570077 2267.11
67 0 569929 2253.07
68 0 570797 2395.31
69 0 570246 2302.93
70 0 570261 2300.18
71 0 570599 2482.93
72 0 563678 2592.02
73 0 603147 1523.87
74 0 563468 2509.96
75 0 594469 1477.32
76 0 595348 1320.33
77 0 562299 2447.42
78 0 563255 2382.01
79 0 563423 2517.61
80 0 6.92527e-310 5
81 0 6.92527e-310 5
82 0 588294 2290.3
83 0 588191 2417.93
84 0 587619 2320.3
85 0 587541 2129.33
86 0 587827 2197.29
87 0 588555 2330.82
88 0 572039 2418.19
89 0 580686 2309.15
90 0 581217 2377.01
91 0 571981 2191.18
92 0 580728 2596.78
93 0 580732 2462.99
94 0 582376 2824.06
95 0 580120 2881.58
96 0 6.92527e-310 5
97 0 6.92527e-310 5
98 0 607214 2465.92
99 0 607377 2744.22
100 0 607795 2408.16
101 0 606322 1909.28
102 0 605398 1773.08
103 0 605335 1380.81
104 0 590715 2105.92
105 0 597387 2253.78
106 0 597727 2244.67
107 0 589959 2404.91
108 0 599877 2478.07
109 0 600226 2466.06
110 0 599310 2417.32
111 0 599407 2447.55
112 0 6.92527e-310 5
113 0 6.92527e-310 5
114 0 626806 2581.42
115 0 624873 2228.76
116 0 626973 2774.22
117 0 618085 2618.63
118 0 625854 2191.54
119 0 625587 2323.79
120 0 615449 2095.17
121 0 615040 1896.3
122 0 616605 2232.24
123 0 615364 2146.67
124 0 615118 2094.7
125 0 616020 2196.98
126 0 616710 2470.95
127 0 616068 2288.64
128 0 6.92527e-310 5
129 0 6.92527e-310 5
130 0 634342 2349.33
131 0 642979 2278.33
132 0 643625 2129.82
133 0 641514 2222.56
134 0 643462 2259.87
135 0 642936 2479.08
136 0 634419 2119.5
137 0 634328 2295.26
138 0 644234 807.303
139 0 645633 734.965
140 0 645736 546.159
141 0 646437 877.374
142 0 645536 737.002
143 0 637728 583.646
144 0 6.92527e-310 5
145 0 6.92527e-310 5
146 0 673770 510.341
147 0 665731 717.531
148 0 672556 471.502
149 0 671887 570.576
150 0 671663 564.038
151 0 673503 594.057
152 0 664953 604.374
153 0 666249 686.174
154 0 664786 579.772
155 0 665438 505.109
156 0 6.92527e-310 5
157 0 6.92527e-310 5
158 0 6.92527e-310 5
159 0 6.92527e-310 5
