0 0 6.93191e-310 5
1 0 4.40149e-316 5
2 0 -211791 2710.14
3 0 -189584 4792.58
4 0 -207241 2726.33
5 0 -183652 4301.88
6 0 -212975 2843.74
7 0 -179304 4581.89
8 0 -214761 2885.33
9 0 -184080 4471.38
10 0 -215017 3105.74
11 0 -190899 3967.07
12 0 -217208 2674.28
13 0 -200342 4515.26
14 0 -225179 2680.29
15 0 -198398 3978.28
16 0 -173110 2563.94
17 0 -155211 4485.44
18 0 -180448 2738.02
19 0 -150992 5356.24
20 0 -183002 2774.53
21 0 -149376 4769.44
22 0 6.93191e-310 5
23 0 6.93191e-310 5
24 0 -181904 2860.5
25 0 -153608 4308.88
26 0 -182285 2989.06
27 0 -144014 4650.3
28 0 6.93191e-310 5
29 0 6.93191e-310 5
30 0 6.93191e-310 5
31 0 6.93191e-310 5
32 0 -160755 3199.03
33 0 -141331 4417.38
34 0 -163903 3104.1
35 0 -141469 5019.25
36 0 -173350 2603.05
37 0 -146190 4909.62
38 0 -170398 2602.66
39 0 -140262 4663.24
40 0 -167164 2826.42
41 0 -143478 4733.5
42 0 -174269 2710.12
43 0 -145143 4922.34
44 0 6.93191e-310 5
45 0 6.93191e-310 5
46 0 6.93191e-310 5
47 0 6.93191e-310 5
48 0 -154350 2434.68
49 0 -136613 4176.36
50 0 -158084 2546.81
51 0 -139038 3950.92
52 0 -157232 2558.02
53 0 -129968 3748.27
54 0 -156662 2767.86
55 0 -127148 5713.28
56 0 -152115 2682.73
57 0 -130287 4254.65
58 0 -153256 2605.81
59 0 -126749 4372.42
60 0 6.93191e-310 5
61 0 6.93191e-310 5
62 0 6.93191e-310 5
63 0 6.93191e-310 5
64 0 6.93191e-310 5
65 0 6.93191e-310 5
66 0 570174 2902.32
67 0 570115 2545.23
68 0 570957 2556.22
69 0 570537 2707.51
70 0 569996 2590.04
71 0 570554 2608.12
72 0 554773 3173.76
73 0 562533 3133.93
74 0 562233 3233.47
75 0 554724 3273.72
76 0 562094 3483.65
77 0 561144 2821.47
78 0 554007 2840.37
79 0 562148 2969.27
80 0 6.93191e-310 5
81 0 6.93191e-310 5
82 0 586790 2814.37
83 0 586812 2714.93
84 0 586244 2934.55
85 0 586340 2322.96
86 0 586184 2984.11
87 0 587080 3021.07
88 0 578738 2673.76
89 0 579157 2735.65
90 0 572060 2906.42
91 0 578555 2656.06
92 0 579766 2587.12
93 0 579674 2559.02
94 0 581042 2672.98
95 0 578638 2479.82
96 0 6.93191e-310 5
97 0 6.93191e-310 5
98 0 598457 2262.85
99 0 606316 2546.24
100 0 607273 2536.61
101 0 605841 2005.72
102 0 603803 2292.95
103 0 604341 1788.37
104 0 596956 2631.84
105 0 595840 2414.7
106 0 596194 2551.11
107 0 596717 2739.73
108 0 598799 2571.34
109 0 598602 2614.18
110 0 598047 2908.85
111 0 598494 2808.9
112 0 6.93191e-310 5
113 0 6.93191e-310 5
114 0 625949 3117.35
115 0 623954 2842.11
116 0 625892 2454.33
117 0 626009 3414.26
118 0 624978 2223.67
119 0 624627 2196.68
120 0 615078 2165.95
121 0 614284 1992.38
122 0 616148 2283.03
123 0 614882 2260.59
124 0 606623 2437.91
125 0 615520 2323.79
126 0 615831 2894.23
127 0 606971 2944.79
128 0 6.93191e-310 5
129 0 6.93191e-310 5
130 0 641197 2795.4
131 0 641422 3255.65
132 0 641957 2793.31
133 0 640283 2555.17
134 0 642104 2703.16
135 0 641630 2760.24
136 0 632893 2777.12
137 0 632798 2687.24
138 0 643607 783.073
139 0 644814 805.05
140 0 644725 729.922
141 0 645652 807.551
142 0 644681 728.344
143 0 644786 774.181
144 0 6.93191e-310 5
145 0 6.93191e-310 5
146 0 673365 940.843
147 0 673525 1115.04
148 0 671608 551.256
149 0 671375 660.602
150 0 670847 722.554
151 0 672587 710.98
152 0 664299 571.384
153 0 665537 671.701
154 0 664181 593.226
155 0 664455 639.102
156 0 6.93191e-310 5
157 0 6.93191e-310 5
158 0 6.93191e-310 5
159 0 6.93191e-310 5
