0 0 6.94413e-310 5
1 0 3.65937e-316 5
2 0 -213545 2699.67
3 0 -191106 4738.1
4 0 -209096 2702.68
5 0 -185602 4246.14
6 0 -214524 2681.49
7 0 -181029 4744.08
8 0 -216521 2681.75
9 0 -185930 4475.04
10 0 -216449 2768.71
11 0 -193162 4006.67
12 0 -219181 2844.27
13 0 -202185 4290.75
14 0 -226901 2674.59
15 0 -200098 4363.69
16 0 -175226 2643.55
17 0 -156960 4635.38
18 0 -182240 2651.99
19 0 -153005 5215.65
20 0 -184726 2916.87
21 0 -151166 4948.77
22 0 6.94413e-310 5
23 0 6.94413e-310 5
24 0 -183759 2782.04
25 0 -155321 4358.06
26 0 -184132 3148.45
27 0 -145804 4562.63
28 0 6.94413e-310 5
29 0 6.94413e-310 5
30 0 6.94413e-310 5
31 0 6.94413e-310 5
32 0 -162647 3288.15
33 0 -143130 4472
34 0 -165424 2826.33
35 0 -142873 4717.07
36 0 -175501 2714.1
37 0 -147838 4701.79
38 0 -172258 2601.91
39 0 -141842 5040.79
40 0 -168453 2563.89
41 0 -145275 4816.59
42 0 -175999 2763.41
43 0 -147102 4522.4
44 0 6.94413e-310 5
45 0 6.94413e-310 5
46 0 6.94413e-310 5
47 0 6.94413e-310 5
48 0 -156458 2816.28
49 0 -138243 4584.32
50 0 -159816 2665.93
51 0 -140638 3969.26
52 0 -159085 2637.89
53 0 -131845 3859.4
54 0 -158382 2644.86
55 0 -128787 5599.89
56 0 -153761 2540.74
57 0 -132114 4238.34
58 0 -155094 2673.91
59 0 -128057 4829.08
60 0 6.94413e-310 5
61 0 6.94413e-310 5
62 0 6.94413e-310 5
63 0 6.94413e-310 5
64 0 6.94413e-310 5
65 0 6.94413e-310 5
66 0 570954 2983.97
67 0 562703 2867.43
68 0 571634 3280.43
69 0 571144 2973.35
70 0 562633 3033.68
71 0 571190 2965.11
72 0 555535 3354.84
73 0 563226 3423.04
74 0 563025 3402.39
75 0 555686 3466.33
76 0 563058 3399.96
77 0 561874 3188.9
78 0 554653 3253.98
79 0 562813 3279.82
80 0 6.94413e-310 5
81 0 6.94413e-310 5
82 0 587582 2898.45
83 0 587594 3231.67
84 0 587654 2631.26
85 0 587700 2558.24
86 0 587502 3141.56
87 0 588412 2984.4
88 0 579839 2697.96
89 0 580324 2942.92
90 0 581033 3060.47
91 0 579612 2911.8
92 0 580558 2706.86
93 0 580643 2725.48
94 0 581891 2729.97
95 0 579528 2520.38
96 0 6.94413e-310 5
97 0 6.94413e-310 5
98 0 607279 2534.2
99 0 607022 2573.11
100 0 607475 2554.76
101 0 606859 2379.69
102 0 605635 2537.66
103 0 605911 1844.99
104 0 598180 2925.26
105 0 597192 3007.71
106 0 597563 2926.58
107 0 597733 2989.22
108 0 599838 2909.77
109 0 599790 3125.04
110 0 599493 3209.3
111 0 599701 2837.3
112 0 6.94413e-310 5
113 0 6.94413e-310 5
114 0 627014 3159.89
115 0 624958 3351.82
116 0 627114 2909.22
117 0 626656 3066.12
118 0 626079 2719.98
119 0 626000 2929.45
120 0 607204 2355.22
121 0 614609 2138.91
122 0 617176 2915.35
123 0 607721 2799.54
124 0 615795 2904.31
125 0 616691 3001.34
126 0 617047 3593
127 0 616493 3810.69
128 0 6.94413e-310 5
129 0 6.94413e-310 5
130 0 634167 3776.49
131 0 643122 4037.26
132 0 643193 4103.42
133 0 641552 3123.26
134 0 643105 3086.53
135 0 642278 3026.81
136 0 634388 2729.45
137 0 633980 3165.61
138 0 644875 1491.19
139 0 645314 1014.6
140 0 645274 882.176
141 0 645770 821.515
142 0 645736 1208.94
143 0 645274 894.691
144 0 6.94413e-310 5
145 0 6.94413e-310 5
146 0 674298 1337.62
147 0 674002 1318.89
148 0 672458 940.38
149 0 664049 903.822
150 0 671440 639.46
151 0 665316 1017.8
152 0 665420 1147.32
153 0 666670 1249
154 0 664490 609.301
155 0 665312 1028
156 0 6.94413e-310 5
157 0 6.94413e-310 5
158 0 6.94413e-310 5
159 0 6.94413e-310 5
