0 0 6.92124e-310 5
1 0 3.66955e-316 5
2 0 -210228 2552.9
3 0 -187948 4177.01
4 0 -206038 2665.51
5 0 -182164 4714.53
6 0 -211674 2711.22
7 0 -177447 4495.78
8 0 -213320 2772.38
9 0 -183101 5048.37
10 0 -213177 2809.75
11 0 -189561 4118.46
12 0 -215930 2568.43
13 0 -198386 4002.8
14 0 -223520 2532.72
15 0 -196972 4705.34
16 0 -171958 2845.75
17 0 -153548 4571.64
18 0 -179191 2834.49
19 0 -149428 4857.79
20 0 -181206 2839.09
21 0 -147618 4290.74
22 0 6.92124e-310 5
23 0 6.92124e-310 5
24 0 -180245 2637.81
25 0 -152053 3336.79
26 0 -225645 3233.88
27 0 -142817 4451.67
28 0 -121785 341.334
29 0 -118215 2594.17
30 0 -131586 8889.57
31 0 6.92124e-310 5
32 0 -203675 2986.65
33 0 -185139 5588.56
34 0 -162375 2704.32
35 0 -139963 4983.75
36 0 -172206 2428.28
37 0 -143877 4882.02
38 0 -168701 2087.23
39 0 -138541 4918.02
40 0 -165677 2654.86
41 0 -141980 4728.34
42 0 -172890 2542.46
43 0 -144089 4909.91
44 0 -104384 73.9765
45 0 6.92124e-310 5
46 0 -177422 32599.5
47 0 6.92124e-310 5
48 0 -152909 2686
49 0 -135329 4416.54
50 0 -156699 2634.44
51 0 -137526 3896.63
52 0 -155883 2504.37
53 0 -128692 3735.15
54 0 -155065 2644.49
55 0 -125163 5546.72
56 0 -150501 2393.89
57 0 -129043 3720.86
58 0 -151888 2545.63
59 0 -125316 4585.81
60 0 -230874 29837.9
61 0 -103500 0.247701
62 0 6.92124e-310 5
63 0 6.92124e-310 5
64 0 6.92124e-310 5
65 0 6.92124e-310 5
66 0 570392 2376.83
67 0 562151 2342.04
68 0 570919 2289.2
69 0 570570 2383.85
70 0 562016 2408.51
71 0 570542 2478.73
72 0 554836 2705.62
73 0 562574 2661.62
74 0 562619 2744.39
75 0 555104 2728.31
76 0 595503 1407.34
77 0 561680 2565.71
78 0 554432 2616.79
79 0 562590 2727.88
80 0 6.92124e-310 5
81 0 6.92124e-310 5
82 0 587425 2424.25
83 0 587390 2557.4
84 0 586937 2311.89
85 0 586925 2347.81
86 0 586910 2584.05
87 0 587528 2909.18
88 0 579311 2439.33
89 0 579665 2581.01
90 0 580640 2377.44
91 0 579103 2421.51
92 0 579960 2435.95
93 0 579893 2474.02
94 0 581427 2517.23
95 0 579037 2485.45
96 0 6.92124e-310 5
97 0 6.92124e-310 5
98 0 607061 2554.2
99 0 607026 2770.51
100 0 607500 2328.96
101 0 606147 1934.63
102 0 604547 2202.86
103 0 604868 1843.46
104 0 597560 2556.15
105 0 596243 2400.41
106 0 596937 2550.83
107 0 597138 2426.6
108 0 598943 2553.83
109 0 599190 2684.41
110 0 598805 2717.24
111 0 598734 2558.03
112 0 6.92124e-310 5
113 0 6.92124e-310 5
114 0 626680 3120.23
115 0 624955 2923.08
116 0 626766 2789.92
117 0 626300 3010.64
118 0 625147 2144.77
119 0 625469 2563.15
120 0 607215 2024.56
121 0 614653 1909.03
122 0 616147 2069.14
123 0 607077 2040.59
124 0 614863 2390.22
125 0 615552 2172.14
126 0 615611 2696.19
127 0 615209 2539.66
128 0 6.92124e-310 5
129 0 6.92124e-310 5
130 0 633366 2607.04
131 0 642021 2657.05
132 0 642274 2663.09
133 0 640691 2477.44
134 0 642492 2436.97
135 0 641806 2418.55
136 0 633548 2329.76
137 0 633256 2442.34
138 0 643731 687.323
139 0 645004 780.854
140 0 645309 655.376
141 0 645839 753.882
142 0 645145 814.114
143 0 645444 763.447
144 0 6.92124e-310 5
145 0 6.92124e-310 5
146 0 673572 605.618
147 0 673407 885.683
148 0 672026 544.764
149 0 663607 518.74
150 0 673615 1921.46
151 0 664858 741.299
152 0 664463 533.326
153 0 665661 639.252
154 0 664389 489.975
155 0 664635 652.731
156 0 6.92124e-310 5
157 0 6.92124e-310 5
158 0 6.92124e-310 5
159 0 6.92124e-310 5
