0 0 6.9134e-310 5
1 0 4.17681e-316 5
2 0 -210159 2626.32
3 0 -187669 4569.15
4 0 -205196 2513.72
5 0 -181629 4075.92
6 0 -210977 2660.62
7 0 -177321 4689.68
8 0 -212990 2638.65
9 0 -182143 4383.82
10 0 -212879 2842.21
11 0 -189218 4172.73
12 0 -215561 2497.33
13 0 -242277 4292.82
14 0 -223226 2604.14
15 0 -196463 4313.41
16 0 -171452 2541.3
17 0 -153332 4508.8
18 0 -178513 2500.61
19 0 -149145 4717.03
20 0 -181059 2694.64
21 0 -147447 4469.19
22 0 6.9134e-310 5
23 0 6.9134e-310 5
24 0 -180051 2615.15
25 0 -151489 4122.28
26 0 -180168 2587.17
27 0 -141877 4498.09
28 0 6.9134e-310 5
29 0 6.9134e-310 5
30 0 6.9134e-310 5
31 0 6.9134e-310 5
32 0 -158875 3034.75
33 0 -139455 4400.03
34 0 -162014 2813.02
35 0 -139342 4813.39
36 0 -171748 2611.03
37 0 -187320 5529.23
38 0 -168650 2590.85
39 0 -138428 4448.96
40 0 -165053 2537.89
41 0 -141598 4803.19
42 0 -172388 2488.59
43 0 -143499 4438.51
44 0 6.9134e-310 5
45 0 6.9134e-310 5
46 0 6.9134e-310 5
47 0 6.9134e-310 5
48 0 -152755 2697.06
49 0 -134969 4239.1
50 0 -156080 2499.85
51 0 -136918 3780.01
52 0 -155273 2376.43
53 0 -128013 3664.22
54 0 -154832 2682.14
55 0 -124962 5027.8
56 0 -150100 2430.11
57 0 -128138 4396.18
58 0 -151379 2450.95
59 0 -124519 4600.88
60 0 6.9134e-310 5
61 0 6.9134e-310 5
62 0 6.9134e-310 5
63 0 6.9134e-310 5
64 0 6.9134e-310 5
65 0 6.9134e-310 5
66 0 577716 2235.37
67 0 585554 2162.88
68 0 578506 2278.13
69 0 585954 2195.7
70 0 586230 2912.64
71 0 578228 2408.74
72 0 578321 2984.68
73 0 577995 2956.63
74 0 577934 2669.03
75 0 578251 3001.14
76 0 578039 3062.91
77 0 577029 2574.33
78 0 577788 2529.57
79 0 578006 2683.65
80 0 6.9134e-310 5
81 0 6.9134e-310 5
82 0 594661 2400.94
83 0 602706 2434.21
84 0 602570 2384.51
85 0 602458 2227.41
86 0 602139 2849.42
87 0 602798 3063.82
88 0 594847 2389.95
89 0 586983 2764.76
90 0 596036 2656.89
91 0 594302 2766.7
92 0 595703 2784.51
93 0 595538 2574.37
94 0 597580 2949.96
95 0 594928 2731.96
96 0 6.9134e-310 5
97 0 6.9134e-310 5
98 0 622703 2514.34
99 0 614872 2853.03
100 0 622702 2134.72
101 0 621909 2143.95
102 0 620278 2132.33
103 0 620407 1519.17
104 0 612957 2478.26
105 0 611785 2343.88
106 0 612328 2602.69
107 0 612509 2448.56
108 0 606395 2544.5
109 0 614449 2548.38
110 0 614210 2896.4
111 0 606445 2604.75
112 0 6.9134e-310 5
113 0 6.9134e-310 5
114 0 642088 3275.8
115 0 640054 2827.14
116 0 642459 2744.98
117 0 641682 3054.96
118 0 641049 2232.82
119 0 641269 2530.04
120 0 630558 1754.5
121 0 630083 1805.88
122 0 631659 2049.83
123 0 630524 2004.84
124 0 622665 2878.55
125 0 631308 2556.37
126 0 631028 2713.31
127 0 622684 3194.57
128 0 6.9134e-310 5
129 0 6.9134e-310 5
130 0 656647 2556.18
131 0 657034 2852.77
132 0 657452 2510.25
133 0 655982 2344.38
134 0 657760 2333.98
135 0 657109 2393.49
136 0 640903 2338.57
137 0 648691 2295.6
138 0 659355 519.55
139 0 652528 634.691
140 0 660687 639.972
141 0 661469 620.572
142 0 660674 666.708
143 0 660832 714.196
144 0 6.9134e-310 5
145 0 6.9134e-310 5
146 0 673098 603.695
147 0 672811 714.136
148 0 663615 481.348
149 0 671355 550.084
150 0 670990 607.893
151 0 664378 580.538
152 0 664298 509.01
153 0 665365 544.36
154 0 664232 482.757
155 0 664300 523.287
156 0 6.9134e-310 5
157 0 6.9134e-310 5
158 0 6.9134e-310 5
159 0 6.9134e-310 5
