0 0 6.94954e-310 5
1 0 5.11838e-316 5
2 0 -213373 2658.13
3 0 -191287 5449
4 0 -208910 2709.88
5 0 -185217 4194.46
6 0 -214651 2778.53
7 0 -180779 4453.07
8 0 -216350 2674.62
9 0 -185965 4305.14
10 0 -216397 2784.15
11 0 -192896 4041.23
12 0 -219049 2714.39
13 0 -202242 4197.32
14 0 -226838 2778.2
15 0 -199940 4193.2
16 0 -175149 2642.01
17 0 -156947 4680.27
18 0 -182357 2805.45
19 0 -152564 4684.77
20 0 -184616 2668.75
21 0 -150846 4525.55
22 0 6.94954e-310 5
23 0 6.94954e-310 5
24 0 -183527 2678.25
25 0 -155248 4476.74
26 0 -183737 2707.38
27 0 -145844 5083.5
28 0 6.94954e-310 5
29 0 6.94954e-310 5
30 0 6.94954e-310 5
31 0 6.94954e-310 5
32 0 -162374 3221.56
33 0 -142893 4731.61
34 0 -165574 2825.4
35 0 -142795 5039.66
36 0 -175275 2612.13
37 0 -147827 4708.47
38 0 -172167 2674.09
39 0 -141864 4775.46
40 0 -168608 2686.87
41 0 -145221 4802.62
42 0 -175987 2835.07
43 0 -146809 4401.07
44 0 6.94954e-310 5
45 0 6.94954e-310 5
46 0 6.94954e-310 5
47 0 6.94954e-310 5
48 0 -156233 2814.29
49 0 -138198 4420.21
50 0 -159503 2520.68
51 0 -140589 3839.84
52 0 -158961 2664.54
53 0 -131319 3828.16
54 0 -158319 2621.32
55 0 -128326 5876.11
56 0 -153701 2567.77
57 0 -131887 4298.3
58 0 -155064 2705.92
59 0 -127998 4801.07
60 0 6.94954e-310 5
61 0 6.94954e-310 5
62 0 6.94954e-310 5
63 0 6.94954e-310 5
64 0 6.94954e-310 5
65 0 6.94954e-310 5
66 0 570913 2984.49
67 0 562674 2872.73
68 0 571606 3285.47
69 0 571148 2947.14
70 0 562589 3038.56
71 0 571160 2960.15
72 0 555562 3313.34
73 0 563227 3322.48
74 0 563051 3315.8
75 0 555574 3425.47
76 0 563145 3349.07
77 0 561893 3186.44
78 0 554719 3184.35
79 0 562909 3277.74
80 0 6.94954e-310 5
81 0 6.94954e-310 5
82 0 587629 2909.81
83 0 587616 3185.39
84 0 587636 2625.47
85 0 587595 2615.96
86 0 587486 3031.79
87 0 588326 2879.12
88 0 579828 2642.1
89 0 580146 2908.37
90 0 580930 2913.16
91 0 579557 2823.29
92 0 580356 2585.61
93 0 580586 2674.89
94 0 581798 2675.88
95 0 579328 2425.36
96 0 6.94954e-310 5
97 0 6.94954e-310 5
98 0 607159 2458.87
99 0 606954 2528.52
100 0 607491 2595.43
101 0 606768 2350.9
102 0 605580 2456.02
103 0 605840 1887.77
104 0 598164 2947.16
105 0 597164 2933.7
106 0 597513 2914.51
107 0 597793 2866.96
108 0 599729 2815.23
109 0 599751 3016.1
110 0 599349 3252.09
111 0 599675 2734.99
112 0 6.94954e-310 5
113 0 6.94954e-310 5
114 0 626898 3030.44
115 0 624869 3231.9
116 0 626976 2851.16
117 0 626319 2914.68
118 0 625911 2624.23
119 0 625891 2850.12
120 0 607251 2410.51
121 0 614539 2126.39
122 0 617174 2933.41
123 0 607811 2839.57
124 0 615712 2832.89
125 0 616772 3119.45
126 0 617006 3435.89
127 0 616341 3625.93
128 0 6.94954e-310 5
129 0 6.94954e-310 5
130 0 634177 3504.73
131 0 643038 3860.84
132 0 643159 3790.64
133 0 641550 3086.23
134 0 643163 3009.63
135 0 642340 2933.5
136 0 634504 2681.48
137 0 634096 3168.33
138 0 644882 1523.85
139 0 645503 1128.88
140 0 645248 895.923
141 0 645642 735.893
142 0 645858 1262.89
143 0 645243 904.006
144 0 6.94954e-310 5
145 0 6.94954e-310 5
146 0 674195 1292.34
147 0 674048 1337.14
148 0 672377 913.386
149 0 663927 853.269
150 0 671479 656.426
151 0 665297 1023.17
152 0 664557 655.292
153 0 666538 1203.88
154 0 664510 594.309
155 0 665398 1100.65
156 0 6.94954e-310 5
157 0 6.94954e-310 5
158 0 6.94954e-310 5
159 0 6.94954e-310 5
