0 0 6.91195e-310 5
1 0 4.29706e-316 5
2 0 -209671 2558.98
3 0 -231645 5321.18
4 0 -249391 2854.52
5 0 -225638 4151.1
6 0 -210889 3028.92
7 0 -220933 5149.02
8 0 -256875 3289.08
9 0 -225718 5183.32
10 0 -257899 3467.86
11 0 -234103 3950.7
12 0 -214965 2559.99
13 0 -242055 4377.02
14 0 -222890 2647.53
15 0 -196065 4009.16
16 0 -214275 2522.85
17 0 -196526 4181.88
18 0 -222989 3202.5
19 0 -148502 4717.38
20 0 -180640 2827.17
21 0 -146816 4426.35
22 0 6.91195e-310 5
23 0 6.91195e-310 5
24 0 -179594 3104.39
25 0 -195328 4834.77
26 0 -223476 3802.35
27 0 -185032 5058.29
28 0 6.91195e-310 5
29 0 6.91195e-310 5
30 0 6.91195e-310 5
31 0 6.91195e-310 5
32 0 -158180 2765.91
33 0 -183497 5020.41
34 0 -206538 3012.95
35 0 -182151 5782.48
36 0 -214464 2452.61
37 0 -143296 4741.65
38 0 -167991 2652.48
39 0 -180787 4114.51
40 0 -210026 2791.54
41 0 -186465 4344.03
42 0 -216265 2987.29
43 0 -187366 4636.19
44 0 6.91195e-310 5
45 0 6.91195e-310 5
46 0 6.91195e-310 5
47 0 6.91195e-310 5
48 0 -196712 2627.95
49 0 -177638 3975.64
50 0 -199946 2661.77
51 0 -180757 4293.67
52 0 -155152 2729.62
53 0 -172634 4521.29
54 0 -154511 2573.06
55 0 -124284 5257.49
56 0 -149378 2389.55
57 0 -128096 4192.5
58 0 -195837 3253.68
59 0 -123839 4685.52
60 0 6.91195e-310 5
61 0 6.91195e-310 5
62 0 6.91195e-310 5
63 0 6.91195e-310 5
64 0 6.91195e-310 5
65 0 6.91195e-310 5
66 0 585877 2459.46
67 0 585603 2447.13
68 0 578347 2519.03
69 0 585912 2630.29
70 0 586256 2956.28
71 0 578210 2748.68
72 0 579004 3107.45
73 0 578671 2996.86
74 0 570538 2864.98
75 0 578926 2861.96
76 0 578648 2782.02
77 0 577497 2720.58
78 0 578560 2753.86
79 0 578585 2799.82
80 0 6.91195e-310 5
81 0 6.91195e-310 5
82 0 603455 2775.98
83 0 603360 2698.94
84 0 594614 2781.32
85 0 602573 2658.25
86 0 602870 2667.34
87 0 595565 2703.87
88 0 595354 2645.46
89 0 595768 2679.29
90 0 588489 2796.13
91 0 595080 2629.55
92 0 596141 2798.13
93 0 595980 2712.02
94 0 597975 3172.49
95 0 595424 2726.51
96 0 6.91195e-310 5
97 0 6.91195e-310 5
98 0 622874 2882.07
99 0 623085 3134.58
100 0 622928 2391.81
101 0 621958 2309.41
102 0 612284 2658.91
103 0 620353 2242.97
104 0 613459 2909.91
105 0 612282 2857.78
106 0 612772 2863.76
107 0 613030 2837.81
108 0 614841 3004.03
109 0 614980 2970.72
110 0 614875 3187.3
111 0 614770 3033.4
112 0 6.91195e-310 5
113 0 6.91195e-310 5
114 0 643199 3955.3
115 0 641218 3435.66
116 0 642695 3154.11
117 0 634653 3650.83
118 0 641018 2508.49
119 0 633265 2863.81
120 0 630758 2319.46
121 0 630134 2168.55
122 0 631945 2512.97
123 0 630683 2384.64
124 0 631662 3243.12
125 0 631553 2644.8
126 0 631814 2994.05
127 0 631548 2986.29
128 0 6.91195e-310 5
129 0 6.91195e-310 5
130 0 657353 2889.89
131 0 657788 2819.08
132 0 650201 2822.16
133 0 656732 2720.06
134 0 658306 2776.7
135 0 649794 2781.54
136 0 648981 2599.52
137 0 641183 2740
138 0 659886 1405.12
139 0 661121 1418.93
140 0 661399 1393.56
141 0 662085 1480.32
142 0 653148 1388.37
143 0 661339 1405.68
144 0 6.91195e-310 5
145 0 6.91195e-310 5
146 0 673559 1337.33
147 0 673268 1374.31
148 0 672340 1359.08
149 0 671931 1370.44
150 0 671795 1501.2
151 0 673223 1502.59
152 0 664934 1456.16
153 0 666102 1473.76
154 0 656811 1496.86
155 0 665099 1491.2
156 0 6.91195e-310 5
157 0 6.91195e-310 5
158 0 6.91195e-310 5
159 0 6.91195e-310 5
