0 0 6.92166e-310 5
1 0 5.50546e-316 5
2 0 -210596 2735.94
3 0 -188178 5046.92
4 0 -205885 2564.04
5 0 -182462 4122.84
6 0 -211681 2649.99
7 0 -177802 4310.07
8 0 -213493 2681.04
9 0 -182779 4457.77
10 0 -213685 2926.32
11 0 -189986 3887.94
12 0 -216113 2532.03
13 0 -199232 4398.25
14 0 -223930 2661.38
15 0 -196910 4058.35
16 0 -171993 2483.9
17 0 -154137 4584.79
18 0 -179170 2539.68
19 0 -149938 5320.16
20 0 -181825 2771.04
21 0 -147940 4764.56
22 0 6.92166e-310 5
23 0 6.92166e-310 5
24 0 -180514 2497.59
25 0 -152330 4160.42
26 0 -180664 2790.53
27 0 -142862 4820.21
28 0 6.92166e-310 5
29 0 6.92166e-310 5
30 0 6.92166e-310 5
31 0 6.92166e-310 5
32 0 -159420 2857.47
33 0 -140098 4457.86
34 0 -162521 2675.8
35 0 -139854 4524.47
36 0 -172251 2560.18
37 0 -144492 4505.48
38 0 -169253 2625.12
39 0 -138944 4514.01
40 0 -165562 2477.41
41 0 -142366 4433.61
42 0 -173065 2681.13
43 0 -143964 4491.51
44 0 6.92166e-310 5
45 0 6.92166e-310 5
46 0 6.92166e-310 5
47 0 6.92166e-310 5
48 0 -153237 2501.79
49 0 -135068 4246.75
50 0 -156757 2458.78
51 0 -137601 3793.33
52 0 -156005 2442.32
53 0 -128734 3661.84
54 0 -155371 2586.25
55 0 -125472 4993.23
56 0 -150721 2414.64
57 0 -128691 4155.5
58 0 -152108 2368.4
59 0 -125088 4536.2
60 0 6.92166e-310 5
61 0 6.92166e-310 5
62 0 6.92166e-310 5
63 0 6.92166e-310 5
64 0 6.92166e-310 5
65 0 6.92166e-310 5
66 0 586065 2298.42
67 0 585956 2308.33
68 0 586797 2308.46
69 0 586370 2361.55
70 0 585981 2400.43
71 0 578502 2411.55
72 0 578713 2844.75
73 0 578487 2826.31
74 0 578313 2918.39
75 0 578752 2913.88
76 0 578532 2933.41
77 0 577498 2718.29
78 0 578148 2721.08
79 0 578348 2839.05
80 0 6.92166e-310 5
81 0 6.92166e-310 5
82 0 603191 2527.54
83 0 603178 2564.85
84 0 602611 2639.34
85 0 602737 2250
86 0 602585 2750.6
87 0 603144 3007.19
88 0 587241 2536.61
89 0 595428 2707.38
90 0 596525 2588.05
91 0 586701 2706.91
92 0 595963 2684.62
93 0 595782 2539.82
94 0 597544 2670.24
95 0 595046 2682.22
96 0 6.92166e-310 5
97 0 6.92166e-310 5
98 0 622945 2476.73
99 0 622633 2488.83
100 0 623212 2318.04
101 0 621955 1944.81
102 0 620464 2261.32
103 0 620810 1571.81
104 0 605309 2593.61
105 0 612150 2448.41
106 0 612698 2613.25
107 0 604933 2519.6
108 0 614795 2663.42
109 0 615012 2789.43
110 0 614586 2767.93
111 0 614662 2532.42
112 0 6.92166e-310 5
113 0 6.92166e-310 5
114 0 642217 3109.42
115 0 640440 2859.48
116 0 642981 3049.9
117 0 642289 3240.35
118 0 641236 2193
119 0 641394 2540.47
120 0 631121 2053.18
121 0 630696 2013.32
122 0 632153 2092.88
123 0 631077 2076.65
124 0 630706 2501.36
125 0 631350 2124.4
126 0 631551 2911.85
127 0 631028 2710.74
128 0 6.92166e-310 5
129 0 6.92166e-310 5
130 0 657114 2782.89
131 0 657730 2778.64
132 0 658020 2661.08
133 0 656578 2489.26
134 0 658197 2459.5
135 0 657593 2562.31
136 0 649376 2384.77
137 0 649125 2507
138 0 651652 677.238
139 0 660914 783.104
140 0 661120 721.731
141 0 661772 753.347
142 0 660928 763.861
143 0 661235 821.731
144 0 6.92166e-310 5
145 0 6.92166e-310 5
146 0 673436 618.892
147 0 673150 847.306
148 0 671879 543.752
149 0 671512 510.203
150 0 671245 529.598
151 0 672648 696.251
152 0 664416 571.482
153 0 665621 677.032
154 0 664355 509.817
155 0 664600 682.345
156 0 6.92166e-310 5
157 0 6.92166e-310 5
158 0 6.92166e-310 5
159 0 6.92166e-310 5
