0 0 6.93586e-310 5
1 0 4.12482e-316 5
2 0 -209504 2545.25
3 0 -187408 4727.28
4 0 -204952 2590.21
5 0 -181314 4194.77
6 0 -210867 2712.97
7 0 -176997 4704.25
8 0 -212581 2600.79
9 0 -182062 4661.64
10 0 -212560 2673.42
11 0 -188988 4005.91
12 0 -215182 2543.1
13 0 -197912 4117.91
14 0 -222903 2607.49
15 0 -195864 4076.44
16 0 -171057 2384.21
17 0 -152735 4535.14
18 0 -178142 2593.24
19 0 -148740 4729.54
20 0 -180728 2633.25
21 0 -146971 4710.15
22 0 6.93586e-310 5
23 0 6.93586e-310 5
24 0 -179318 2544.26
25 0 -150951 4027.59
26 0 -179770 2778.34
27 0 -141837 5050.96
28 0 6.93586e-310 5
29 0 6.93586e-310 5
30 0 6.93586e-310 5
31 0 6.93586e-310 5
32 0 -158038 2926.24
33 0 -139095 4294.76
34 0 -161574 2953.17
35 0 -138965 4739.56
36 0 -171302 2505.82
37 0 -143108 5136.06
38 0 -168061 2510
39 0 -137949 4751.63
40 0 -209712 3161.57
41 0 -141254 4567.47
42 0 -172103 2607.05
43 0 -143165 4550.93
44 0 6.93586e-310 5
45 0 6.93586e-310 5
46 0 6.93586e-310 5
47 0 6.93586e-310 5
48 0 -152197 2532.08
49 0 -177526 4267.53
50 0 -155805 2468.04
51 0 -136634 3645.9
52 0 -154962 2468.35
53 0 -127719 3650.06
54 0 -154349 2533.12
55 0 -124627 5942.38
56 0 -149715 2555.03
57 0 -127665 4043.31
58 0 -151134 2508.51
59 0 -124101 4684.37
60 0 6.93586e-310 5
61 0 6.93586e-310 5
62 0 6.93586e-310 5
63 0 6.93586e-310 5
64 0 6.93586e-310 5
65 0 6.93586e-310 5
66 0 577869 2177.46
67 0 585701 2152.71
68 0 578671 2274.81
69 0 586106 2170.41
70 0 586407 2898.14
71 0 578369 2371.6
72 0 578458 3005.22
73 0 578590 3200.42
74 0 578160 2949.46
75 0 578513 2887.58
76 0 578335 2878.88
77 0 577204 2561.54
78 0 577934 2461.08
79 0 578099 2625.36
80 0 6.93586e-310 5
81 0 6.93586e-310 5
82 0 594910 2384.05
83 0 602917 2397.45
84 0 602717 2407.1
85 0 602583 2267.08
86 0 602542 2624.18
87 0 602961 3004.63
88 0 594949 2404.85
89 0 587346 2622.75
90 0 596401 2516.18
91 0 594590 2687.32
92 0 595922 2816.94
93 0 595613 2710.63
94 0 597713 2839.95
95 0 594983 2777.76
96 0 6.93586e-310 5
97 0 6.93586e-310 5
98 0 622860 2503.43
99 0 614976 2838.77
100 0 622789 2072.05
101 0 622100 2106.59
102 0 620489 2120.01
103 0 620584 1626.3
104 0 613214 2503.74
105 0 612047 2410.41
106 0 612540 2495.81
107 0 612782 2435.81
108 0 606430 2529.42
109 0 614694 2583.14
110 0 614471 2764.11
111 0 606372 2561.58
112 0 6.93586e-310 5
113 0 6.93586e-310 5
114 0 642433 3225.78
115 0 640591 2896.07
116 0 642578 2739.75
117 0 642323 3280.48
118 0 641208 2240.38
119 0 641415 2484.21
120 0 630705 1782.87
121 0 630152 1743.65
122 0 631830 2016.3
123 0 630679 1927.83
124 0 623003 2949.4
125 0 631614 2663.19
126 0 631129 2690.87
127 0 623026 3047.44
128 0 6.93586e-310 5
129 0 6.93586e-310 5
130 0 656722 2449.49
131 0 657374 2697.51
132 0 657625 2468.79
133 0 656140 2323.47
134 0 657914 2338.72
135 0 657324 2422.43
136 0 641130 2211.8
137 0 648833 2339.8
138 0 659428 549.362
139 0 652673 682.163
140 0 660934 606.411
141 0 661559 647.399
142 0 660819 673.928
143 0 661073 646.394
144 0 6.93586e-310 5
145 0 6.93586e-310 5
146 0 673300 524.851
147 0 673003 725.672
148 0 663811 482.526
149 0 671478 504.823
150 0 671245 574.394
151 0 664526 620.002
152 0 664340 510.445
153 0 665443 556.049
154 0 664289 477.237
155 0 664405 551.614
156 0 6.93586e-310 5
157 0 6.93586e-310 5
158 0 6.93586e-310 5
159 0 6.93586e-310 5
