0 0 6.91147e-310 5
1 0 4.13794e-316 5
2 0 -253300 3948.81
3 0 -230646 6125.31
4 0 -204588 2604.33
5 0 -224675 3945.23
6 0 -254575 3626.46
7 0 -220231 5177.01
8 0 -212155 2684.52
9 0 -224906 4585.83
10 0 -257121 3287.52
11 0 -233083 4445.51
12 0 -214693 2304.07
13 0 -198123 4536.53
14 0 -222814 2658.41
15 0 -195543 4229.16
16 0 -213524 2428.91
17 0 -195115 6408.16
18 0 -178379 2624.38
19 0 -192394 4952.99
20 0 -180349 2638.59
21 0 -146756 4145.28
22 0 6.91147e-310 5
23 0 6.91147e-310 5
24 0 -222209 2784.83
25 0 -193950 4166.52
26 0 -179385 2538.09
27 0 -185902 4390.41
28 0 6.91147e-310 5
29 0 6.91147e-310 5
30 0 6.91147e-310 5
31 0 6.91147e-310 5
32 0 -201714 3082.06
33 0 -138179 4436.98
34 0 -160933 2778.84
35 0 -182199 4950.93
36 0 -213775 2318.47
37 0 -186110 4893.42
38 0 -168020 2751.59
39 0 -181794 4832.52
40 0 -209597 2429.53
41 0 -185421 4402.07
42 0 -215255 4732.77
43 0 -143093 4076.92
44 0 6.91147e-310 5
45 0 6.91147e-310 5
46 0 6.91147e-310 5
47 0 6.91147e-310 5
48 0 -152073 2652.73
49 0 -177180 3800.52
50 0 -199238 3073.74
51 0 -136398 4177.28
52 0 -154872 2575.85
53 0 -171806 3650.69
54 0 -154243 2670.13
55 0 -168092 5420.78
56 0 -149635 2353.56
57 0 -171546 3903.03
58 0 -150611 2385.98
59 0 -123905 4245.39
60 0 6.91147e-310 5
61 0 6.91147e-310 5
62 0 6.91147e-310 5
63 0 6.91147e-310 5
64 0 6.91147e-310 5
65 0 6.91147e-310 5
66 0 569805 2503.42
67 0 569478 2466.56
68 0 570306 2544.77
69 0 569842 2640.87
70 0 570325 3123.05
71 0 570219 2823.07
72 0 563121 3126.87
73 0 554726 3126.1
74 0 562519 2937.55
75 0 562948 2984.83
76 0 562679 2804.66
77 0 561472 2753.38
78 0 562566 2803.12
79 0 562612 2828.62
80 0 6.91147e-310 5
81 0 6.91147e-310 5
82 0 587316 2691.27
83 0 587421 2756.29
84 0 578632 2713.19
85 0 586494 2568.74
86 0 586876 2667.63
87 0 579526 2723.16
88 0 579413 2693.66
89 0 579774 2659.34
90 0 580499 2784.02
91 0 578998 2628.18
92 0 580136 2790.43
93 0 579950 2695.09
94 0 582031 3252.12
95 0 579471 2837.63
96 0 6.91147e-310 5
97 0 6.91147e-310 5
98 0 606852 2891.68
99 0 606732 2869.12
100 0 606871 2383.66
101 0 605908 2320.05
102 0 604281 2573.79
103 0 604300 2231.91
104 0 597421 2868.91
105 0 596296 2773.44
106 0 596791 2735.1
107 0 597072 2777.79
108 0 598712 2890.74
109 0 598898 2833.76
110 0 598851 3217.11
111 0 598766 2947.24
112 0 6.91147e-310 5
113 0 6.91147e-310 5
114 0 626983 3687.11
115 0 617095 3280.67
116 0 626622 3122.43
117 0 626495 3489.32
118 0 624934 2525.12
119 0 625265 2908.13
120 0 614686 2309.5
121 0 614014 2128.87
122 0 615933 2577.21
123 0 614634 2417.21
124 0 615714 3374.74
125 0 615565 2732.19
126 0 615896 3152.47
127 0 615667 3142.25
128 0 6.91147e-310 5
129 0 6.91147e-310 5
130 0 641396 2860.25
131 0 641763 2813.38
132 0 634171 2750.64
133 0 640644 2681.48
134 0 642362 2660.6
135 0 633784 2664.18
136 0 632957 2401.75
137 0 625224 2614.54
138 0 643898 1442.78
139 0 645083 1423.32
140 0 645358 1398.81
141 0 646073 1499.65
142 0 645082 1373.92
143 0 645301 1403.36
144 0 6.91147e-310 5
145 0 6.91147e-310 5
146 0 673593 1349.64
147 0 665259 1371.43
148 0 672341 1357.33
149 0 671996 1411.12
150 0 671753 1476.76
151 0 673242 1481.32
152 0 664885 1450.67
153 0 666095 1478.66
154 0 664788 1455.16
155 0 665091 1509.44
156 0 6.91147e-310 5
157 0 6.91147e-310 5
158 0 6.91147e-310 5
159 0 6.91147e-310 5
