0 0 6.92859e-310 5
1 0 4.27446e-316 5
2 0 -211222 2521.35
3 0 -188738 4958.65
4 0 -206589 2349.62
5 0 -182996 4119.03
6 0 -212360 2608.19
7 0 -178616 4628.96
8 0 -214081 2519.26
9 0 -183670 4379.61
10 0 -214191 2802.79
11 0 -190595 3802.17
12 0 -216563 2367.57
13 0 -199750 4022.17
14 0 -224744 2584.99
15 0 -197740 3741.82
16 0 -172863 2467.3
17 0 -154779 4748.29
18 0 -179954 2562.76
19 0 -150460 5080.29
20 0 -182260 2601.83
21 0 -148570 4518.66
22 0 6.92859e-310 5
23 0 6.92859e-310 5
24 0 -181495 2927.66
25 0 -152663 4096.38
26 0 -181508 2626.79
27 0 -143435 4363.84
28 0 6.92859e-310 5
29 0 6.92859e-310 5
30 0 6.92859e-310 5
31 0 6.92859e-310 5
32 0 -160103 2837.98
33 0 -140652 4273.16
34 0 -163299 2833.97
35 0 -140519 4269.31
36 0 -173068 2484.12
37 0 -145001 4679.77
38 0 -169942 2493.38
39 0 -139713 4447.66
40 0 -166420 2542.02
41 0 -143054 4531.92
42 0 -173557 2579.02
43 0 -144728 4532.99
44 0 6.92859e-310 5
45 0 6.92859e-310 5
46 0 6.92859e-310 5
47 0 6.92859e-310 5
48 0 -153857 2767.78
49 0 -135772 3940.3
50 0 -157424 2378.92
51 0 -138472 3948.45
52 0 -156776 2467.73
53 0 -129510 3563.7
54 0 -156083 2568.28
55 0 -126451 5684.18
56 0 -151288 2365.93
57 0 -129568 4146.43
58 0 -152882 2599.14
59 0 -125857 4681.69
60 0 6.92859e-310 5
61 0 6.92859e-310 5
62 0 6.92859e-310 5
63 0 6.92859e-310 5
64 0 6.92859e-310 5
65 0 6.92859e-310 5
66 0 585572 2309.4
67 0 577489 2318.73
68 0 586136 2245.47
69 0 585791 2347.33
70 0 577193 2425.25
71 0 585818 2419.45
72 0 570101 2731.48
73 0 577684 2687.99
74 0 577760 2707.91
75 0 570191 2740.04
76 0 577805 2784.64
77 0 576717 2600.91
78 0 569660 2640.52
79 0 577735 2669.88
80 0 6.92859e-310 5
81 0 6.92859e-310 5
82 0 602575 2552.21
83 0 602599 2590.13
84 0 602354 2258.93
85 0 602423 2205.54
86 0 602230 2643.7
87 0 603062 2687.56
88 0 594448 2599.4
89 0 595005 2429.49
90 0 595682 2534
91 0 594448 2448.42
92 0 595042 2564.27
93 0 595193 2682.04
94 0 596802 2738.31
95 0 594231 2447.75
96 0 6.92859e-310 5
97 0 6.92859e-310 5
98 0 622318 2536.63
99 0 622248 2816.96
100 0 622849 2398.17
101 0 621395 1945.79
102 0 620020 2132.64
103 0 620214 1368.2
104 0 613032 2516.31
105 0 611863 2444.46
106 0 612144 2483.26
107 0 612240 2495.83
108 0 614349 2746.95
109 0 614575 2656.02
110 0 613987 2750.72
111 0 613990 2770.99
112 0 6.92859e-310 5
113 0 6.92859e-310 5
114 0 641891 3037.86
115 0 639793 2618.86
116 0 642229 2930.55
117 0 641520 3100.09
118 0 640558 2031.2
119 0 640555 2334.1
120 0 622421 2059.84
121 0 630114 1915.03
122 0 631573 2229.35
123 0 622330 2101.71
124 0 630004 2410.7
125 0 630924 2190.82
126 0 630979 2779.13
127 0 630602 2807.25
128 0 6.92859e-310 5
129 0 6.92859e-310 5
130 0 648770 2614.07
131 0 657281 2623
132 0 657866 2612.64
133 0 655828 2370.39
134 0 657617 2517.78
135 0 657104 2514.59
136 0 648803 2421.9
137 0 648488 2548.47
138 0 659064 767.057
139 0 660466 680.965
140 0 660597 634.756
141 0 661312 814.488
142 0 660488 700.262
143 0 660657 687.081
144 0 6.92859e-310 5
145 0 6.92859e-310 5
146 0 672728 623.111
147 0 672661 723.322
148 0 671462 490.07
149 0 662764 573.676
150 0 670460 606.457
151 0 664267 577.349
152 0 663881 621.642
153 0 665126 643.204
154 0 663657 621.855
155 0 664281 489.984
156 0 6.92859e-310 5
157 0 6.92859e-310 5
158 0 6.92859e-310 5
159 0 6.92859e-310 5
