0 0 6.94867e-310 5
1 0 6.13528e-316 5
2 0 -222034 6485.87
3 0 -197973 8442.8
4 0 -217082 7557.2
5 0 -192654 9575.29
6 0 -223290 6881.37
7 0 -188500 10037.2
8 0 -224965 6112.83
9 0 -194319 6851.86
10 0 -225673 6248.48
11 0 -202841 6584.03
12 0 -214405 4499.64
13 0 -212300 6001.66
14 0 -234920 6408.13
15 0 -208650 7179.87
16 0 -170901 4299.68
17 0 -166068 8145.45
18 0 -191563 6533.28
19 0 -151904 9910.85
20 0 -222802 3052.73
21 0 -159491 8260.87
22 0 6.94867e-310 5
23 0 6.94867e-310 5
24 0 -178395 4384.17
25 0 -164679 7837.99
26 0 -192893 6529.01
27 0 -155510 6784.01
28 0 6.94867e-310 5
29 0 6.94867e-310 5
30 0 6.94867e-310 5
31 0 6.94867e-310 5
32 0 -201893 4663.92
33 0 -152353 6941.88
34 0 -203721 3530.88
35 0 -151934 7461.6
36 0 -185534 6641.15
37 0 -158827 7450.75
38 0 -182570 6491.17
39 0 -152643 6510.32
40 0 -179643 6520.97
41 0 -155436 6568.94
42 0 -187120 5421.15
43 0 -157295 6839.15
44 0 6.94867e-310 5
45 0 6.94867e-310 5
46 0 6.94867e-310 5
47 0 6.94867e-310 5
48 0 -167360 5502.79
49 0 -148926 7022.55
50 0 -170572 6094.15
51 0 -151767 5889.78
52 0 -169720 6010.45
53 0 -141417 7632.92
54 0 -169381 5721.05
55 0 -139099 8633.34
56 0 -165023 5046.74
57 0 -142716 6031.08
58 0 -167139 4621.44
59 0 -137978 6632.38
60 0 6.94867e-310 5
61 0 6.94867e-310 5
62 0 6.94867e-310 5
63 0 6.94867e-310 5
64 0 6.94867e-310 5
65 0 6.94867e-310 5
66 0 577877 2200.98
67 0 585806 2151.06
68 0 578610 2239.32
69 0 586107 2196.96
70 0 585892 2394.31
71 0 578190 2198.66
72 0 578642 2795.79
73 0 578402 2716.64
74 0 578657 2903.95
75 0 578857 2779.78
76 0 578713 2812.14
77 0 577696 2756.98
78 0 578424 2532.61
79 0 578485 2636.85
80 0 6.94867e-310 5
81 0 6.94867e-310 5
82 0 595308 2504.38
83 0 603437 2544.46
84 0 602936 2390.41
85 0 602660 2428.07
86 0 602856 2482.33
87 0 603457 2834.91
88 0 595152 2476.06
89 0 587679 2397.06
90 0 596732 2525.58
91 0 595072 2440.96
92 0 596421 2624.43
93 0 596076 2755.88
94 0 597419 2491.6
95 0 595182 2599.88
96 0 6.94867e-310 5
97 0 6.94867e-310 5
98 0 622822 2391.89
99 0 614512 2421.6
100 0 622909 2002.51
101 0 622002 1907.24
102 0 620950 2380.29
103 0 621120 1988.37
104 0 613568 2541.53
105 0 612370 2460.46
106 0 612890 2484.56
107 0 612928 2392.75
108 0 606868 2719.01
109 0 615114 2626.9
110 0 615030 2894.85
111 0 606803 2728
112 0 6.94867e-310 5
113 0 6.94867e-310 5
114 0 642569 3228.91
115 0 640946 2883.32
116 0 642445 2763.11
117 0 642054 3184.92
118 0 641303 2262.33
119 0 641685 2676.59
120 0 630922 1941.91
121 0 630401 1848.31
122 0 631973 2191.72
123 0 630848 2064.14
124 0 622488 2575.49
125 0 631346 2411.56
126 0 631310 3070.31
127 0 622944 2763.19
128 0 6.94867e-310 5
129 0 6.94867e-310 5
130 0 656943 2388.08
131 0 657600 2695.54
132 0 658115 2592
133 0 656544 2450.94
134 0 658246 2432.87
135 0 657615 2407.01
136 0 641544 2488.18
137 0 649243 2461.09
138 0 659556 605.622
139 0 652890 694.087
140 0 661208 528.976
141 0 661721 683.956
142 0 661015 623.46
143 0 661325 575.196
144 0 6.94867e-310 5
145 0 6.94867e-310 5
146 0 673434 484.138
147 0 673233 674.092
148 0 664070 542.927
149 0 671558 483.284
150 0 671334 543.669
151 0 664789 674.917
152 0 664415 506.009
153 0 665559 563.537
154 0 664312 481.644
155 0 664635 616.503
156 0 6.94867e-310 5
157 0 6.94867e-310 5
158 0 6.94867e-310 5
159 0 6.94867e-310 5
