0 0 6.93813e-310 5
1 0 3.84576e-316 5
2 0 -178761 28558.1
3 0 -270839 17221
4 0 -222003 29803.4
5 0 -243867 4042.71
6 0 -185345 4035.87
7 0 -245631 4178.33
8 0 -247393 4910.84
9 0 -137748 6989.69
10 0 -201128 2602.66
11 0 -217226 7676.63
12 0 -187877 29001.8
13 0 -152373 14056.6
14 0 -211425 2755.5
15 0 -253192 21430.7
16 0 -157700 5175.33
17 0 -142097 3661.54
18 0 -166783 2802.03
19 0 -229279 18018.5
20 0 -169571 3472.54
21 0 -258058 9754.29
22 0 6.93813e-310 5
23 0 6.93813e-310 5
24 0 -167648 1526.54
25 0 -138792 4888.11
26 0 -166948 1660.13
27 0 -131649 5758.46
28 0 -122432 36.5002
29 0 -120479 938.268
30 0 -240618 8489.37
31 0 -243957 8473.74
32 0 -180999 10582.8
33 0 -126861 3643.94
34 0 -150158 2332.97
35 0 -143516 13805.5
36 0 -160331 2461.72
37 0 -134721 5797.71
38 0 -155824 2088.22
39 0 -118543 27648.9
40 0 -152271 3639.56
41 0 -188524 30890.5
42 0 -160454 3306.89
43 0 -131225 4501.25
44 0 -105065 283.317
45 0 6.93813e-310 5
46 0 -231337 3271.1
47 0 6.93813e-310 5
48 0 -143564 5936.38
49 0 -220590 4134.63
50 0 -173420 3565.69
51 0 -125607 3117.79
52 0 -260096 31521.1
53 0 -117830 29948
54 0 -143108 2214.96
55 0 -245675 2328.19
56 0 -137103 2586.73
57 0 -135484 3276.71
58 0 -180500 1899.84
59 0 -142306 4302.77
60 0 -153131 32691.5
61 0 -173500 0.25
62 0 6.93813e-310 5
63 0 6.93813e-310 5
64 0 6.93813e-310 5
65 0 6.93813e-310 5
66 0 585193 2469.13
67 0 585110 2307.33
68 0 585650 2197.87
69 0 585340 2418.54
70 0 584848 2069.53
71 0 577123 2136.96
72 0 577934 2107.14
73 0 577487 2197.5
74 0 578002 2045.68
75 0 578189 2054.26
76 0 609988 1336.94
77 0 576975 1895.61
78 0 603059 1493.06
79 0 578350 2090.63
80 0 6.93813e-310 5
81 0 6.93813e-310 5
82 0 629645 2142.55
83 0 631216 1163.77
84 0 602323 1613.82
85 0 634849 769.904
86 0 602475 1788.59
87 0 636110 1589.48
88 0 586529 1566.65
89 0 623680 1595.46
90 0 595712 1652.72
91 0 586416 1704.31
92 0 595192 1831.53
93 0 595115 1793.25
94 0 595871 1995.68
95 0 593749 1874.72
96 0 6.93813e-310 5
97 0 6.93813e-310 5
98 0 621015 2043.71
99 0 620877 2030.28
100 0 622283 2765.7
101 0 620659 2008.49
102 0 619048 3874.52
103 0 643597 810.422
104 0 604925 3403
105 0 642892 1366.14
106 0 612449 2997.34
107 0 630952 1769.33
108 0 615226 2586.06
109 0 615209 2847.65
110 0 614438 2618.32
111 0 644432 1020.99
112 0 6.93813e-310 5
113 0 6.93813e-310 5
114 0 641121 2465.67
115 0 639889 2441.16
116 0 640811 2399.68
117 0 640310 2442.98
118 0 640129 2104.97
119 0 639898 2284.64
120 0 630740 2081.04
121 0 630526 2157.35
122 0 631151 2081.79
123 0 630318 2127.7
124 0 629454 2268.4
125 0 630408 2151.02
126 0 630794 2213.29
127 0 630054 2225.1
128 0 6.93813e-310 5
129 0 6.93813e-310 5
130 0 656760 2771.71
131 0 656981 2658.41
132 0 685624 968.033
133 0 685533 1008.28
134 0 683530 1519.52
135 0 657681 2792.9
136 0 673847 806.376
137 0 648290 4248.39
138 0 650846 749.704
139 0 660244 793.22
140 0 660650 793.247
141 0 661186 959.659
142 0 660415 700.923
143 0 660833 842.756
144 0 6.93813e-310 5
145 0 6.93813e-310 5
146 0 672591 648.073
147 0 672522 752.81
148 0 670991 454.692
149 0 670682 446.503
150 0 670562 521.529
151 0 671875 488.34
152 0 663748 479.769
153 0 664880 647.73
154 0 663754 487.275
155 0 663808 691.529
156 0 6.93813e-310 5
157 0 6.93813e-310 5
158 0 6.93813e-310 5
159 0 6.93813e-310 5
