0 0 6.92406e-310 5
1 0 4.00715e-316 5
2 0 -210482 2520.78
3 0 -188078 5056.63
4 0 -205972 2766.58
5 0 -182237 3932.08
6 0 -211701 2726.77
7 0 -178056 4437.16
8 0 -213380 2445.88
9 0 -182770 4764.01
10 0 -213434 2678.71
11 0 -190029 4301.04
12 0 -216087 2587.93
13 0 -198884 4216.52
14 0 -223867 2638.59
15 0 -196649 4005.04
16 0 -171965 2615.41
17 0 -154026 4550.14
18 0 -179159 2544.99
19 0 -149894 4772.09
20 0 -280328 30974.7
21 0 -147993 4509.55
22 0 6.92406e-310 5
23 0 6.92406e-310 5
24 0 -180535 2677.49
25 0 -152131 4160.62
26 0 -180617 2709.6
27 0 -142910 5064.02
28 0 6.92406e-310 5
29 0 6.92406e-310 5
30 0 6.92406e-310 5
31 0 6.92406e-310 5
32 0 -159135 2909.64
33 0 -139921 4481.27
34 0 -169940 27746.4
35 0 -104926 2881.12
36 0 -172208 2656.12
37 0 -144868 5230.83
38 0 -169120 2558.51
39 0 -138736 4811.76
40 0 -165877 2759.24
41 0 -142104 4859.8
42 0 -210871 30911.2
43 0 -116174 31810.8
44 0 6.92406e-310 5
45 0 6.92406e-310 5
46 0 6.92406e-310 5
47 0 6.92406e-310 5
48 0 -153311 2706.9
49 0 -135060 4320.39
50 0 -156703 2427.67
51 0 -137690 3986.86
52 0 -245694 5064.66
53 0 -214631 3040.19
54 0 -155408 2568.88
55 0 -125607 5280.78
56 0 -150620 2465.83
57 0 -142014 3828.08
58 0 -297500 1201.09
59 0 -321170 2534.98
60 0 6.92406e-310 5
61 0 6.92406e-310 5
62 0 6.92406e-310 5
63 0 6.92406e-310 5
64 0 6.92406e-310 5
65 0 6.92406e-310 5
66 0 561585 2263.73
67 0 569429 2223
68 0 562240 2199.01
69 0 569817 2296.59
70 0 569797 2775.28
71 0 562013 2409.11
72 0 562144 2932.5
73 0 561790 2943.54
74 0 561724 2786.18
75 0 562093 3069.89
76 0 561857 2760.26
77 0 560708 2583.79
78 0 561652 2675.19
79 0 561750 2696.42
80 0 6.92406e-310 5
81 0 6.92406e-310 5
82 0 578363 2410.09
83 0 586507 2543.88
84 0 586351 2367.94
85 0 586183 2188.37
86 0 585900 2891.91
87 0 586712 2925.47
88 0 578533 2608.56
89 0 570849 2478.94
90 0 579586 2852.94
91 0 578240 2597.71
92 0 579629 2699.57
93 0 579446 2597.98
94 0 581254 3159.7
95 0 578774 2763.71
96 0 6.92406e-310 5
97 0 6.92406e-310 5
98 0 606512 2547.25
99 0 598685 3060.62
100 0 606604 2260.29
101 0 605497 1951.29
102 0 604122 2099.45
103 0 604258 1423.75
104 0 596834 2452.47
105 0 595665 2348.1
106 0 596001 2511.58
107 0 596254 2581.44
108 0 590409 2689.43
109 0 598256 2538.12
110 0 597661 2727.01
111 0 590234 2815.46
112 0 6.92406e-310 5
113 0 6.92406e-310 5
114 0 625652 3233.96
115 0 623589 2682.21
116 0 626353 2797.78
117 0 625349 3112.14
118 0 624590 2042.05
119 0 625125 2622.88
120 0 614403 1878.58
121 0 614112 1903.48
122 0 615517 2147.87
123 0 614254 1974.83
124 0 606177 2753.16
125 0 614992 2374.28
126 0 614835 2843.45
127 0 606339 3262.77
128 0 6.92406e-310 5
129 0 6.92406e-310 5
130 0 640605 2619.89
131 0 640859 2642.65
132 0 641453 2604.42
133 0 639715 2300.09
134 0 641470 2360.34
135 0 641014 2453.69
136 0 624618 2418.32
137 0 632380 2363.1
138 0 643185 596.1
139 0 636441 614.758
140 0 644543 633.254
141 0 645375 649.067
142 0 644563 650.344
143 0 644690 704.201
144 0 6.92406e-310 5
145 0 6.92406e-310 5
146 0 672855 700.786
147 0 672703 695.297
148 0 663482 497.338
149 0 671042 625.147
150 0 670571 597.009
151 0 664302 553.505
152 0 664157 539.844
153 0 665291 544.812
154 0 663944 592.03
155 0 664331 870.454
156 0 6.92406e-310 5
157 0 6.92406e-310 5
158 0 6.92406e-310 5
159 0 6.92406e-310 5
