0 0 6.94745e-310 5
1 0 4.71125e-316 5
2 0 -186746 4646.13
3 0 -284828 2795.41
4 0 -282000 3798.23
5 0 -251337 1578.16
6 0 -318765 6527.29
7 0 -214847 2431.31
8 0 -207500 2612.95
9 0 -149347 2482.61
10 0 -124500 0.246135
11 0 -122135 3950.97
12 0 -143500 0.250724
13 0 -312591 12234.2
14 0 -321500 0.2117
15 0 -264656 23343.3
16 0 -270140 2490.34
17 0 -260500 0.195214
18 0 -248470 16391.6
19 0 -106156 4646.94
20 0 -304500 0.186664
21 0 -130630 1265.38
22 0 6.94745e-310 5
23 0 6.94745e-310 5
24 0 -165500 0.25
25 0 6.94745e-310 5
26 0 -255500 0.171844
27 0 6.94745e-310 5
28 0 6.94745e-310 5
29 0 6.94745e-310 5
30 0 6.94745e-310 5
31 0 6.94745e-310 5
32 0 -195500 0.130155
33 0 6.94745e-310 5
34 0 -278500 0.251765
35 0 6.94745e-310 5
36 0 -302500 0.1837
37 0 6.94745e-310 5
38 0 -231500 0.149405
39 0 6.94745e-310 5
40 0 -313500 0.201625
41 0 6.94745e-310 5
42 0 -303500 0.184766
43 0 6.94745e-310 5
44 0 6.94745e-310 5
45 0 6.94745e-310 5
46 0 6.94745e-310 5
47 0 6.94745e-310 5
48 0 -321500 0.2117
49 0 6.94745e-310 5
50 0 -272500 0.162156
51 0 6.94745e-310 5
52 0 -224500 0.14915
53 0 6.94745e-310 5
54 0 -141770 2540.45
55 0 6.94745e-310 5
56 0 -296140 2490.34
57 0 -236500 0.156187
58 0 -283500 0.17988
59 0 -227243 16929.3
60 0 6.94745e-310 5
61 0 6.94745e-310 5
62 0 6.94745e-310 5
63 0 6.94745e-310 5
64 0 6.94745e-310 5
65 0 6.94745e-310 5
66 0 585922 2106.79
67 0 585817 2109.12
68 0 586616 2116.17
69 0 586122 2076
70 0 585736 1898.78
71 0 586090 2064.73
72 0 578922 1995.09
73 0 578544 2077.22
74 0 578816 1845.63
75 0 579114 1932.75
76 0 579382 1939.6
77 0 577675 1618.6
78 0 579402 1723.91
79 0 579325 2162.83
80 0 6.94745e-310 5
81 0 6.94745e-310 5
82 0 604322 1660.64
83 0 604372 2019.83
84 0 595263 2112.09
85 0 602808 1481.65
86 0 603242 1280.15
87 0 596497 1795.78
88 0 595451 1258.96
89 0 596002 1316.5
90 0 596547 1489.52
91 0 595169 1402.04
92 0 596085 1728.01
93 0 596158 1772.37
94 0 596787 1873.58
95 0 594746 1637.14
96 0 6.94745e-310 5
97 0 6.94745e-310 5
98 0 621868 1881.53
99 0 613858 1871.14
100 0 622681 2238.95
101 0 621515 1928.99
102 0 620097 694.965
103 0 619146 2726.75
104 0 614055 2872.04
105 0 613697 5277.52
106 0 613901 2496.43
107 0 613917 2510.63
108 0 615294 2736.34
109 0 608145 2316.66
110 0 615228 2221.1
111 0 615606 2135.91
112 0 6.94745e-310 5
113 0 6.94745e-310 5
114 0 641824 2263.33
115 0 640635 2269.18
116 0 641524 2106.36
117 0 641105 2362.06
118 0 640762 1895.33
119 0 640789 2067.72
120 0 631236 1742.49
121 0 630898 1720.06
122 0 631960 1753.89
123 0 630886 1758.72
124 0 630302 1832.38
125 0 630822 1595.63
126 0 623345 1495.08
127 0 630879 2211.16
128 0 6.94745e-310 5
129 0 6.94745e-310 5
130 0 657438 958.548
131 0 657560 2433.13
132 0 658903 1542.59
133 0 656767 2439.7
134 0 648563 3077.42
135 0 658958 4028
136 0 647286 2088.5
137 0 647000 3125.55
138 0 659649 551.723
139 0 661031 664.218
140 0 661429 588.143
141 0 661881 754.823
142 0 661216 557.632
143 0 661561 653.324
144 0 6.94745e-310 5
145 0 6.94745e-310 5
146 0 673537 479.826
147 0 673302 617.765
148 0 671995 427.1
149 0 671738 384.775
150 0 671634 469.816
151 0 672833 441.995
152 0 664600 415.033
153 0 665667 491.184
154 0 656665 400.694
155 0 664617 573.599
156 0 6.94745e-310 5
157 0 6.94745e-310 5
158 0 6.94745e-310 5
159 0 6.94745e-310 5
