0 0 6.94723e-310 5
1 0 5.02139e-316 5
2 0 -211257 2462.07
3 0 -188984 4828.95
4 0 -206524 2457.22
5 0 -182962 4206.37
6 0 -212274 2504.04
7 0 -178681 4560.6
8 0 -214141 2588.78
9 0 -183499 4427.76
10 0 -214157 2670.91
11 0 -190709 3925.24
12 0 -216816 2548.2
13 0 -199664 4523.35
14 0 -224680 2632.31
15 0 -197681 3844.59
16 0 -172799 2376.95
17 0 -154580 4735.04
18 0 -179969 2601.28
19 0 -150554 5106.28
20 0 -182325 2528.73
21 0 -148641 4528.33
22 0 6.94723e-310 5
23 0 6.94723e-310 5
24 0 -181456 2639.49
25 0 -152864 3796.26
26 0 -181539 2701.65
27 0 -143680 4494.71
28 0 6.94723e-310 5
29 0 6.94723e-310 5
30 0 6.94723e-310 5
31 0 6.94723e-310 5
32 0 -159925 2797.36
33 0 -140740 4496.24
34 0 -163523 2764.12
35 0 -140561 4498.1
36 0 -173202 2612.01
37 0 -145003 4421.05
38 0 -170045 2509.13
39 0 -139695 4633.22
40 0 -166639 2657.9
41 0 -143166 4384.41
42 0 -173685 2663.63
43 0 -144850 4335.54
44 0 6.94723e-310 5
45 0 6.94723e-310 5
46 0 6.94723e-310 5
47 0 6.94723e-310 5
48 0 -154143 2660.69
49 0 -136097 4503.64
50 0 -157601 2470.37
51 0 -138492 3763.27
52 0 -156785 2488.78
53 0 -129631 3913.66
54 0 -156116 2451.53
55 0 -126156 5040.4
56 0 -151481 2376.21
57 0 -129750 4192.29
58 0 -152806 2608.8
59 0 -125919 4464.27
60 0 6.94723e-310 5
61 0 6.94723e-310 5
62 0 6.94723e-310 5
63 0 6.94723e-310 5
64 0 6.94723e-310 5
65 0 6.94723e-310 5
66 0 570096 2421.37
67 0 562013 2411.88
68 0 570749 2369.57
69 0 570417 2499.1
70 0 561802 2440.34
71 0 570367 2495.69
72 0 554660 2803.11
73 0 562354 2833.5
74 0 562288 2939.56
75 0 554660 2879.88
76 0 562348 3010.16
77 0 561252 2775.51
78 0 554121 2634.14
79 0 562250 2994.7
80 0 6.94723e-310 5
81 0 6.94723e-310 5
82 0 587016 2662.88
83 0 586890 2519.18
84 0 586838 2345.84
85 0 586773 2312.36
86 0 586499 2808.16
87 0 587358 2831.76
88 0 579052 2440.52
89 0 579374 2633.89
90 0 580292 2807.7
91 0 578708 2621.4
92 0 579897 2517.37
93 0 579802 2388.07
94 0 581166 2557.79
95 0 578798 2349.26
96 0 6.94723e-310 5
97 0 6.94723e-310 5
98 0 606482 2214.43
99 0 606404 2421.45
100 0 607440 2553.7
101 0 605866 1927.6
102 0 604517 2101.55
103 0 604729 1637.65
104 0 597297 2545.73
105 0 596110 2421.74
106 0 596496 2632.76
107 0 596991 2667.96
108 0 598934 2571.69
109 0 598915 2771.8
110 0 598270 2795.96
111 0 598789 2515.26
112 0 6.94723e-310 5
113 0 6.94723e-310 5
114 0 625792 2944.39
115 0 623986 2702.13
116 0 626415 2831.61
117 0 625914 3450.6
118 0 625239 2285.31
119 0 625019 2376.49
120 0 607123 2116.01
121 0 614582 2103.46
122 0 616236 2196.9
123 0 607162 2258.49
124 0 614631 2521.43
125 0 615538 2358.23
126 0 615821 2661.89
127 0 614970 2857.12
128 0 6.94723e-310 5
129 0 6.94723e-310 5
130 0 633175 2665.6
131 0 641608 2918.46
132 0 642025 2742.72
133 0 640572 2571.18
134 0 642395 2677.46
135 0 641688 2668.43
136 0 633488 2589.51
137 0 633323 2676.41
138 0 643625 694.735
139 0 644869 797.689
140 0 644892 786.38
141 0 645705 764.469
142 0 644830 750.542
143 0 644987 832.482
144 0 6.94723e-310 5
145 0 6.94723e-310 5
146 0 673249 779.647
147 0 673040 843.97
148 0 671707 546.347
149 0 663392 562.513
150 0 671040 658.452
151 0 664581 665.953
152 0 664422 566.397
153 0 665593 668.225
154 0 664356 531.249
155 0 664572 670.375
156 0 6.94723e-310 5
157 0 6.94723e-310 5
158 0 6.94723e-310 5
159 0 6.94723e-310 5
