0 0 6.91577e-310 5
1 0 4.33992e-316 5
2 0 -210970 2645.38
3 0 -188190 4390.09
4 0 -206214 2523.2
5 0 -182469 3884.93
6 0 -211940 2630.68
7 0 -178042 4606.78
8 0 -213538 2450.83
9 0 -183053 4437.74
10 0 -213670 2767.97
11 0 -190040 3930.4
12 0 -216223 2407.33
13 0 -199465 3924.84
14 0 -224034 2474.09
15 0 -196977 3985.44
16 0 -172297 2275.82
17 0 -154117 4583.21
18 0 -179378 2666.96
19 0 -149591 5177.43
20 0 -181709 2597.36
21 0 -147995 4475.78
22 0 6.91577e-310 5
23 0 6.91577e-310 5
24 0 -180878 2659.01
25 0 -152131 4112.06
26 0 -180988 2709.32
27 0 -142952 4703.77
28 0 6.91577e-310 5
29 0 6.91577e-310 5
30 0 6.91577e-310 5
31 0 6.91577e-310 5
32 0 -159745 3147.07
33 0 -140277 4381.97
34 0 -162885 2756.81
35 0 -139934 4680.53
36 0 -172368 2441.5
37 0 -144413 4476.39
38 0 -169327 2586.3
39 0 -138988 4455.6
40 0 -165847 2627.09
41 0 -142220 4895.81
42 0 -173161 2593.89
43 0 -144172 4456.34
44 0 6.91577e-310 5
45 0 6.91577e-310 5
46 0 6.91577e-310 5
47 0 6.91577e-310 5
48 0 -153618 2626.8
49 0 -135605 4662.26
50 0 -156936 2320.99
51 0 -137816 3875.75
52 0 -156137 2339.96
53 0 -128777 3512.29
54 0 -155440 2398.72
55 0 -125730 5167.89
56 0 -150923 2375.66
57 0 -129377 3810.35
58 0 -152194 2327.18
59 0 -125632 4718.03
60 0 6.91577e-310 5
61 0 6.91577e-310 5
62 0 6.91577e-310 5
63 0 6.91577e-310 5
64 0 6.91577e-310 5
65 0 6.91577e-310 5
66 0 570090 2340.43
67 0 562024 2341.89
68 0 570783 2326.01
69 0 570407 2406.14
70 0 561889 2444.89
71 0 570437 2429.27
72 0 554692 2787.99
73 0 562404 2806.72
74 0 562291 2893.64
75 0 554723 2861.03
76 0 562467 2938.04
77 0 561427 2671.27
78 0 554168 2624.19
79 0 562337 2869.33
80 0 6.91577e-310 5
81 0 6.91577e-310 5
82 0 587153 2563.04
83 0 586963 2465.34
84 0 586841 2377.87
85 0 586754 2262.45
86 0 586540 2744.09
87 0 587337 2920.4
88 0 579160 2289.41
89 0 579361 2699.2
90 0 580440 2624.5
91 0 578662 2704.16
92 0 579949 2627.43
93 0 579796 2438.4
94 0 581354 2588.09
95 0 578935 2508.11
96 0 6.91577e-310 5
97 0 6.91577e-310 5
98 0 606919 2495.7
99 0 606569 2492.24
100 0 607343 2417.22
101 0 605939 1940.68
102 0 604555 2188.6
103 0 604843 1659.59
104 0 597325 2584.42
105 0 596114 2408.21
106 0 596657 2587.84
107 0 596990 2535.82
108 0 598912 2657.9
109 0 598930 2768.09
110 0 598491 2802.92
111 0 598697 2496.83
112 0 6.91577e-310 5
113 0 6.91577e-310 5
114 0 626072 3031.93
115 0 624260 2782.41
116 0 626302 2670.62
117 0 626259 3395.85
118 0 625233 2232.9
119 0 625255 2525.52
120 0 607236 2130.01
121 0 614707 2074.74
122 0 616184 2072.93
123 0 607139 2143.85
124 0 614653 2494.69
125 0 615352 2179.68
126 0 615654 2792.68
127 0 614982 2770.31
128 0 6.91577e-310 5
129 0 6.91577e-310 5
130 0 633140 2793.66
131 0 641737 2795.21
132 0 641978 2645.98
133 0 640580 2523.65
134 0 642301 2556.55
135 0 641609 2576.61
136 0 633408 2395.27
137 0 633265 2578.71
138 0 643638 673.043
139 0 644888 782.639
140 0 645021 769.966
141 0 645746 750.802
142 0 644886 755.66
143 0 645141 844.861
144 0 6.91577e-310 5
145 0 6.91577e-310 5
146 0 673346 662.789
147 0 673095 836.444
148 0 671787 533.792
149 0 663480 517.651
150 0 671189 551.623
151 0 664618 678.66
152 0 664409 547.412
153 0 665586 651.262
154 0 664360 500.279
155 0 664566 662.302
156 0 6.91577e-310 5
157 0 6.91577e-310 5
158 0 6.91577e-310 5
159 0 6.91577e-310 5
