0 0 6.92046e-310 5
1 0 5.10658e-316 5
2 0 -103439 3642.42
3 0 -297745 27510.3
4 0 -200192 12679.7
5 0 -271522 4211.85
6 0 -235500 1349.08
7 0 -128759 8606.54
8 0 -277962 1871.61
9 0 -291719 5065.17
10 0 -313844 996.137
11 0 -220590 18525.2
12 0 -147589 4987.37
13 0 -239010 6079.26
14 0 -223406 21082.8
15 0 -120737 4790.49
16 0 -209410 20612.1
17 0 -140484 2689.21
18 0 -361443 20615.5
19 0 -199778 28025.7
20 0 -176710 3293.64
21 0 -203683 2910.49
22 0 6.92046e-310 5
23 0 6.92046e-310 5
24 0 -303500 0.184766
25 0 -190188 16474.3
26 0 -316500 0.207029
27 0 -302812 1992.27
28 0 6.92046e-310 5
29 0 6.92046e-310 5
30 0 6.92046e-310 5
31 0 6.92046e-310 5
32 0 -322500 0.211825
33 0 -284000 555.728
34 0 -202500 1471.08
35 0 -305735 21166.4
36 0 -289500 0.174331
37 0 -207500 0.120399
38 0 -227844 996.136
39 0 -254846 4792.28
40 0 -263500 3396.45
41 0 -241000 3798.23
42 0 -238844 996.136
43 0 -130156 2846.23
44 0 6.92046e-310 5
45 0 6.92046e-310 5
46 0 6.92046e-310 5
47 0 6.92046e-310 5
48 0 -233500 0.153907
49 0 -227500 0.149176
50 0 -200500 0.134332
51 0 -154630 2669.5
52 0 -213516 1494.2
53 0 -143844 996.134
54 0 -157965 3770.74
55 0 -213404 20612.4
56 0 -141224 2156.18
57 0 -182500 0.242461
58 0 -205500 0.304866
59 0 -178500 0.236703
60 0 6.92046e-310 5
61 0 6.92046e-310 5
62 0 6.92046e-310 5
63 0 6.92046e-310 5
64 0 6.92046e-310 5
65 0 6.92046e-310 5
66 0 571538 2706.05
67 0 571409 2794.63
68 0 572000 2540.6
69 0 563755 2665.33
70 0 571187 2401.94
71 0 571633 2586.31
72 0 564391 2613.02
73 0 563790 2520.03
74 0 564425 2523.51
75 0 564628 2582.63
76 0 564891 2511.04
77 0 563342 2334.95
78 0 564866 2548.34
79 0 564864 2413.08
80 0 6.92046e-310 5
81 0 6.92046e-310 5
82 0 590446 2696.16
83 0 589587 2139.79
84 0 588982 2139.61
85 0 589100 2029.64
86 0 589050 1969.55
87 0 590116 2258.54
88 0 573416 2123.5
89 0 581792 2101.67
90 0 582395 2266.78
91 0 573090 2145.41
92 0 581603 2389.7
93 0 581779 2220.17
94 0 582505 2421.11
95 0 580544 2291.81
96 0 6.92046e-310 5
97 0 6.92046e-310 5
98 0 607697 2540.8
99 0 607598 2462.92
100 0 608980 3132.58
101 0 607359 2488.95
102 0 606335 4826.7
103 0 604451 3367.45
104 0 600324 2903.43
105 0 594909 3767.79
106 0 592036 2768.71
107 0 599808 2731.1
108 0 602094 2962.21
109 0 601516 3022.08
110 0 601061 2539.05
111 0 601120 2642.67
112 0 6.92046e-310 5
113 0 6.92046e-310 5
114 0 627852 2692.97
115 0 618602 2775.83
116 0 627624 2805.89
117 0 626982 2893.3
118 0 626656 2700.68
119 0 626443 2813.86
120 0 617232 2534.56
121 0 616870 2622.13
122 0 617790 2603.14
123 0 616875 2524.7
124 0 616064 2399.12
125 0 608931 2364.23
126 0 617602 2611.41
127 0 616957 2720.73
128 0 6.92046e-310 5
129 0 6.92046e-310 5
130 0 643401 2781.27
131 0 643570 2750.54
132 0 644866 2778.36
133 0 642812 2885.07
134 0 644216 3305.03
135 0 644566 2942.29
136 0 633322 2606.81
137 0 634129 3321.21
138 0 6.92046e-310 5
139 0 646888 1432.82
140 0 647304 1394.65
141 0 647830 1583.85
142 0 646868 1373.77
143 0 647313 1458.01
144 0 6.92046e-310 5
145 0 6.92046e-310 5
146 0 675163 1269.54
147 0 674921 1385.21
148 0 674117 1263.16
149 0 665471 1295.88
150 0 673496 1338.55
151 0 674771 1374.56
152 0 666250 1415.42
153 0 667629 1347.58
154 0 666565 1312.3
155 0 666604 1367.16
156 0 6.92046e-310 5
157 0 6.92046e-310 5
158 0 6.92046e-310 5
159 0 6.92046e-310 5
