0 0 6.947e-310 5
1 0 3.57774e-316 5
2 0 -313500 2547.34
3 0 -283056 8346.6
4 0 -279001 5371.62
5 0 -188804 21804.1
6 0 -254269 25947.3
7 0 -310434 2768.26
8 0 -340186 18855.4
9 0 -108117 3296.1
10 0 -229500 2263.23
11 0 -179071 5366.77
12 0 -117172 498.068
13 0 -166198 3291.64
14 0 -187962 18898.1
15 0 -214716 2887.4
16 0 -292000 1201.14
17 0 -227235 4231.1
18 0 -311500 0.196609
19 0 -280519 1122.2
20 0 -192500 0.250613
21 0 -318587 2186.08
22 0 6.947e-310 5
23 0 6.947e-310 5
24 0 -242000 2778.64
25 0 -274500 0.136186
26 0 -262500 0.207469
27 0 -254964 919.292
28 0 6.947e-310 5
29 0 6.947e-310 5
30 0 6.947e-310 5
31 0 6.947e-310 5
32 0 -282500 0.18772
33 0 -158238 12872.9
34 0 -109500 0.24706
35 0 -153500 3396.45
36 0 -109500 0.247062
37 0 -225500 0.14915
38 0 -262500 0.207465
39 0 -135122 1831.21
40 0 -296500 0.155697
41 0 -121812 1992.27
42 0 -304500 0.186665
43 0 -240500 0.150335
44 0 6.947e-310 5
45 0 6.947e-310 5
46 0 6.947e-310 5
47 0 6.947e-310 5
48 0 -109500 0.247062
49 0 -287500 0.174492
50 0 -149979 23733.2
51 0 -363463 20611.1
52 0 -140597 6453.9
53 0 -195140 2490.33
54 0 -321500 2222.91
55 0 -260500 0.195223
56 0 -219844 996.135
57 0 -155500 1471.08
58 0 -270500 0.177021
59 0 -119500 2547.34
60 0 6.947e-310 5
61 0 6.947e-310 5
62 0 6.947e-310 5
63 0 6.947e-310 5
64 0 6.947e-310 5
65 0 6.947e-310 5
66 0 6.947e-310 5
67 0 6.947e-310 5
68 0 6.947e-310 5
69 0 6.947e-310 5
70 0 6.947e-310 5
71 0 3.51449e-316 5
72 0 6.947e-310 5
73 0 6.947e-310 5
74 0 6.947e-310 5
75 0 6.947e-310 5
76 0 6.947e-310 5
77 0 6.947e-310 5
78 0 6.947e-310 5
79 0 6.947e-310 5
80 0 6.947e-310 5
81 0 6.947e-310 5
82 0 6.947e-310 5
83 0 6.947e-310 5
84 0 6.947e-310 5
85 0 6.947e-310 5
86 0 6.947e-310 5
87 0 6.947e-310 5
88 0 6.947e-310 5
89 0 6.947e-310 5
90 0 6.947e-310 5
91 0 580969 1601.09
92 0 581598 1906.15
93 0 581787 1722.8
94 0 6.947e-310 5
95 0 6.947e-310 5
96 0 6.947e-310 5
97 0 6.947e-310 5
98 0 6.947e-310 5
99 0 6.947e-310 5
100 0 6.947e-310 5
101 0 6.947e-310 5
102 0 6.947e-310 5
103 0 629760 802.526
104 0 6.947e-310 5
105 0 629220 1547.56
106 0 6.947e-310 5
107 0 625191 1620.09
108 0 6.947e-310 5
109 0 601886 2756.63
110 0 601274 2380.21
111 0 630558 1132.71
112 0 6.947e-310 5
113 0 6.947e-310 5
114 0 6.947e-310 5
115 0 626650 2410.36
116 0 6.947e-310 5
117 0 627155 2503.74
118 0 6.947e-310 5
119 0 6.947e-310 5
120 0 6.947e-310 5
121 0 6.947e-310 5
122 0 6.947e-310 5
123 0 616955 2135.07
124 0 6.947e-310 5
125 0 608988 2108.08
126 0 6.947e-310 5
127 0 6.947e-310 5
128 0 6.947e-310 5
129 0 6.947e-310 5
130 0 6.947e-310 5
131 0 6.947e-310 5
132 0 6.947e-310 5
133 0 6.947e-310 5
134 0 6.947e-310 5
135 0 670026 694.526
136 0 6.947e-310 5
137 0 661119 775.347
138 0 6.947e-310 5
139 0 646839 804.08
140 0 6.947e-310 5
141 0 647778 1094.91
142 0 6.947e-310 5
143 0 647228 825.504
144 0 6.947e-310 5
145 0 6.947e-310 5
146 0 6.947e-310 5
147 0 6.947e-310 5
148 0 6.947e-310 5
149 0 6.947e-310 5
150 0 672955 451.133
151 0 674445 604.847
152 0 658285 663.937
153 0 667388 652.607
154 0 6.947e-310 5
155 0 6.947e-310 5
156 0 6.947e-310 5
157 0 6.947e-310 5
158 0 6.947e-310 5
159 0 6.947e-310 5
