0 0 6.91339e-310 5
1 0 3.80966e-316 5
2 0 -210966 2648.89
3 0 -188679 4715.62
4 0 -206489 2577.5
5 0 -182896 3873.04
6 0 -212072 2693.61
7 0 -178345 4426.18
8 0 -213812 2564.41
9 0 -183370 4510.02
10 0 -214022 2757.37
11 0 -190338 4145.76
12 0 -216695 2584.88
13 0 -199486 4149.75
14 0 -224273 2701.7
15 0 -197411 3842.84
16 0 -172496 2478.71
17 0 -154374 4722.55
18 0 -179542 2552.74
19 0 -150358 5121.36
20 0 -182057 2566.82
21 0 -148371 4357.41
22 0 6.91339e-310 5
23 0 6.91339e-310 5
24 0 -181011 2649.69
25 0 -152833 4299.37
26 0 -181311 2870.48
27 0 -143390 4963.92
28 0 6.91339e-310 5
29 0 6.91339e-310 5
30 0 6.91339e-310 5
31 0 6.91339e-310 5
32 0 -159786 3060.08
33 0 -140600 4470.89
34 0 -163049 2891.55
35 0 -140392 4957.2
36 0 -172702 2624.4
37 0 -144993 4879.01
38 0 -169473 2499.92
39 0 -139480 4715.58
40 0 -166024 2479.15
41 0 -142644 4208.93
42 0 -173326 2640.27
43 0 -144631 4262.68
44 0 6.91339e-310 5
45 0 6.91339e-310 5
46 0 6.91339e-310 5
47 0 6.91339e-310 5
48 0 -227705 4859.16
49 0 -135988 4143.62
50 0 -157179 2471.33
51 0 -138017 3815.77
52 0 -156373 2437.84
53 0 -128977 3704.26
54 0 -155852 2663.37
55 0 -125978 5430.71
56 0 -151148 2498.72
57 0 -129049 4435.53
58 0 -152645 2598
59 0 -125283 4384.04
60 0 6.91339e-310 5
61 0 6.91339e-310 5
62 0 6.91339e-310 5
63 0 6.91339e-310 5
64 0 6.91339e-310 5
65 0 6.91339e-310 5
66 0 570018 2355.27
67 0 569922 2338.32
68 0 570744 2348.98
69 0 570351 2436.43
70 0 569887 2396.79
71 0 562419 2440.04
72 0 562611 2866.27
73 0 562384 2855.07
74 0 562230 2978.15
75 0 562613 2972.49
76 0 562306 3072.04
77 0 561324 2793.1
78 0 562039 2650.02
79 0 562250 3007.01
80 0 6.91339e-310 5
81 0 6.91339e-310 5
82 0 587019 2663.83
83 0 586905 2547.33
84 0 586581 2714.66
85 0 586736 2301.74
86 0 586394 2888.53
87 0 587165 2969.76
88 0 571098 2388.61
89 0 579269 2783.19
90 0 580321 2837.15
91 0 570620 2752.33
92 0 579903 2647.23
93 0 579787 2493.88
94 0 581376 2640.29
95 0 578937 2556.16
96 0 6.91339e-310 5
97 0 6.91339e-310 5
98 0 606554 2228.14
99 0 606563 2519.42
100 0 607197 2375.8
101 0 605908 1948.74
102 0 604361 2286.48
103 0 604792 1661.05
104 0 589193 2571.39
105 0 596060 2456.09
106 0 596552 2653.44
107 0 588903 2585.36
108 0 598853 2659.93
109 0 598851 2784.35
110 0 598379 2825.28
111 0 598750 2538.04
112 0 6.91339e-310 5
113 0 6.91339e-310 5
114 0 625933 3035.6
115 0 624164 2815.19
116 0 626726 2997.1
117 0 626163 3436.08
118 0 625202 2227.61
119 0 625113 2409.89
120 0 615185 2133.34
121 0 614650 2076.18
122 0 616153 2121.29
123 0 615060 2161.51
124 0 614666 2518.15
125 0 615335 2185.12
126 0 615612 2880.16
127 0 614961 2817.79
128 0 6.91339e-310 5
129 0 6.91339e-310 5
130 0 641047 2664.01
131 0 641595 2884.81
132 0 641919 2727.71
133 0 640528 2566.19
134 0 642294 2616.14
135 0 641588 2650.77
136 0 633359 2568.48
137 0 633205 2639.03
138 0 635643 685.655
139 0 644877 789.651
140 0 644993 786.004
141 0 645730 754.832
142 0 644871 762.454
143 0 645086 850.215
144 0 6.91339e-310 5
145 0 6.91339e-310 5
146 0 673314 684.97
147 0 673077 854.948
148 0 671746 544.115
149 0 671449 532.904
150 0 671161 579.909
151 0 672608 687.781
152 0 664406 572.697
153 0 665576 660.433
154 0 664344 512.677
155 0 664571 677.588
156 0 6.91339e-310 5
157 0 6.91339e-310 5
158 0 6.91339e-310 5
159 0 6.91339e-310 5
