0 0 6.90545e-310 5
1 0 5.66283e-316 5
2 0 -210993 2536.17
3 0 -188506 4240.63
4 0 -206398 2462.11
5 0 -182879 3926.17
6 0 -212091 2624.22
7 0 -178370 4538.92
8 0 -213929 2560.8
9 0 -183385 4706.77
10 0 -213982 2762.03
11 0 -190291 3937.32
12 0 -216662 2459.48
13 0 -199673 4025.34
14 0 -224388 2480.72
15 0 -197534 3977.24
16 0 -172412 2409.35
17 0 -154461 4428.56
18 0 -179762 2698.6
19 0 -150175 4848.22
20 0 -181986 2557.8
21 0 -148611 4534.98
22 0 6.90545e-310 5
23 0 6.90545e-310 5
24 0 -181119 2666.82
25 0 -152647 4357.17
26 0 -181312 2647.59
27 0 -143384 4626.35
28 0 6.90545e-310 5
29 0 6.90545e-310 5
30 0 6.90545e-310 5
31 0 6.90545e-310 5
32 0 -159853 3081.5
33 0 -140487 4425.3
34 0 -163180 2786.44
35 0 -140582 4542.14
36 0 -172735 2569.85
37 0 -144912 4553.5
38 0 -169734 2517.63
39 0 -139165 4578.12
40 0 -166145 2569.01
41 0 -142477 4549.33
42 0 -173330 2546.11
43 0 -144649 4360.52
44 0 6.90545e-310 5
45 0 6.90545e-310 5
46 0 6.90545e-310 5
47 0 6.90545e-310 5
48 0 -153994 3445.26
49 0 -135682 4311.17
50 0 -157240 2494.6
51 0 -138191 3810.19
52 0 -156395 2317.31
53 0 -129283 3795.12
54 0 -155974 2644.21
55 0 -126107 5973.51
56 0 -151197 2428.13
57 0 -129395 4521.6
58 0 -152461 2381.35
59 0 -125717 4726.59
60 0 6.90545e-310 5
61 0 6.90545e-310 5
62 0 6.90545e-310 5
63 0 6.90545e-310 5
64 0 6.90545e-310 5
65 0 6.90545e-310 5
66 0 570071 2375.23
67 0 562020 2377.32
68 0 570746 2340.11
69 0 570413 2433.19
70 0 561814 2459.15
71 0 570407 2492.39
72 0 554662 2798.55
73 0 562335 2795.66
74 0 562259 2927.69
75 0 554666 2887.04
76 0 562369 2971.85
77 0 561336 2736.1
78 0 554092 2604.71
79 0 562277 2937.14
80 0 6.90545e-310 5
81 0 6.90545e-310 5
82 0 587124 2609.2
83 0 586917 2473.79
84 0 586846 2345.58
85 0 586729 2240.94
86 0 586530 2851.06
87 0 587340 2838.35
88 0 579137 2340.63
89 0 579343 2689.92
90 0 580365 2729.35
91 0 578673 2642.42
92 0 579930 2563.14
93 0 579752 2401.57
94 0 581255 2586.04
95 0 578839 2403.15
96 0 6.90545e-310 5
97 0 6.90545e-310 5
98 0 606861 2495.35
99 0 606463 2447.16
100 0 607390 2496.51
101 0 605903 1947.52
102 0 604482 2201.2
103 0 604731 1615.15
104 0 597278 2540.62
105 0 596107 2417.91
106 0 596563 2641.78
107 0 596976 2596.51
108 0 598905 2650.77
109 0 598885 2742.15
110 0 598370 2809.41
111 0 598771 2548.72
112 0 6.90545e-310 5
113 0 6.90545e-310 5
114 0 625883 2976.71
115 0 624113 2727.02
116 0 626039 2489.16
117 0 626142 3475.51
118 0 625228 2230.36
119 0 625109 2416.21
120 0 607218 2175.79
121 0 614708 2144.61
122 0 616210 2151.33
123 0 607123 2207.29
124 0 614669 2518.92
125 0 615365 2210.29
126 0 615731 2763.67
127 0 614940 2804.17
128 0 6.90545e-310 5
129 0 6.90545e-310 5
130 0 633111 2637.42
131 0 641632 2841.43
132 0 641971 2693.77
133 0 640547 2543.96
134 0 642340 2601.69
135 0 641614 2617.12
136 0 633430 2484.58
137 0 633280 2624.64
138 0 643626 678.24
139 0 644873 788.2
140 0 644946 783.027
141 0 645725 753.252
142 0 644848 750.852
143 0 645059 846.313
144 0 6.90545e-310 5
145 0 6.90545e-310 5
146 0 673288 722.024
147 0 673054 843.057
148 0 671732 540.282
149 0 663436 538.373
150 0 671113 599.763
151 0 664588 666.776
152 0 664413 555.497
153 0 665583 655.604
154 0 664354 510.122
155 0 664564 661.558
156 0 6.90545e-310 5
157 0 6.90545e-310 5
158 0 6.90545e-310 5
159 0 6.90545e-310 5
