0 0 6.92896e-310 5
1 0 6.37354e-316 5
2 0 -145321 4819.54
3 0 -146321 4820.09
4 0 -239576 29807.9
5 0 -203925 2965.52
6 0 -263757 6927.03
7 0 -164909 5149.94
8 0 -127342 2922.21
9 0 -269307 9514.22
10 0 -154000 21817.4
11 0 -210565 19454.4
12 0 -195412 1402.06
13 0 -235206 4382.17
14 0 -164877 5048.41
15 0 -213064 3419.25
16 0 -157500 3399.19
17 0 -307465 28440.6
18 0 -349830 21177.5
19 0 -131521 4908.47
20 0 -314559 3580.01
21 0 -131070 2878.81
22 0 6.92896e-310 5
23 0 6.92896e-310 5
24 0 -109000 1200.52
25 0 6.92896e-310 5
26 0 -304221 4907.96
27 0 6.92896e-310 5
28 0 6.92896e-310 5
29 0 6.92896e-310 5
30 0 6.92896e-310 5
31 0 6.92896e-310 5
32 0 -294223 8289.61
33 0 6.92896e-310 5
34 0 -211500 1471.08
35 0 6.92896e-310 5
36 0 -284812 1992.27
37 0 6.92896e-310 5
38 0 -209000 555.728
39 0 6.92896e-310 5
40 0 -151338 1235.51
41 0 6.92896e-310 5
42 0 -250812 1992.27
43 0 6.92896e-310 5
44 0 6.92896e-310 5
45 0 6.92896e-310 5
46 0 6.92896e-310 5
47 0 6.92896e-310 5
48 0 -298500 0.179896
49 0 6.92896e-310 5
50 0 -182699 27924.6
51 0 6.92896e-310 5
52 0 -202660 3104.33
53 0 6.92896e-310 5
54 0 -324500 0.211573
55 0 6.92896e-310 5
56 0 -226844 996.136
57 0 -244499 4374.92
58 0 -136172 498.068
59 0 -127259 1215.22
60 0 6.92896e-310 5
61 0 6.92896e-310 5
62 0 6.92896e-310 5
63 0 6.92896e-310 5
64 0 6.92896e-310 5
65 0 6.92896e-310 5
66 0 585993 2135.99
67 0 577863 2120.11
68 0 586556 2060.41
69 0 586143 2102.26
70 0 585789 1939.04
71 0 586092 2005.59
72 0 578981 1972.59
73 0 578427 2016.06
74 0 578963 1852.13
75 0 579105 1939.46
76 0 579342 2133.59
77 0 569968 1838.73
78 0 579362 1842.98
79 0 579281 1832.13
80 0 6.92896e-310 5
81 0 6.92896e-310 5
82 0 596951 2227.74
83 0 604200 1997.86
84 0 603167 1387.95
85 0 602734 1079.96
86 0 603515 1718.31
87 0 604162 1722.76
88 0 595587 1609.58
89 0 596170 1554.88
90 0 596689 1660.61
91 0 595244 1385.08
92 0 596226 1817.32
93 0 596143 1744.23
94 0 596905 1942.49
95 0 594850 1719.4
96 0 6.92896e-310 5
97 0 6.92896e-310 5
98 0 621962 1898.84
99 0 621898 1895.53
100 0 622740 2226.36
101 0 621555 1900.85
102 0 621189 3922.33
103 0 620639 982.781
104 0 613600 3067.23
105 0 603289 2960.86
106 0 613193 2805.37
107 0 613684 3533.15
108 0 616004 2721.2
109 0 615821 3212.63
110 0 615220 2324.05
111 0 615603 2682.12
112 0 6.92896e-310 5
113 0 6.92896e-310 5
114 0 642035 2468.09
115 0 640955 2329.33
116 0 641811 2354.15
117 0 633021 2184.61
118 0 640884 1956.49
119 0 640696 2045.27
120 0 631228 1724.5
121 0 630993 1750.86
122 0 631986 1788.2
123 0 630995 1771.46
124 0 630463 1907.67
125 0 623142 1963.9
126 0 631545 2396.89
127 0 631010 2081.51
128 0 6.92896e-310 5
129 0 6.92896e-310 5
130 0 657617 2425.64
131 0 657810 2453.53
132 0 658208 2795.92
133 0 656238 2592.52
134 0 674577 9794.23
135 0 658517 3204.64
136 0 653049 6613.17
137 0 645682 937.613
138 0 659648 604.017
139 0 661077 635.019
140 0 653465 567.237
141 0 661971 743.56
142 0 661264 574.433
143 0 653608 626.947
144 0 6.92896e-310 5
145 0 6.92896e-310 5
146 0 673579 458.143
147 0 673357 613.726
148 0 672093 480.366
149 0 671752 382.278
150 0 671673 446.094
151 0 672859 450.316
152 0 664639 408.548
153 0 665705 510.649
154 0 664679 404.299
155 0 664652 603.133
156 0 6.92896e-310 5
157 0 6.92896e-310 5
158 0 6.92896e-310 5
159 0 6.92896e-310 5
