0 0 6.93226e-310 5
1 0 5.44844e-316 5
2 0 -213000 2569.84
3 0 -190712 4634.93
4 0 -208355 2459.4
5 0 -184732 4296.12
6 0 -214070 2502.05
7 0 -180436 4415.35
8 0 -215834 2618.77
9 0 -185155 4313.47
10 0 -216019 2792.09
11 0 -192432 3824.58
12 0 -218427 2485.23
13 0 -201564 4628.34
14 0 -226222 2548.91
15 0 -199420 3892.52
16 0 -174673 2550.98
17 0 -156699 4515.6
18 0 -181426 2537.61
19 0 -152356 5066.03
20 0 -184205 2804.26
21 0 -150388 4495.63
22 0 6.93226e-310 5
23 0 6.93226e-310 5
24 0 -183129 2804
25 0 -154493 4192.53
26 0 -183306 2781.21
27 0 -145460 4335.83
28 0 6.93226e-310 5
29 0 6.93226e-310 5
30 0 6.93226e-310 5
31 0 6.93226e-310 5
32 0 -161845 2901.6
33 0 -142815 4597.03
34 0 -165051 2830.33
35 0 -142229 4696.94
36 0 -174645 2648.85
37 0 -147012 4787.8
38 0 -171638 2708.12
39 0 -141414 4948.79
40 0 -168075 2649.18
41 0 -144838 4280.27
42 0 -175337 2561.53
43 0 -146642 4435.39
44 0 6.93226e-310 5
45 0 6.93226e-310 5
46 0 6.93226e-310 5
47 0 6.93226e-310 5
48 0 -155840 2840.85
49 0 -138044 4019.97
50 0 -159101 2424.46
51 0 -140014 3678.94
52 0 -158312 2388.47
53 0 -131210 3782.35
54 0 -157944 2617.83
55 0 -127877 5698.61
56 0 -153110 2471.6
57 0 -131096 4267.98
58 0 -154442 2488.05
59 0 -127668 4846.98
60 0 6.93226e-310 5
61 0 6.93226e-310 5
62 0 6.93226e-310 5
63 0 6.93226e-310 5
64 0 6.93226e-310 5
65 0 6.93226e-310 5
66 0 569877 2643.75
67 0 569717 2571.36
68 0 570541 2634
69 0 570101 2629.82
70 0 569580 2606.18
71 0 562052 2500.85
72 0 562385 3035.91
73 0 562093 3051.63
74 0 561864 3108.15
75 0 562439 3060.11
76 0 562035 3080.92
77 0 560856 2869.61
78 0 561723 2870.47
79 0 561826 3030.32
80 0 6.93226e-310 5
81 0 6.93226e-310 5
82 0 586409 2617.32
83 0 586606 2803.11
84 0 586305 2679.4
85 0 586315 2512.16
86 0 586215 2941.83
87 0 586882 3227.28
88 0 570557 2696.73
89 0 579123 2869.99
90 0 580058 2604.97
91 0 570446 2901.84
92 0 579595 2775.87
93 0 579440 2772
94 0 580843 2439.48
95 0 578301 2576.24
96 0 6.93226e-310 5
97 0 6.93226e-310 5
98 0 606177 2245.2
99 0 605986 2384.38
100 0 607241 2826
101 0 605685 2091.95
102 0 604268 2203.33
103 0 604683 1630.5
104 0 589132 2887.17
105 0 595928 2710.34
106 0 596241 2686.53
107 0 588320 2700.55
108 0 598358 2907.94
109 0 598752 2858.95
110 0 598166 2737.13
111 0 598107 2819.89
112 0 6.93226e-310 5
113 0 6.93226e-310 5
114 0 625745 2735
115 0 623958 2720.31
116 0 625865 2611.93
117 0 625121 2679.45
118 0 625284 2447.71
119 0 624903 2552.61
120 0 614916 2489.19
121 0 614664 2348.95
122 0 616121 2566.81
123 0 614848 2511.84
124 0 614247 2629.68
125 0 615350 2436.13
126 0 615365 3257.14
127 0 614983 2976.63
128 0 6.93226e-310 5
129 0 6.93226e-310 5
130 0 640969 3045.65
131 0 641801 2878.11
132 0 642227 3127.1
133 0 639974 2736.28
134 0 641760 2893.75
135 0 641311 2956.68
136 0 633013 2787.35
137 0 632781 2901.77
138 0 635251 955.365
139 0 644729 1072.49
140 0 644602 729.59
141 0 645508 1037.18
142 0 644576 988.222
143 0 644633 815.366
144 0 6.93226e-310 5
145 0 6.93226e-310 5
146 0 672952 816.934
147 0 672813 1060.37
148 0 671514 619.509
149 0 670962 762.91
150 0 670626 715.915
151 0 672332 908.131
152 0 664018 848.55
153 0 665321 937.653
154 0 663745 748.325
155 0 664499 860.09
156 0 6.93226e-310 5
157 0 6.93226e-310 5
158 0 6.93226e-310 5
159 0 6.93226e-310 5
