0 0 6.94825e-310 5
1 0 4.59943e-316 5
2 0 -108500 0.247281
3 0 -109500 2698.17
4 0 -281500 0.146836
5 0 -134500 0.256529
6 0 -197500 0.131911
7 0 -167844 996.135
8 0 -231500 0.149405
9 0 -294624 3679.94
10 0 -298500 0.17989
11 0 -111500 0.247276
12 0 -273844 996.136
13 0 -267500 0.174959
14 0 -259516 1494.2
15 0 -192812 1992.27
16 0 -313500 0.201625
17 0 -296172 498.073
18 0 -201500 0.148645
19 0 -252500 0.167798
20 0 -315500 0.205749
21 0 -144140 2490.33
22 0 6.94825e-310 5
23 0 6.94825e-310 5
24 0 -151500 0.257942
25 0 -210500 0.12702
26 0 -179500 0.241343
27 0 6.94825e-310 5
28 0 6.94825e-310 5
29 0 6.94825e-310 5
30 0 6.94825e-310 5
31 0 6.94825e-310 5
32 0 -173500 0.25
33 0 6.94825e-310 5
34 0 -226500 0.149154
35 0 6.94825e-310 5
36 0 -179500 0.241343
37 0 6.94825e-310 5
38 0 -188500 0.218877
39 0 6.94825e-310 5
40 0 -268500 0.178987
41 0 6.94825e-310 5
42 0 -321500 0.2117
43 0 6.94825e-310 5
44 0 6.94825e-310 5
45 0 6.94825e-310 5
46 0 6.94825e-310 5
47 0 6.94825e-310 5
48 0 -271500 0.177859
49 0 6.94825e-310 5
50 0 -155500 0.253766
51 0 6.94825e-310 5
52 0 -308500 0.190214
53 0 6.94825e-310 5
54 0 -185500 0.282347
55 0 6.94825e-310 5
56 0 -208500 0.100486
57 0 -291500 0.17534
58 0 -309500 0.19197
59 0 -286500 0.174646
60 0 6.94825e-310 5
61 0 6.94825e-310 5
62 0 6.94825e-310 5
63 0 6.94825e-310 5
64 0 6.94825e-310 5
65 0 6.94825e-310 5
66 0 561950 2111.34
67 0 569752 2104.65
68 0 562377 1995.65
69 0 570122 2066.08
70 0 569654 1888.03
71 0 562044 1981.3
72 0 563100 2183.44
73 0 562648 1988.81
74 0 562875 1874.99
75 0 563096 1837.7
76 0 563834 2257.76
77 0 562143 1998.63
78 0 563358 2171.94
79 0 563417 1917.21
80 0 6.94825e-310 5
81 0 6.94825e-310 5
82 0 581961 3877.55
83 0 588452 1585.44
84 0 587048 1267.77
85 0 586529 748.066
86 0 586809 951.045
87 0 588123 1640.29
88 0 579276 921.96
89 0 572113 1493.57
90 0 580612 1484.45
91 0 579210 1375.56
92 0 580220 1788.2
93 0 579818 1359.77
94 0 580934 1960.65
95 0 578766 1593.62
96 0 6.94825e-310 5
97 0 6.94825e-310 5
98 0 605879 1810.17
99 0 597711 1818.33
100 0 606679 2226.33
101 0 605545 1988.92
102 0 570147 20503.4
103 0 602579 20590.1
104 0 598374 2968.01
105 0 594580 3791.1
106 0 597645 2913.18
107 0 598414 4858.13
108 0 590966 2160.36
109 0 600675 3354.99
110 0 598643 2236.28
111 0 591404 2032.94
112 0 6.94825e-310 5
113 0 6.94825e-310 5
114 0 625895 2116.13
115 0 625009 2352.35
116 0 625877 2304.09
117 0 625412 2259.19
118 0 624483 1550.1
119 0 624793 1882.23
120 0 615507 1768.87
121 0 614998 1736.8
122 0 615826 1611.77
123 0 614901 1751.65
124 0 606627 2461.34
125 0 615258 1905.51
126 0 615701 1631.49
127 0 607018 2801.67
128 0 6.94825e-310 5
129 0 6.94825e-310 5
130 0 641407 2326.46
131 0 641688 2186.09
132 0 642050 1520.22
133 0 640105 3395.32
134 0 567805 30294.5
135 0 642368 2407.67
136 0 621917 3014.43
137 0 693047 18425.5
138 0 643583 579.383
139 0 637039 630.608
140 0 645406 572.949
141 0 645779 808.597
142 0 645194 558.409
143 0 645523 652.653
144 0 6.94825e-310 5
145 0 6.94825e-310 5
146 0 673519 479.155
147 0 673302 601.612
148 0 663995 403.415
149 0 671732 368.858
150 0 671629 480.879
151 0 664832 420.498
152 0 664603 390.251
153 0 665690 476.871
154 0 664664 403.944
155 0 664561 499.464
156 0 6.94825e-310 5
157 0 6.94825e-310 5
158 0 6.94825e-310 5
159 0 6.94825e-310 5
