0 0 6.93754e-310 5
1 0 3.98163e-316 5
2 0 -209363 2627.75
3 0 -187275 4726.99
4 0 -204930 2662.77
5 0 -181279 4517.73
6 0 -210439 2546.05
7 0 -220569 4811.55
8 0 -257049 3268.34
9 0 -226460 4663.74
10 0 -258033 2748.26
11 0 -189048 4281.28
12 0 -214866 2578.4
13 0 -197576 3613.47
14 0 -222855 2824.87
15 0 -195447 4357.73
16 0 -170904 2618.69
17 0 -152655 5226.45
18 0 -177769 2653
19 0 -192936 5703.61
20 0 -226083 4524.32
21 0 -146644 4215.31
22 0 6.93754e-310 5
23 0 6.93754e-310 5
24 0 -179137 2518.3
25 0 -151217 3940.34
26 0 -179720 2997.82
27 0 -185247 5332.19
28 0 6.93754e-310 5
29 0 6.93754e-310 5
30 0 6.93754e-310 5
31 0 6.93754e-310 5
32 0 -158229 2929.34
33 0 -183238 4843.61
34 0 -161891 2866.31
35 0 -182859 4846.03
36 0 -214206 2326.98
37 0 -142704 5843.53
38 0 -168255 2504.11
39 0 -137891 4675.87
40 0 -164659 2406.09
41 0 -141328 4851.17
42 0 -215415 4103.1
43 0 -186894 4295.19
44 0 6.93754e-310 5
45 0 6.93754e-310 5
46 0 6.93754e-310 5
47 0 6.93754e-310 5
48 0 -196272 3580.77
49 0 -177620 4543.14
50 0 -155557 2341.15
51 0 -136610 4126.65
52 0 -154762 2493.36
53 0 -127580 3789.12
54 0 -154168 2432.59
55 0 -123993 4872.75
56 0 -149279 2328.7
57 0 -127900 3335.61
58 0 -195910 3393.79
59 0 -123741 4365.56
60 0 6.93754e-310 5
61 0 6.93754e-310 5
62 0 6.93754e-310 5
63 0 6.93754e-310 5
64 0 6.93754e-310 5
65 0 6.93754e-310 5
66 0 569802 2619.75
67 0 569453 2627.13
68 0 570881 2937.35
69 0 570115 2681.11
70 0 570798 3307.35
71 0 570682 2973.75
72 0 562960 3140.6
73 0 562994 3603.71
74 0 554573 2950.08
75 0 562870 3039.62
76 0 554646 3000.31
77 0 561515 2824.34
78 0 562460 2973.8
79 0 554598 2996
80 0 6.93754e-310 5
81 0 6.93754e-310 5
82 0 579280 2704.31
83 0 587261 2804.59
84 0 586594 2983.96
85 0 586519 2655.99
86 0 586785 2848.39
87 0 587499 2896.77
88 0 579408 2819.71
89 0 579716 2819.19
90 0 580503 2925.52
91 0 579011 2781.91
92 0 580115 3027.85
93 0 579997 2969.15
94 0 582496 3641.74
95 0 579605 3068.72
96 0 6.93754e-310 5
97 0 6.93754e-310 5
98 0 607355 3211.38
99 0 607569 3512.62
100 0 606977 2609.85
101 0 606203 2591.25
102 0 604382 2600.84
103 0 604270 2412.17
104 0 589558 2920.28
105 0 596266 2672.71
106 0 596933 2888.27
107 0 589131 2788.12
108 0 598837 3035.38
109 0 599119 2951.3
110 0 599132 3418.58
111 0 598923 3145.01
112 0 6.93754e-310 5
113 0 6.93754e-310 5
114 0 627360 3662.92
115 0 625413 3390.8
116 0 626636 3107.98
117 0 618652 3393.39
118 0 624919 2454.85
119 0 625254 2811.27
120 0 614833 2281.96
121 0 614101 2120.65
122 0 616058 2512.57
123 0 614813 2391.31
124 0 616010 3331.82
125 0 615695 2607.35
126 0 615808 2957.63
127 0 615724 3134.71
128 0 6.93754e-310 5
129 0 6.93754e-310 5
130 0 641405 2880.75
131 0 633929 2816.41
132 0 642262 2934
133 0 640808 2706.98
134 0 642386 2809.41
135 0 641840 2784.79
136 0 632904 2528.9
137 0 633281 2667.77
138 0 644012 1407.31
139 0 645397 1494.99
140 0 645607 1426.43
141 0 646228 1427.05
142 0 645369 1447.34
143 0 645546 1431.07
144 0 6.93754e-310 5
145 0 6.93754e-310 5
146 0 673858 1495.6
147 0 673484 1421.91
148 0 672496 1433.74
149 0 672266 1504.74
150 0 671927 1529.54
151 0 673532 1554.73
152 0 665054 1493.54
153 0 666319 1457.57
154 0 656970 1517.79
155 0 665281 1485.88
156 0 6.93754e-310 5
157 0 6.93754e-310 5
158 0 6.93754e-310 5
159 0 6.93754e-310 5
