0 0 6.91729e-310 5
1 0 6.09122e-316 5
2 0 -195459 3435.96
3 0 -277497 25848.8
4 0 -191479 3390.67
5 0 -167286 7055.06
6 0 -197215 3760.52
7 0 -176227 32092.5
8 0 -198308 3312.21
9 0 -330315 20163.9
10 0 -198731 3224.18
11 0 -174460 4680.89
12 0 -202167 2975.63
13 0 -183785 4945.3
14 0 -209491 2967.46
15 0 -330951 20386.5
16 0 -157868 2422.39
17 0 -140481 8192.68
18 0 -164361 2833.46
19 0 -138017 31630.4
20 0 -166530 3792.75
21 0 -132553 7600.95
22 0 6.91729e-310 5
23 0 6.91729e-310 5
24 0 -165332 2496.42
25 0 -136843 4838.9
26 0 -165688 2245.13
27 0 -126896 5417.39
28 0 6.91729e-310 5
29 0 6.91729e-310 5
30 0 6.91729e-310 5
31 0 6.91729e-310 5
32 0 -144542 1849.13
33 0 -125458 5203.61
34 0 -147993 2250.84
35 0 -124597 5578.38
36 0 -157792 1514.44
37 0 -158795 2585.9
38 0 -154272 2290.8
39 0 -138827 31690.1
40 0 -150973 2255.86
41 0 -125273 5753.62
42 0 -158287 1757.47
43 0 -129861 5355.43
44 0 6.91729e-310 5
45 0 6.91729e-310 5
46 0 6.91729e-310 5
47 0 6.91729e-310 5
48 0 -138756 1445.72
49 0 -300138 2871.54
50 0 -142755 2160.25
51 0 -123818 4008.7
52 0 -141193 2073.86
53 0 -136028 4802.99
54 0 -142120 3166.21
55 0 -111225 5891.08
56 0 -136688 3292.16
57 0 -118825 11798.5
58 0 -193965 5915.06
59 0 -137786 6408.54
60 0 6.91729e-310 5
61 0 6.91729e-310 5
62 0 6.91729e-310 5
63 0 6.91729e-310 5
64 0 6.91729e-310 5
65 0 6.91729e-310 5
66 0 577911 2109.9
67 0 585750 2082.66
68 0 578483 2050.05
69 0 586063 2078.88
70 0 585750 1946.57
71 0 578032 1985.08
72 0 578884 1979.33
73 0 578384 2037.12
74 0 578901 1909.71
75 0 579086 1929.84
76 0 579318 2001.09
77 0 577895 1843
78 0 579284 1969.72
79 0 579191 1904.36
80 0 6.91729e-310 5
81 0 6.91729e-310 5
82 0 596459 1888.07
83 0 604210 1906.42
84 0 603360 1843.3
85 0 603162 1739.68
86 0 603244 1529.91
87 0 604114 1708.78
88 0 595433 1377.43
89 0 588114 1498.87
90 0 596621 1569.64
91 0 595178 1368.59
92 0 596101 1753.31
93 0 595992 1596.97
94 0 596809 1909.9
95 0 594790 1773.04
96 0 6.91729e-310 5
97 0 6.91729e-310 5
98 0 621931 1912.2
99 0 613824 1885.96
100 0 622630 2200.38
101 0 621503 1927.45
102 0 619510 2889.63
103 0 619565 3280.69
104 0 613699 3298.76
105 0 612141 3457.74
106 0 613552 2807.5
107 0 613717 3070.91
108 0 607848 2538.37
109 0 615769 2917.79
110 0 615224 2382.12
111 0 607428 2460.98
112 0 6.91729e-310 5
113 0 6.91729e-310 5
114 0 641956 2345.68
115 0 640771 2303.46
116 0 641587 2159.58
117 0 641109 2336.47
118 0 640754 1884.18
119 0 640656 2047.58
120 0 631185 1708.04
121 0 630861 1715.88
122 0 631890 1881.46
123 0 630912 1761.78
124 0 622334 1901.92
125 0 631038 1906.13
126 0 631611 2199.62
127 0 622893 2116.41
128 0 6.91729e-310 5
129 0 6.91729e-310 5
130 0 657382 2671.82
131 0 657749 2479.89
132 0 658297 3105.26
133 0 656586 2622.44
134 0 657942 4459.11
135 0 657477 3452.55
136 0 641905 4848.05
137 0 649826 3696.2
138 0 659594 540.107
139 0 653001 626.942
140 0 661383 564.642
141 0 661876 724.983
142 0 661173 548.404
143 0 661493 612.115
144 0 6.91729e-310 5
145 0 6.91729e-310 5
146 0 673500 468.542
147 0 673277 590.125
148 0 663997 418.395
149 0 671724 386.36
150 0 671621 471.062
151 0 664824 433.798
152 0 664594 404.822
153 0 665657 477.804
154 0 664654 401.635
155 0 664564 542.997
156 0 6.91729e-310 5
157 0 6.91729e-310 5
158 0 6.91729e-310 5
159 0 6.91729e-310 5
