0 0 6.93737e-310 5
1 0 6.22652e-316 5
2 0 -210412 2543.59
3 0 -188239 4900.42
4 0 -206018 2577.41
5 0 -227356 4533.64
6 0 -211671 2733.57
7 0 -177671 4159.14
8 0 -213383 2566.56
9 0 -182797 4700.03
10 0 -213605 2818.59
11 0 -189974 3902.6
12 0 -215963 2610.12
13 0 -199036 4056.57
14 0 -223886 2698.81
15 0 -197034 4031.62
16 0 -172131 2469.71
17 0 -153789 4498.51
18 0 -179084 2577.16
19 0 -149413 5092.15
20 0 -181680 2875.13
21 0 -147841 4598.18
22 0 6.93737e-310 5
23 0 6.93737e-310 5
24 0 -180619 2799.21
25 0 -152163 4186.77
26 0 -180864 2765.57
27 0 -142463 5002.52
28 0 6.93737e-310 5
29 0 6.93737e-310 5
30 0 6.93737e-310 5
31 0 6.93737e-310 5
32 0 -159133 2786.54
33 0 -140057 4056.95
34 0 -162552 2697.27
35 0 -139810 4771.54
36 0 -172249 2454.61
37 0 -144434 4383.82
38 0 -169134 2542.45
39 0 -138588 4572.27
40 0 -165684 2736.2
41 0 -142288 4401.46
42 0 -172951 2641.16
43 0 -143689 4436.12
44 0 6.93737e-310 5
45 0 6.93737e-310 5
46 0 6.93737e-310 5
47 0 6.93737e-310 5
48 0 -153186 2509.32
49 0 -134885 4144.69
50 0 -156791 2471.12
51 0 -137520 3769.47
52 0 -155939 2463.9
53 0 -128626 3977.74
54 0 -155394 2559.22
55 0 -125444 5265.78
56 0 -150743 2440.68
57 0 -128810 4198.09
58 0 -151907 2491.43
59 0 -125364 4764.07
60 0 6.93737e-310 5
61 0 6.93737e-310 5
62 0 6.93737e-310 5
63 0 6.93737e-310 5
64 0 6.93737e-310 5
65 0 6.93737e-310 5
66 0 585699 2269.56
67 0 585541 2219.62
68 0 586395 2266.52
69 0 585912 2286.03
70 0 585769 2645.83
71 0 585987 2321.84
72 0 570337 2720.64
73 0 577946 2760.1
74 0 577980 2900.11
75 0 570333 2862.96
76 0 577985 3050.51
77 0 576893 2543.99
78 0 569878 2558.93
79 0 577989 2659.92
80 0 6.93737e-310 5
81 0 6.93737e-310 5
82 0 602588 2382.86
83 0 602644 2469.66
84 0 602381 2498.14
85 0 602310 2219.58
86 0 602195 2799.62
87 0 603033 2823.79
88 0 594686 2525.61
89 0 595140 2579.19
90 0 587813 2712.25
91 0 594468 2520.19
92 0 595758 2570.37
93 0 595565 2409.75
94 0 597310 2928.66
95 0 594907 2682.25
96 0 6.93737e-310 5
97 0 6.93737e-310 5
98 0 614472 2406.02
99 0 622617 2839.83
100 0 622760 2282.27
101 0 621522 1897.47
102 0 620010 2227.6
103 0 620217 1412.27
104 0 612987 2486.09
105 0 611802 2346.95
106 0 612233 2521.84
107 0 612544 2572.02
108 0 614690 2510.12
109 0 614509 2528.41
110 0 614083 2854.38
111 0 614418 2709.39
112 0 6.93737e-310 5
113 0 6.93737e-310 5
114 0 642021 3130.14
115 0 639886 2719.44
116 0 642408 2769.64
117 0 641681 3062.82
118 0 640814 2128.43
119 0 640919 2442.38
120 0 630584 1885.3
121 0 630217 1906.23
122 0 631669 2090.93
123 0 630543 2091.73
124 0 622267 2482.38
125 0 630972 2114.09
126 0 631240 2659.78
127 0 622656 2915.69
128 0 6.93737e-310 5
129 0 6.93737e-310 5
130 0 656897 2589.26
131 0 657194 2844.96
132 0 657728 2539.19
133 0 656023 2316.79
134 0 657822 2411.27
135 0 657370 2536.22
136 0 648841 2394.98
137 0 648702 2441.12
138 0 659368 562.757
139 0 660570 617.032
140 0 660669 665.456
141 0 661516 642.006
142 0 660656 647.878
143 0 660763 711.78
144 0 6.93737e-310 5
145 0 6.93737e-310 5
146 0 672923 672.847
147 0 672796 697.53
148 0 671534 482.517
149 0 671147 623.817
150 0 670670 599.258
151 0 672380 547.967
152 0 664221 527.704
153 0 665362 518.595
154 0 664041 561.264
155 0 666959 2157.72
156 0 6.93737e-310 5
157 0 6.93737e-310 5
158 0 6.93737e-310 5
159 0 6.93737e-310 5
