0 0 6.91389e-310 5
1 0 6.29913e-316 5
2 0 -40607.2 31726.3
3 0 -219588 3266
4 0 -190534 2171.1
5 0 -322097 1009.18
6 0 -160738 29222.4
7 0 -309293 8899.87
8 0 -273412 14879.9
9 0 -210299 7178.12
10 0 -228730 13437
11 0 -308653 3685.41
12 0 -183059 1223.56
13 0 -202159 26663.9
14 0 -280373 5432.05
15 0 -379792 13923.1
16 0 -108407 3019.35
17 0 -135794 11619.6
18 0 -140839 2298.22
19 0 -185704 6716.13
20 0 -256868 12810.5
21 0 -280957 20510.2
22 0 6.91389e-310 5
23 0 6.91389e-310 5
24 0 -164059 4487.3
25 0 6.91389e-310 5
26 0 -269140 2490.34
27 0 6.91389e-310 5
28 0 6.91389e-310 5
29 0 6.91389e-310 5
30 0 6.91389e-310 5
31 0 6.91389e-310 5
32 0 -145944 5543.21
33 0 6.91389e-310 5
34 0 -147132 3564.5
35 0 6.91389e-310 5
36 0 -227500 1508.55
37 0 6.91389e-310 5
38 0 -119820 26378.7
39 0 6.91389e-310 5
40 0 -229500 0.149267
41 0 6.91389e-310 5
42 0 -173647 8136.56
43 0 6.91389e-310 5
44 0 6.91389e-310 5
45 0 6.91389e-310 5
46 0 6.91389e-310 5
47 0 6.91389e-310 5
48 0 -241140 2490.33
49 0 6.91389e-310 5
50 0 -124500 1508.6
51 0 6.91389e-310 5
52 0 -141699 1634.7
53 0 6.91389e-310 5
54 0 -141834 1686.22
55 0 6.91389e-310 5
56 0 -262391 2096.16
57 0 -112422 3261.55
58 0 -153500 4204.72
59 0 -126761 3215.67
60 0 6.91389e-310 5
61 0 6.91389e-310 5
62 0 6.91389e-310 5
63 0 6.91389e-310 5
64 0 6.91389e-310 5
65 0 6.91389e-310 5
66 0 585935 2104.57
67 0 585805 2096.43
68 0 586511 2055.12
69 0 586114 2108.91
70 0 585729 1939.02
71 0 578077 1943.61
72 0 578867 2008.6
73 0 578364 2048.68
74 0 578986 1924.32
75 0 579101 1904.53
76 0 579405 2028.92
77 0 577921 1780.17
78 0 579415 2091.23
79 0 579226 1955.8
80 0 6.91389e-310 5
81 0 6.91389e-310 5
82 0 604182 1627.85
83 0 604223 1947.66
84 0 603393 1678.02
85 0 602957 1872.1
86 0 603227 1440.12
87 0 604334 2118.73
88 0 587723 1598.54
89 0 596078 1387.95
90 0 596524 1484.2
91 0 587215 1348.18
92 0 596159 1777.14
93 0 596079 1714.78
94 0 596815 1882.33
95 0 594845 1862.01
96 0 6.91389e-310 5
97 0 6.91389e-310 5
98 0 621923 1928.04
99 0 621827 1889.94
100 0 622695 2251.6
101 0 621513 1947.21
102 0 619471 3629.22
103 0 618447 2553.44
104 0 605507 2638.7
105 0 612774 3022.33
106 0 613309 2951.94
107 0 605755 2931.54
108 0 615675 2501.02
109 0 615660 2940.88
110 0 615277 2319.26
111 0 615407 2542
112 0 6.91389e-310 5
113 0 6.91389e-310 5
114 0 641874 2259.18
115 0 640794 2163.55
116 0 641653 2197.98
117 0 641083 2312.58
118 0 640750 1886.01
119 0 640643 2006.63
120 0 631252 1755.85
121 0 630893 1754.05
122 0 631824 1857.27
123 0 630902 1780.67
124 0 630321 1996.63
125 0 631036 1786.84
126 0 631813 2324.02
127 0 630968 2145.2
128 0 6.91389e-310 5
129 0 6.91389e-310 5
130 0 657221 2650.3
131 0 657755 2234.62
132 0 658698 2714.33
133 0 656533 2594.65
134 0 658031 3797.55
135 0 657374 3539.91
136 0 645473 910.565
137 0 648731 3844.35
138 0 651630 569.112
139 0 661011 637.485
140 0 661379 578.998
141 0 661860 784.089
142 0 661201 562.606
143 0 661537 641.622
144 0 6.91389e-310 5
145 0 6.91389e-310 5
146 0 673513 483.9
147 0 673300 611.109
148 0 671981 420.238
149 0 671735 387.424
150 0 671626 473.926
151 0 672822 442.199
152 0 664598 410.296
153 0 665667 489.384
154 0 664655 405.324
155 0 664575 567.362
156 0 6.91389e-310 5
157 0 6.91389e-310 5
158 0 6.91389e-310 5
159 0 6.91389e-310 5
