0 0 6.90585e-310 5
1 0 6.28161e-316 5
2 0 -257116 14960.7
3 0 -315399 9222.28
4 0 -320867 3126.42
5 0 -204700 6421.18
6 0 -198939 5890.62
7 0 -166241 8330.93
8 0 -200525 4413.87
9 0 -318260 8184.48
10 0 -199915 3213.87
11 0 -175205 5812.28
12 0 -203731 3970.85
13 0 -120725 31240.8
14 0 -322074 2652.58
15 0 -112276 6205.51
16 0 -120244 4229.92
17 0 -144580 5491.11
18 0 -165478 4685.99
19 0 -118384 31533.8
20 0 -167874 2987.17
21 0 -116674 31340.2
22 0 6.90585e-310 5
23 0 6.90585e-310 5
24 0 -166374 2254.29
25 0 -88010 27546.2
26 0 -166699 2815.36
27 0 -129139 5155.42
28 0 6.90585e-310 5
29 0 6.90585e-310 5
30 0 6.90585e-310 5
31 0 6.90585e-310 5
32 0 -144601 4536.94
33 0 -127556 5158.63
34 0 -113395 4128.12
35 0 -125478 4251.98
36 0 -148505 32317
37 0 -128085 4831.6
38 0 -155510 2309.38
39 0 -155326 4463.6
40 0 -178231 5251.24
41 0 -127930 3209.24
42 0 -159677 2392.68
43 0 -165797 5200.45
44 0 6.90585e-310 5
45 0 6.90585e-310 5
46 0 6.90585e-310 5
47 0 6.90585e-310 5
48 0 -139647 3051.17
49 0 -122575 3838.88
50 0 -143715 3047.86
51 0 -126884 7835.4
52 0 -144416 3518.74
53 0 -306661 7199.37
54 0 -141954 2208.72
55 0 -139993 5547.53
56 0 -137135 2660.84
57 0 -164024 3798.51
58 0 -138806 5317.16
59 0 -135016 32204.1
60 0 6.90585e-310 5
61 0 6.90585e-310 5
62 0 6.90585e-310 5
63 0 6.90585e-310 5
64 0 6.90585e-310 5
65 0 6.90585e-310 5
66 0 586125 2797.25
67 0 586163 2603.25
68 0 586581 2417.12
69 0 586236 2719.45
70 0 585713 2182.1
71 0 586040 2257.54
72 0 570882 2250.44
73 0 578406 2409.86
74 0 578870 2173.03
75 0 571078 2209.24
76 0 579388 2261.16
77 0 577917 2099.87
78 0 571299 2075.32
79 0 579342 2279.9
80 0 6.90585e-310 5
81 0 6.90585e-310 5
82 0 604363 2106.32
83 0 604135 2031.94
84 0 603199 1725.92
85 0 602742 1575.55
86 0 603181 1671.64
87 0 604021 1744.82
88 0 595462 1601.94
89 0 596004 1639.45
90 0 588603 1747.25
91 0 595117 1623.66
92 0 595935 1880.4
93 0 595871 1755.31
94 0 596787 2017.85
95 0 594573 1900.22
96 0 6.90585e-310 5
97 0 6.90585e-310 5
98 0 613892 2147.2
99 0 621757 2070.42
100 0 623533 3155.04
101 0 621562 2054.99
102 0 620459 3428.19
103 0 620890 2316.71
104 0 614543 2949.41
105 0 612828 3737.01
106 0 613749 2783.65
107 0 614239 2878.75
108 0 616171 2647.67
109 0 616391 2798.88
110 0 615289 2432.5
111 0 615663 2521.39
112 0 6.90585e-310 5
113 0 6.90585e-310 5
114 0 642088 2517.85
115 0 640762 2417.74
116 0 641859 2525.4
117 0 641270 2509.28
118 0 641094 2281.2
119 0 640888 2412.12
120 0 631793 2304.29
121 0 631816 2370.07
122 0 632198 2287.58
123 0 631318 2302.92
124 0 622480 2183.86
125 0 631334 2272.43
126 0 631767 2385.15
127 0 623088 2241.81
128 0 6.90585e-310 5
129 0 6.90585e-310 5
130 0 657809 2572.19
131 0 658190 2420.19
132 0 659220 2520.28
133 0 656925 2709.56
134 0 659145 2963.05
135 0 658584 3046.34
136 0 670402 9029.41
137 0 649273 4263.69
138 0 659820 866.699
139 0 661151 788.965
140 0 661775 928.18
141 0 662188 1209.54
142 0 661374 853.22
143 0 662017 961.82
144 0 6.90585e-310 5
145 0 6.90585e-310 5
146 0 673637 765.164
147 0 673600 890.406
148 0 671830 395.675
149 0 671435 615.174
150 0 671264 613.597
151 0 672745 530.218
152 0 664443 648.542
153 0 665706 567.359
154 0 664479 678.37
155 0 664664 583.222
156 0 6.90585e-310 5
157 0 6.90585e-310 5
158 0 6.90585e-310 5
159 0 6.90585e-310 5
