0 0 6.89984e-310 5
1 0 5.38734e-316 5
2 0 -119283 2698.97
3 0 -89252.5 31713
4 0 -176764 5458.26
5 0 -105711 31511
6 0 -112117 5930.86
7 0 -260441 4681.13
8 0 -116923 4241.71
9 0 -321483 2962.13
10 0 -217022 26177.6
11 0 -391546 16144.2
12 0 -276608 3345.6
13 0 -281452 3196.29
14 0 -129173 8050.96
15 0 -340789 21354
16 0 -128746 3842.26
17 0 -377444 18856.1
18 0 -180710 5999.17
19 0 -234398 30540.2
20 0 -110257 22662.1
21 0 -312769 4141.76
22 0 6.89984e-310 5
23 0 6.89984e-310 5
24 0 -107253 5775.38
25 0 -139499 1202.42
26 0 -246284 3765.08
27 0 -182509 32898.7
28 0 6.89984e-310 5
29 0 6.89984e-310 5
30 0 6.89984e-310 5
31 0 6.89984e-310 5
32 0 -309345 5820.67
33 0 -305000 788.555
34 0 -314962 1871.61
35 0 -119491 5197.9
36 0 -252053 3930.59
37 0 -180140 2490.33
38 0 -211407 6029.32
39 0 -216178 3653.96
40 0 -134410 2510.69
41 0 -128516 1494.2
42 0 -217000 1652.6
43 0 -285638 4167.48
44 0 6.89984e-310 5
45 0 6.89984e-310 5
46 0 6.89984e-310 5
47 0 6.89984e-310 5
48 0 -240516 1494.2
49 0 -223641 2076.41
50 0 -222721 1438.25
51 0 -235586 18709.3
52 0 -207476 3494.98
53 0 -232833 7022.07
54 0 -120125 3605.37
55 0 -153756 3168.52
56 0 -341868 15962
57 0 -269714 1112.05
58 0 -178500 0.236702
59 0 -160008 6550.18
60 0 6.89984e-310 5
61 0 6.89984e-310 5
62 0 6.89984e-310 5
63 0 6.89984e-310 5
64 0 6.89984e-310 5
65 0 6.89984e-310 5
66 0 586102 2451.21
67 0 585852 2421.96
68 0 586436 2484.75
69 0 586077 2483.11
70 0 585774 2379.73
71 0 586000 2397.05
72 0 579037 2340.07
73 0 578427 2457.26
74 0 571062 2319.98
75 0 579191 2307.98
76 0 571562 2410.26
77 0 577606 1962.98
78 0 579615 2321.73
79 0 571496 2307.21
80 0 6.89984e-310 5
81 0 6.89984e-310 5
82 0 596712 2224.23
83 0 856500 0.0128483
84 0 604885 2006.41
85 0 602500 0.0128483
86 0 603484 1494.21
87 0 604620 2109.46
88 0 595500 2681.34
89 0 596668 2050.29
90 0 597116 2114.61
91 0 595913 2047.98
92 0 560928 20032.5
93 0 598270 2166.01
94 0 597170 2349.42
95 0 595188 2225.56
96 0 6.89984e-310 5
97 0 6.89984e-310 5
98 0 622269 2516.75
99 0 622102 2386.7
100 0 623350 2527.32
101 0 622027 2279.07
102 0 6.89984e-310 5
103 0 475500 0.272571
104 0 608500 0.0128483
105 0 614500 2222.91
106 0 766500 0.0128483
107 0 606084 2861.84
108 0 616223 2706.13
109 0 616398 2893.47
110 0 615516 1893.3
111 0 615977 2713.33
112 0 6.89984e-310 5
113 0 6.89984e-310 5
114 0 643427 4228.44
115 0 712500 0.0128483
116 0 642557 2688.32
117 0 633978 2611.52
118 0 641821 2560.14
119 0 641662 2622.68
120 0 631659 2289.41
121 0 631097 2146.81
122 0 632341 2399.09
123 0 631288 2264.39
124 0 630780 2401.61
125 0 631529 2389.11
126 0 631853 2557.62
127 0 631318 2503.71
128 0 6.89984e-310 5
129 0 6.89984e-310 5
130 0 657577 2876.17
131 0 650166 2603.87
132 0 658668 3190.69
133 0 657042 2744.21
134 0 657500 1471.08
135 0 656500 7449.47
136 0 436500 0.256336
137 0 415500 0.253602
138 0 660151 1192.7
139 0 661589 1265.73
140 0 661977 1230.65
141 0 662355 1359.93
142 0 661780 1171.27
143 0 661899 1189.16
144 0 6.89984e-310 5
145 0 6.89984e-310 5
146 0 673995 1175.23
147 0 673903 1171.71
148 0 672783 1205.98
149 0 672379 1220.29
150 0 672168 1197.65
151 0 673897 1279.55
152 0 665038 1219.55
153 0 666302 1156.11
154 0 657104 1235.49
155 0 665244 1263.43
156 0 6.89984e-310 5
157 0 6.89984e-310 5
158 0 6.89984e-310 5
159 0 6.89984e-310 5
