0 0 6.95152e-310 5
1 0 4.78464e-316 5
2 0 -221641 7242
3 0 -199658 8288.48
4 0 -217307 7266.32
5 0 -195031 7466.17
6 0 -223251 7167.28
7 0 -189738 8104.99
8 0 -225197 6636.96
9 0 -193999 9088.19
10 0 -226602 5986.1
11 0 -203541 5961.04
12 0 -229677 5859.15
13 0 -212511 6532.2
14 0 -235986 6211.07
15 0 -209084 7265.78
16 0 -185877 6089.74
17 0 -165602 9105.87
18 0 -191836 6938.58
19 0 -162418 7185.5
20 0 -194362 7976.08
21 0 -161080 6473.09
22 0 6.95152e-310 5
23 0 6.95152e-310 5
24 0 -194164 6329.13
25 0 -165432 8322.35
26 0 -178350 4001.37
27 0 -156091 8359.42
28 0 6.95152e-310 5
29 0 6.95152e-310 5
30 0 6.95152e-310 5
31 0 6.95152e-310 5
32 0 -173196 5492.01
33 0 -153552 5942.31
34 0 -175478 7124.65
35 0 -152892 8905.79
36 0 -170509 4467.1
37 0 -159133 6167.01
38 0 -183112 5645.53
39 0 -152380 8225.36
40 0 -179764 6260.93
41 0 -155252 9398.39
42 0 -187157 6048.8
43 0 -158215 6347.24
44 0 6.95152e-310 5
45 0 6.95152e-310 5
46 0 6.95152e-310 5
47 0 6.95152e-310 5
48 0 -168632 4847.66
49 0 -150392 5123.95
50 0 -172127 6356.56
51 0 -153107 5864.32
52 0 -170632 5650.28
53 0 -143100 6257.69
54 0 -170522 5616.31
55 0 -139985 7985.87
56 0 -165832 5656.44
57 0 -143637 6028.57
58 0 -166944 5750.64
59 0 -139834 7430.55
60 0 6.95152e-310 5
61 0 6.95152e-310 5
62 0 6.95152e-310 5
63 0 6.95152e-310 5
64 0 6.95152e-310 5
65 0 6.95152e-310 5
66 0 570347 2339.23
67 0 562322 2351
68 0 570911 2278.71
69 0 570543 2343.09
70 0 562080 2294.25
71 0 570578 2367.8
72 0 554976 2578.85
73 0 562642 2606.06
74 0 562937 2681.94
75 0 555294 2760.17
76 0 563132 2858.65
77 0 561958 2590.46
78 0 554945 2624.71
79 0 562941 2879.89
80 0 6.95152e-310 5
81 0 6.95152e-310 5
82 0 587830 2578.21
83 0 587819 2608.06
84 0 587445 2311.38
85 0 587311 2361.53
86 0 587328 2484.33
87 0 588140 2669.9
88 0 579536 2420.72
89 0 580136 2336.33
90 0 580900 2519.83
91 0 579520 2281.29
92 0 580320 2537.09
93 0 580560 2700.39
94 0 581722 2570.07
95 0 579415 2351.41
96 0 6.95152e-310 5
97 0 6.95152e-310 5
98 0 606918 2238.31
99 0 606837 2467.08
100 0 607725 2192.71
101 0 606222 1827.11
102 0 605011 2298.52
103 0 605220 2023.85
104 0 598048 2484.91
105 0 596915 2441.81
106 0 597116 2379.17
107 0 597310 2435.56
108 0 599376 2724.87
109 0 599531 2558.7
110 0 599244 2854.39
111 0 599310 2823.92
112 0 6.95152e-310 5
113 0 6.95152e-310 5
114 0 626957 3168.17
115 0 625204 2826.69
116 0 626851 2800.83
117 0 626125 2992.49
118 0 625469 2246.14
119 0 625771 2582.8
120 0 607404 2078.56
121 0 614899 1982.81
122 0 616367 2331.49
123 0 607268 2199.26
124 0 614878 2520.14
125 0 615779 2433.05
126 0 615609 2645.16
127 0 615194 2463.36
128 0 6.95152e-310 5
129 0 6.95152e-310 5
130 0 633528 2475.66
131 0 641968 2512.6
132 0 642735 2489.72
133 0 640819 2229.39
134 0 642704 2431.39
135 0 642261 2476.37
136 0 633717 2437.53
137 0 633538 2465.14
138 0 643956 687.606
139 0 645296 609.484
140 0 645506 555.55
141 0 646103 729.889
142 0 645399 665.957
143 0 645664 630.478
144 0 6.95152e-310 5
145 0 6.95152e-310 5
146 0 673691 539.042
147 0 673750 764.055
148 0 672425 550.457
149 0 663766 523.032
150 0 671407 531.74
151 0 665242 608.533
152 0 664668 511.461
153 0 665936 644.842
154 0 664472 505.918
155 0 665125 602.178
156 0 6.95152e-310 5
157 0 6.95152e-310 5
158 0 6.95152e-310 5
159 0 6.95152e-310 5
