0 0 6.93603e-310 5
1 0 4.71907e-316 5
2 0 -212785 2772.54
3 0 -190341 4833.5
4 0 -208193 2714.04
5 0 -184256 4030.74
6 0 -213835 2905.65
7 0 -180071 4431.2
8 0 -215519 2602.41
9 0 -185167 4515.1
10 0 -215557 2885.9
11 0 -191982 4236.37
12 0 -218017 2546.78
13 0 -201342 4277.06
14 0 -225871 2752.6
15 0 -199090 4012.99
16 0 -174184 2519.58
17 0 -156016 4537.14
18 0 -181321 2854.75
19 0 -152094 4801.75
20 0 -183908 2968.21
21 0 -150081 5185.47
22 0 6.93603e-310 5
23 0 6.93603e-310 5
24 0 -182490 2509.09
25 0 -154138 4643.14
26 0 -182706 2741.32
27 0 -145004 4500.54
28 0 6.93603e-310 5
29 0 6.93603e-310 5
30 0 6.93603e-310 5
31 0 6.93603e-310 5
32 0 -161598 3182.6
33 0 -142067 4550.48
34 0 -164560 2826.76
35 0 -141680 4212.69
36 0 -174238 2517.2
37 0 -146187 4611.66
38 0 -171348 2664.24
39 0 -141157 4430.84
40 0 -167857 2752.62
41 0 -144611 4592.67
42 0 -175037 2736.45
43 0 -146032 4658.67
44 0 6.93603e-310 5
45 0 6.93603e-310 5
46 0 6.93603e-310 5
47 0 6.93603e-310 5
48 0 -155362 2674.43
49 0 -137661 4245.24
50 0 -158842 2556.43
51 0 -139839 3908.54
52 0 -157909 2526.39
53 0 -130971 3816.42
54 0 -157406 2591.66
55 0 -127501 5243.31
56 0 -152668 2466.43
57 0 -130856 4528.21
58 0 -154258 2707.13
59 0 -127194 4401.88
60 0 6.93603e-310 5
61 0 6.93603e-310 5
62 0 6.93603e-310 5
63 0 6.93603e-310 5
64 0 6.93603e-310 5
65 0 6.93603e-310 5
66 0 585750 2558.43
67 0 585635 2695.93
68 0 586460 2587.37
69 0 585968 2588.85
70 0 585459 2631.14
71 0 585949 2507.53
72 0 570283 3072.96
73 0 578006 3154.76
74 0 577723 3116.77
75 0 570336 3062.62
76 0 577895 3164.76
77 0 576752 2868.34
78 0 569592 2898.05
79 0 577640 3001.38
80 0 6.93603e-310 5
81 0 6.93603e-310 5
82 0 602276 2576.69
83 0 602573 2824.48
84 0 601800 2818.06
85 0 601929 2355.07
86 0 601951 2964.95
87 0 602520 3120.48
88 0 594348 2605.73
89 0 594827 2699.92
90 0 587828 2571.5
91 0 594201 2835.99
92 0 595332 2788.24
93 0 595177 2707.56
94 0 596657 2517.36
95 0 593957 2497.66
96 0 6.93603e-310 5
97 0 6.93603e-310 5
98 0 614011 2289.51
99 0 621876 2476.57
100 0 622995 2684.73
101 0 621321 1944.32
102 0 619678 2370.66
103 0 620178 1507.93
104 0 612696 2810.63
105 0 611541 2544.42
106 0 612217 2741.25
107 0 612196 2535.66
108 0 614116 2781.26
109 0 614625 2807.72
110 0 614074 2736.98
111 0 613922 2755.38
112 0 6.93603e-310 5
113 0 6.93603e-310 5
114 0 641671 3057.14
115 0 639658 2611.95
116 0 641445 2465.25
117 0 640798 2509.78
118 0 640669 2198.13
119 0 640411 2317.43
120 0 630439 2206.9
121 0 630302 2157.85
122 0 631783 2409.54
123 0 630596 2349.65
124 0 622110 2363.7
125 0 631059 2345.49
126 0 631017 3224.13
127 0 622781 2900.64
128 0 6.93603e-310 5
129 0 6.93603e-310 5
130 0 656642 2967.43
131 0 657517 2878.28
132 0 657819 2985.74
133 0 655853 2662.49
134 0 657535 2640.58
135 0 656983 2751.87
136 0 648538 2516.4
137 0 648267 2599.54
138 0 659073 899.732
139 0 660557 991.404
140 0 660606 734.567
141 0 661393 1011.52
142 0 660609 999.968
143 0 660593 756.073
144 0 6.93603e-310 5
145 0 6.93603e-310 5
146 0 672889 784.431
147 0 672833 1066.59
148 0 671383 565.474
149 0 670849 720.082
150 0 670532 674.282
151 0 672216 859.176
152 0 663782 738.607
153 0 665115 850.89
154 0 663638 696.848
155 0 664196 783.434
156 0 6.93603e-310 5
157 0 6.93603e-310 5
158 0 6.93603e-310 5
159 0 6.93603e-310 5
