0 0 6.91623e-310 5
1 0 5.64775e-316 5
2 0 -209318 2087.3
3 0 -230655 5293.11
4 0 -249708 3404.83
5 0 -181367 4149.15
6 0 -210302 2375.91
7 0 -221448 5118.63
8 0 -257386 4442.75
9 0 -225824 5685.97
10 0 -212403 2637.04
11 0 -189416 3947.45
12 0 -214981 2114.64
13 0 -197990 3797.03
14 0 -267581 3860.06
15 0 -196046 3453.82
16 0 -171171 2569.92
17 0 -153123 4303.46
18 0 -178081 3258.65
19 0 -148584 4953.22
20 0 -180975 2432.45
21 0 -146450 4696.28
22 0 6.91623e-310 5
23 0 6.91623e-310 5
24 0 -220435 2388.35
25 0 -150934 3593.45
26 0 -223472 3020.76
27 0 -185857 3987.92
28 0 6.91623e-310 5
29 0 6.91623e-310 5
30 0 6.91623e-310 5
31 0 6.91623e-310 5
32 0 -195199 13279.5
33 0 -138827 3691.6
34 0 -205068 3900.61
35 0 -181488 5800.87
36 0 -214488 2832.63
37 0 -143709 9705.01
38 0 -214401 2352.61
39 0 -138277 4368.88
40 0 -164640 2521.47
41 0 -140486 3551.15
42 0 -215086 3216.8
43 0 -142850 4285.22
44 0 6.91623e-310 5
45 0 6.91623e-310 5
46 0 6.91623e-310 5
47 0 6.91623e-310 5
48 0 -195521 4532.31
49 0 -177353 3594.62
50 0 -156525 2660.11
51 0 -136938 3820.5
52 0 -155008 2477.89
53 0 -127617 3806.55
54 0 -154928 2639.6
55 0 -169023 5187.59
56 0 -149062 2027.57
57 0 -171045 4457.53
58 0 -151152 2388.42
59 0 -124108 4462.23
60 0 6.91623e-310 5
61 0 6.91623e-310 5
62 0 6.91623e-310 5
63 0 6.91623e-310 5
64 0 6.91623e-310 5
65 0 6.91623e-310 5
66 0 570095 2163.57
67 0 569961 2181.46
68 0 570867 2189.58
69 0 570444 2269.22
70 0 570255 2625.31
71 0 570730 2541.97
72 0 554685 2847.01
73 0 562552 3028.38
74 0 562420 2766.81
75 0 554798 2842.21
76 0 562508 2813.72
77 0 561436 2696.5
78 0 554251 2552.05
79 0 562250 2654.04
80 0 6.91623e-310 5
81 0 6.91623e-310 5
82 0 587026 2446.18
83 0 587169 2548.47
84 0 586926 2230.54
85 0 586770 2222.37
86 0 586909 2657.33
87 0 587325 2906.99
88 0 579005 2631.46
89 0 579633 2449.98
90 0 572482 2590.83
91 0 579049 2480.57
92 0 580161 2657.68
93 0 579802 2766.17
94 0 581949 2924.64
95 0 579093 2759.85
96 0 6.91623e-310 5
97 0 6.91623e-310 5
98 0 599356 2800.92
99 0 607421 3162.34
100 0 607149 2141.5
101 0 606195 2014.53
102 0 604989 2325.35
103 0 605265 1601.81
104 0 597560 2512.24
105 0 596388 2381.84
106 0 596710 2407.4
107 0 596883 2454.47
108 0 598789 2644.57
109 0 599280 2731.03
110 0 598737 2671.87
111 0 598511 2479.1
112 0 6.91623e-310 5
113 0 6.91623e-310 5
114 0 627010 3367.71
115 0 624830 2848.82
116 0 627049 2972.98
117 0 626481 3246.65
118 0 625307 2014.6
119 0 625850 2640.81
120 0 614923 1851.18
121 0 614543 1676.59
122 0 616144 2060.84
123 0 614987 1896.97
124 0 607736 3448.37
125 0 615495 2231.12
126 0 615360 2898.58
127 0 607268 2830.74
128 0 6.91623e-310 5
129 0 6.91623e-310 5
130 0 641247 2637.18
131 0 641820 2651.28
132 0 642319 2565.42
133 0 640455 2382.78
134 0 642073 2262.28
135 0 641607 2347.14
136 0 633437 2373.51
137 0 633013 2238.87
138 0 643669 658.893
139 0 645006 687.115
140 0 645332 530.176
141 0 645816 718.226
142 0 645148 686.093
143 0 645408 591.463
144 0 6.91623e-310 5
145 0 6.91623e-310 5
146 0 673491 511.067
147 0 673378 702.188
148 0 672257 589.374
149 0 671581 525.261
150 0 671295 524.756
151 0 672978 719.952
152 0 664526 542.955
153 0 665635 562.269
154 0 664381 513.509
155 0 664890 707.199
156 0 6.91623e-310 5
157 0 6.91623e-310 5
158 0 6.91623e-310 5
159 0 6.91623e-310 5
