0 0 6.92116e-310 5
1 0 4.71708e-316 5
2 0 -166069 5220.64
3 0 -260499 2455.68
4 0 -262302 15679.9
5 0 -205114 5576.56
6 0 -310500 0.19407
7 0 -304433 4115.99
8 0 -177500 0.25
9 0 -188554 19117.2
10 0 -252516 1494.2
11 0 -318140 2490.34
12 0 -229000 555.728
13 0 -112828 1307.77
14 0 -265075 3388.32
15 0 -372276 13620.6
16 0 -274500 2401.03
17 0 -366541 12924.5
18 0 -109500 0.24706
19 0 -153506 3798.26
20 0 -323500 0.211797
21 0 -146304 9362.94
22 0 6.92116e-310 5
23 0 6.92116e-310 5
24 0 -117516 1494.2
25 0 6.92116e-310 5
26 0 -143500 0.250724
27 0 6.92116e-310 5
28 0 6.92116e-310 5
29 0 6.92116e-310 5
30 0 6.92116e-310 5
31 0 6.92116e-310 5
32 0 -200500 0.134332
33 0 6.92116e-310 5
34 0 -282500 0.18772
35 0 6.92116e-310 5
36 0 -286500 2222.91
37 0 6.92116e-310 5
38 0 -210500 0.12702
39 0 6.92116e-310 5
40 0 -269500 0.176328
41 0 6.92116e-310 5
42 0 -312500 0.199497
43 0 6.92116e-310 5
44 0 6.92116e-310 5
45 0 6.92116e-310 5
46 0 6.92116e-310 5
47 0 6.92116e-310 5
48 0 -117500 0.2468
49 0 6.92116e-310 5
50 0 -121172 498.068
51 0 6.92116e-310 5
52 0 -169000 2080.56
53 0 6.92116e-310 5
54 0 -140844 996.134
55 0 6.92116e-310 5
56 0 -103500 0.247701
57 0 -144812 1992.27
58 0 -198500 0.128454
59 0 -142821 4961.98
60 0 6.92116e-310 5
61 0 6.92116e-310 5
62 0 6.92116e-310 5
63 0 6.92116e-310 5
64 0 6.92116e-310 5
65 0 6.92116e-310 5
66 0 561982 2145.89
67 0 569814 2083.39
68 0 562519 2065.17
69 0 570147 2091.81
70 0 569773 1913.61
71 0 562089 1990.96
72 0 562932 1975.62
73 0 562529 2048.23
74 0 562918 1888.31
75 0 563075 1890.37
76 0 563508 2254.52
77 0 561869 1941.61
78 0 563503 2085.22
79 0 563295 1971.93
80 0 6.92116e-310 5
81 0 6.92116e-310 5
82 0 580774 1791.46
83 0 588275 2088.89
84 0 587289 1602.2
85 0 587158 2066.19
86 0 587285 1502.83
87 0 588103 1553.39
88 0 579869 1761.04
89 0 572099 1383.32
90 0 580866 1547.14
91 0 579193 1205.74
92 0 580147 1841.36
93 0 580050 1642.01
94 0 580909 1926.09
95 0 578815 1740.17
96 0 6.92116e-310 5
97 0 6.92116e-310 5
98 0 606019 1929.1
99 0 597850 1867.45
100 0 606745 2216.59
101 0 605564 1905.68
102 0 602552 1876.2
103 0 600968 6952.18
104 0 598012 2793.64
105 0 596212 2892.8
106 0 597598 3269.78
107 0 597886 2508.09
108 0 592011 3025.64
109 0 599757 2734.15
110 0 599400 2462.5
111 0 591665 2199.8
112 0 6.92116e-310 5
113 0 6.92116e-310 5
114 0 625914 2190.84
115 0 624660 2254.99
116 0 625559 2241.02
117 0 625268 2554.33
118 0 624790 1883.41
119 0 624783 2032.73
120 0 615221 1755.28
121 0 615000 1727.2
122 0 615814 1497.27
123 0 615108 1840.52
124 0 606317 1845.22
125 0 615013 1763.03
126 0 615977 2153.19
127 0 606920 1667.43
128 0 6.92116e-310 5
129 0 6.92116e-310 5
130 0 641851 2457.83
131 0 641550 2819.09
132 0 642206 2484.06
133 0 640402 2612.61
134 0 641421 3285.99
135 0 640871 5052.1
136 0 623781 3554.02
137 0 631467 3677.89
138 0 643674 560.107
139 0 637082 659.167
140 0 645461 566.219
141 0 645918 750.097
142 0 645251 578.197
143 0 645577 639.132
144 0 6.92116e-310 5
145 0 6.92116e-310 5
146 0 673576 458.402
147 0 673351 604.763
148 0 664174 537.895
149 0 671763 376.069
150 0 671663 451.13
151 0 664876 446.533
152 0 664650 418.794
153 0 665708 497.577
154 0 664667 412.446
155 0 664635 599.142
156 0 6.92116e-310 5
157 0 6.92116e-310 5
158 0 6.92116e-310 5
159 0 6.92116e-310 5
