0 0 6.91165e-310 5
1 0 5.54016e-316 5
2 0 -210383 2569.48
3 0 -188053 4730.74
4 0 -205804 2630.64
5 0 -182118 4181.24
6 0 -211307 2667.84
7 0 -177739 4485.27
8 0 -213222 2565.02
9 0 -182858 4754.61
10 0 -213269 2847.33
11 0 -189613 4008.42
12 0 -215972 2584.49
13 0 -198873 4147.42
14 0 -223792 2780.75
15 0 -196939 4081.8
16 0 -172021 2675.28
17 0 -153940 4522.54
18 0 -179129 2652.48
19 0 -149809 5102.31
20 0 -181435 2635.39
21 0 -147687 4346.26
22 0 6.91165e-310 5
23 0 6.91165e-310 5
24 0 -180332 2624.89
25 0 -151995 4088.46
26 0 -180598 2667.1
27 0 -142585 5127.37
28 0 6.91165e-310 5
29 0 6.91165e-310 5
30 0 6.91165e-310 5
31 0 6.91165e-310 5
32 0 -159222 2858.73
33 0 -139961 4288.3
34 0 -162424 2736.81
35 0 -139856 4614.23
36 0 -172173 2520.45
37 0 -144522 4552.76
38 0 -169254 2613.81
39 0 -139030 4822.8
40 0 -165528 2713.4
41 0 -142141 4558.24
42 0 -172899 2775.41
43 0 -143900 4624.8
44 0 6.91165e-310 5
45 0 6.91165e-310 5
46 0 6.91165e-310 5
47 0 6.91165e-310 5
48 0 -153136 2898.43
49 0 -135010 4560.27
50 0 -156667 2619.91
51 0 -137558 4018.77
52 0 -155933 2398.79
53 0 -128468 3648.28
54 0 -155170 2551.32
55 0 -125225 4975.66
56 0 -150443 2437.97
57 0 -128638 4149.34
58 0 -151909 2585.77
59 0 -125119 4769.9
60 0 6.91165e-310 5
61 0 6.91165e-310 5
62 0 6.91165e-310 5
63 0 6.91165e-310 5
64 0 6.91165e-310 5
65 0 6.91165e-310 5
66 0 586193 2284.77
67 0 586048 2326.04
68 0 586916 2302.04
69 0 586520 2400.99
70 0 586042 2422.57
71 0 586608 2399.96
72 0 570728 2978.95
73 0 578538 2803.24
74 0 578386 2969.68
75 0 570842 2971.39
76 0 578541 2899.84
77 0 577500 2822.89
78 0 570256 2693.87
79 0 578393 2888.25
80 0 6.91165e-310 5
81 0 6.91165e-310 5
82 0 603026 2458.44
83 0 603269 2616.19
84 0 602387 2994.94
85 0 602648 2196.16
86 0 602715 2667.13
87 0 603140 3064.81
88 0 595141 2565.84
89 0 595582 2625.76
90 0 588589 2486.53
91 0 594849 2675.34
92 0 596027 2731.87
93 0 595748 2678.19
94 0 597768 2817.08
95 0 594923 2680.79
96 0 6.91165e-310 5
97 0 6.91165e-310 5
98 0 614980 2410.09
99 0 623095 2805.59
100 0 623437 2375.26
101 0 622090 1921.48
102 0 620294 2183.73
103 0 620881 1708.82
104 0 613356 2618.65
105 0 612268 2448.03
106 0 612878 2568.41
107 0 612972 2425.36
108 0 614798 2703.26
109 0 615257 2815.32
110 0 614719 2754.01
111 0 614516 2552.57
112 0 6.91165e-310 5
113 0 6.91165e-310 5
114 0 642899 3428.72
115 0 640782 2912.5
116 0 642874 2853.53
117 0 642358 2989.57
118 0 641282 2098.29
119 0 641285 2408.13
120 0 631160 2028.36
121 0 630741 1950.24
122 0 632118 2038.71
123 0 631073 2053.47
124 0 622803 2374.91
125 0 631404 2054.1
126 0 631491 3007.35
127 0 623199 2642.13
128 0 6.91165e-310 5
129 0 6.91165e-310 5
130 0 657175 2669.88
131 0 657898 2769.7
132 0 658196 2748.85
133 0 656520 2441.56
134 0 658143 2422.9
135 0 657609 2512.42
136 0 649050 2411.71
137 0 648988 2436.99
138 0 659724 714.813
139 0 661031 794.108
140 0 661355 638.655
141 0 661854 779.94
142 0 661159 815.171
143 0 661480 741.194
144 0 6.91165e-310 5
145 0 6.91165e-310 5
146 0 673663 659.656
147 0 673398 860.46
148 0 672200 601.922
149 0 671625 583.356
150 0 671306 546.47
151 0 672880 759.145
152 0 664515 620.025
153 0 665737 703.255
154 0 664416 574.692
155 0 664766 708.216
156 0 6.91165e-310 5
157 0 6.91165e-310 5
158 0 6.91165e-310 5
159 0 6.91165e-310 5
