0 0 6.93596e-310 5
1 0 4.5078e-316 5
2 0 -209717 2660
3 0 -187092 4651.18
4 0 -204929 2507.33
5 0 -181480 4066.1
6 0 -210824 2756.81
7 0 -176965 4193.28
8 0 -212504 2549.18
9 0 -181895 4523.38
10 0 -212665 2888.21
11 0 -188767 3735.46
12 0 -215193 2485.29
13 0 -198240 4290.65
14 0 -222980 2611.4
15 0 -195878 3693.79
16 0 -171080 2388.89
17 0 -196448 4710.25
18 0 -178222 2516
19 0 -148658 4719.09
20 0 -180682 2569.01
21 0 -146893 4512.02
22 0 6.93596e-310 5
23 0 6.93596e-310 5
24 0 -179723 2617.82
25 0 -151068 4194.07
26 0 -179790 2642.17
27 0 -185284 4691.68
28 0 6.93596e-310 5
29 0 6.93596e-310 5
30 0 6.93596e-310 5
31 0 6.93596e-310 5
32 0 -158375 3068.4
33 0 -139335 4510.68
34 0 -161711 2876.72
35 0 -138979 4912.98
36 0 -171426 2496.33
37 0 -143394 4655.63
38 0 -168305 2432.97
39 0 -138083 4588.46
40 0 -210071 3280.76
41 0 -141447 4549.48
42 0 -172230 2601.71
43 0 -143124 5103.33
44 0 6.93596e-310 5
45 0 6.93596e-310 5
46 0 6.93596e-310 5
47 0 6.93596e-310 5
48 0 -195744 3859.6
49 0 -134519 4615.54
50 0 -155708 2428.5
51 0 -136558 3935.52
52 0 -155021 2331.93
53 0 -127770 3629.7
54 0 -154393 2500.27
55 0 -124839 5489.81
56 0 -149843 2488.99
57 0 -128009 4345.94
58 0 -151098 2541.89
59 0 -123980 4501.56
60 0 6.93596e-310 5
61 0 6.93596e-310 5
62 0 6.93596e-310 5
63 0 6.93596e-310 5
64 0 6.93596e-310 5
65 0 6.93596e-310 5
66 0 570026 2158.57
67 0 569864 2184.75
68 0 570791 2222.52
69 0 570380 2279.59
70 0 562293 2765.75
71 0 570702 2586.09
72 0 562581 2864.36
73 0 554608 2976.24
74 0 562367 2839.93
75 0 562738 2815.82
76 0 554446 2839.52
77 0 561395 2706.41
78 0 562172 2554.88
79 0 554346 2744.34
80 0 6.93596e-310 5
81 0 6.93596e-310 5
82 0 587017 2360.15
83 0 579110 2475.62
84 0 586884 2321.66
85 0 586745 2304.31
86 0 586770 2567.65
87 0 587224 2912.25
88 0 579078 2603.9
89 0 579611 2505.32
90 0 580494 2524.39
91 0 578913 2518.52
92 0 580124 2696.8
93 0 579713 2741.86
94 0 581658 2788.87
95 0 579015 2730.42
96 0 6.93596e-310 5
97 0 6.93596e-310 5
98 0 607315 2742.39
99 0 607398 3063.3
100 0 607045 2129.52
101 0 606154 2012.05
102 0 604868 2213.27
103 0 604976 1523.49
104 0 589472 2502.92
105 0 596277 2360.56
106 0 596751 2428.77
107 0 588876 2416.85
108 0 598691 2652.75
109 0 599129 2759.86
110 0 598677 2729.7
111 0 598430 2557.67
112 0 6.93596e-310 5
113 0 6.93596e-310 5
114 0 626555 3093.83
115 0 624781 2892.84
116 0 627075 2944.06
117 0 626346 3104.33
118 0 625242 2075.9
119 0 617780 2666
120 0 614938 1846.85
121 0 614526 1766.82
122 0 615975 1964.8
123 0 614943 1938.54
124 0 614813 2664.76
125 0 615492 2275.44
126 0 615346 2923.37
127 0 615136 2838.03
128 0 6.93596e-310 5
129 0 6.93596e-310 5
130 0 641039 2379.54
131 0 641764 2657.49
132 0 642052 2530.71
133 0 640472 2377.59
134 0 642029 2325.84
135 0 641549 2336.12
136 0 625338 2236.91
137 0 632967 2334.14
138 0 643605 637.318
139 0 636904 708.337
140 0 645260 542.949
141 0 645741 699.755
142 0 645011 687.82
143 0 645324 608.621
144 0 6.93596e-310 5
145 0 6.93596e-310 5
146 0 673455 505.31
147 0 673229 712.817
148 0 672150 605.542
149 0 671540 514.483
150 0 671288 525.309
151 0 672813 722.062
152 0 664450 540.115
153 0 665561 569.648
154 0 664338 498.805
155 0 664688 659.295
156 0 6.93596e-310 5
157 0 6.93596e-310 5
158 0 6.93596e-310 5
159 0 6.93596e-310 5
