0 0 6.94121e-310 5
1 0 3.7468e-316 5
2 0 -208792 2617.89
3 0 -186399 4707.52
4 0 -248130 3716.17
5 0 -180554 4027.99
6 0 -209873 2700.85
7 0 -176171 4644.66
8 0 -211777 2586.21
9 0 -181098 4452.38
10 0 -211893 2966.51
11 0 -188095 4059.79
12 0 -214155 2431.54
13 0 -197457 4212.07
14 0 -222130 2644.87
15 0 -195056 3989.61
16 0 -170258 2499.3
17 0 -151862 4640.62
18 0 -177574 2799.29
19 0 -148060 4639.53
20 0 -179984 2484.34
21 0 -146362 4861.3
22 0 6.94121e-310 5
23 0 6.94121e-310 5
24 0 -178648 2376.38
25 0 -150140 4058.95
26 0 -179167 2595.82
27 0 -140971 4208.85
28 0 6.94121e-310 5
29 0 6.94121e-310 5
30 0 6.94121e-310 5
31 0 6.94121e-310 5
32 0 -199823 6120.5
33 0 -138091 4149.23
34 0 -203854 5317.58
35 0 -138217 4858.92
36 0 -170376 2420.31
37 0 -142458 4402.75
38 0 -167579 2594.14
39 0 -137374 4783.12
40 0 -164064 2747.17
41 0 -140550 4540.24
42 0 -171095 2615.66
43 0 -142165 4776.47
44 0 6.94121e-310 5
45 0 6.94121e-310 5
46 0 6.94121e-310 5
47 0 6.94121e-310 5
48 0 -151586 2693.22
49 0 -133078 4198.45
50 0 -155103 2600.88
51 0 -135869 3737.51
52 0 -154095 2320.35
53 0 -126863 3527.07
54 0 -153724 2665.77
55 0 -168128 6074.68
56 0 -148920 2347.48
57 0 -127183 4100.44
58 0 -150123 2416.72
59 0 -123136 4643.93
60 0 6.94121e-310 5
61 0 6.94121e-310 5
62 0 6.94121e-310 5
63 0 6.94121e-310 5
64 0 6.94121e-310 5
65 0 6.94121e-310 5
66 0 586471 2200.24
67 0 578207 2049.74
68 0 587067 2152.73
69 0 586678 2250.35
70 0 578605 2491.57
71 0 586959 2467.59
72 0 571339 2681.14
73 0 579020 2831.07
74 0 578911 2546.27
75 0 571298 2715.35
76 0 579031 2527.78
77 0 577882 2412.93
78 0 570925 2502.46
79 0 578988 2510.68
80 0 6.94121e-310 5
81 0 6.94121e-310 5
82 0 603651 2246.15
83 0 603761 2431.93
84 0 603424 2273.5
85 0 603341 2095.6
86 0 603330 2568.47
87 0 604180 2529.11
88 0 595768 2410.47
89 0 596239 2373.1
90 0 596755 2526.2
91 0 595467 2377.67
92 0 596361 2397.73
93 0 596480 2348.97
94 0 598162 2804.84
95 0 595589 2327.68
96 0 6.94121e-310 5
97 0 6.94121e-310 5
98 0 623473 2498.22
99 0 623563 2805.01
100 0 623584 2144.31
101 0 622430 1914.87
102 0 620796 2178.02
103 0 621001 1553.26
104 0 614151 2419.87
105 0 612957 2338
106 0 613171 2369.45
107 0 613572 2495.59
108 0 615504 2456.63
109 0 615579 2416.9
110 0 615097 2735.98
111 0 615250 2646.15
112 0 6.94121e-310 5
113 0 6.94121e-310 5
114 0 643408 3207.42
115 0 641417 2822.79
116 0 643161 2655.55
117 0 643093 3194.6
118 0 641423 1996.2
119 0 641845 2394.89
120 0 623144 1752.61
121 0 630678 1600.68
122 0 632087 1857.4
123 0 622988 1821.76
124 0 632607 3246.69
125 0 631581 1953.04
126 0 632261 2783.11
127 0 632209 2930.7
128 0 6.94121e-310 5
129 0 6.94121e-310 5
130 0 649811 2463.81
131 0 658182 2466.11
132 0 658797 2428.5
133 0 656899 2163.05
134 0 658727 2220.94
135 0 658229 2297.92
136 0 649386 2109.62
137 0 649498 2230.33
138 0 660091 567.241
139 0 661428 508.692
140 0 661516 512.904
141 0 662288 541.325
142 0 661503 541.528
143 0 661609 573.734
144 0 6.94121e-310 5
145 0 6.94121e-310 5
146 0 673723 540.275
147 0 673698 605.572
148 0 672536 488.115
149 0 663901 510.685
150 0 671485 504.683
151 0 665382 523.29
152 0 664898 483.243
153 0 666227 623.899
154 0 664675 489.287
155 0 665342 536.244
156 0 6.94121e-310 5
157 0 6.94121e-310 5
158 0 6.94121e-310 5
159 0 6.94121e-310 5
