0 0 6.90686e-310 5
1 0 6.38689e-316 5
2 0 -208674 2745.69
3 0 -185825 3837.8
4 0 -204012 2602.27
5 0 -224278 4370.17
6 0 -252032 2373.42
7 0 -219426 4647.58
8 0 -255420 3167.46
9 0 -224749 4505.85
10 0 -211355 2415.17
11 0 -231912 4561.41
12 0 -257472 3540.67
13 0 -196911 4532.53
14 0 -222194 2581.77
15 0 -238514 4294.54
16 0 -170187 2648.7
17 0 -194570 4820.55
18 0 -221683 2849.72
19 0 -191315 5435.05
20 0 -179761 2667.35
21 0 -145733 4308.12
22 0 6.90686e-310 5
23 0 6.90686e-310 5
24 0 -178148 2415.5
25 0 -193571 4408.74
26 0 -221657 3597.96
27 0 -140261 3886.15
28 0 6.90686e-310 5
29 0 6.90686e-310 5
30 0 6.90686e-310 5
31 0 6.90686e-310 5
32 0 -157318 2258.71
33 0 -181661 4516.34
34 0 -160914 2652.85
35 0 -181412 4166.82
36 0 -170210 2656.84
37 0 -185681 5013.86
38 0 -167321 2651.88
39 0 -180987 5072.88
40 0 -208640 2739.03
41 0 -184475 4691.89
42 0 -214364 3424.5
43 0 -185381 5127.44
44 0 6.90686e-310 5
45 0 6.90686e-310 5
46 0 6.90686e-310 5
47 0 6.90686e-310 5
48 0 -194516 3677.07
49 0 -177278 6021.41
50 0 -154918 2675.93
51 0 -179119 4959.58
52 0 -197921 2966.91
53 0 -126819 3463.64
54 0 -153203 2466.81
55 0 -122785 7030.29
56 0 -192914 2922.25
57 0 -171460 4750.14
58 0 -195168 2768.9
59 0 -167561 4516.61
60 0 6.90686e-310 5
61 0 6.90686e-310 5
62 0 6.90686e-310 5
63 0 6.90686e-310 5
64 0 6.90686e-310 5
65 0 6.90686e-310 5
66 0 570101 2535.07
67 0 569746 2500.75
68 0 571241 2843.47
69 0 570526 2827.33
70 0 571604 3779.56
71 0 571368 3263.86
72 0 563716 3438.44
73 0 563681 3640.81
74 0 554970 3024.74
75 0 563467 3171.93
76 0 554988 2966.27
77 0 561861 2766.91
78 0 562828 2807.74
79 0 554948 2883.09
80 0 6.90686e-310 5
81 0 6.90686e-310 5
82 0 579564 2584.03
83 0 587708 2698.79
84 0 586991 2999.55
85 0 586782 2850.57
86 0 587285 2917.95
87 0 588086 2958.78
88 0 579836 2833.63
89 0 580194 2815.02
90 0 580933 2844.32
91 0 579496 2812.06
92 0 580751 3229.39
93 0 580540 2996.38
94 0 583118 3803.12
95 0 580240 3218.99
96 0 6.90686e-310 5
97 0 6.90686e-310 5
98 0 607599 3004.08
99 0 607965 3315.93
100 0 607267 2503.23
101 0 606715 2705.04
102 0 604740 2474.54
103 0 604468 2379.74
104 0 589937 2842.49
105 0 596775 2771.04
106 0 597395 2826.06
107 0 589590 2866.01
108 0 599276 2974.59
109 0 599564 3006.63
110 0 599919 3485.88
111 0 599312 3042.23
112 0 6.90686e-310 5
113 0 6.90686e-310 5
114 0 627722 3400.51
115 0 625990 3424.63
116 0 627101 3214.83
117 0 618968 3200.22
118 0 625316 2366.57
119 0 625459 2616.08
120 0 615125 2213.62
121 0 614526 2109.98
122 0 616286 2427.87
123 0 615080 2290.63
124 0 616188 3116.01
125 0 616319 2849.02
126 0 616376 3096.65
127 0 616900 3554.05
128 0 6.90686e-310 5
129 0 6.90686e-310 5
130 0 641782 2750.38
131 0 634411 3028.38
132 0 642617 2790.62
133 0 641143 2669.82
134 0 642798 2669.3
135 0 642309 2847.68
136 0 633278 2555.85
137 0 633650 2662.52
138 0 644417 1347.17
139 0 645883 1501.68
140 0 646017 1432.05
141 0 646615 1388.4
142 0 645879 1458.49
143 0 645991 1453.62
144 0 6.90686e-310 5
145 0 6.90686e-310 5
146 0 674253 1414.46
147 0 673874 1413.82
148 0 672969 1429.7
149 0 672575 1421.08
150 0 672364 1388.24
151 0 674005 1534.2
152 0 665593 1462.86
153 0 666641 1441.47
154 0 657437 1460.83
155 0 665876 1557.97
156 0 6.90686e-310 5
157 0 6.90686e-310 5
158 0 6.90686e-310 5
159 0 6.90686e-310 5
