0 0 6.94141e-310 5
1 0 4.8734e-316 5
2 0 -284344 6218.65
3 0 -329165 9306.98
4 0 -333365 20611.2
5 0 -169656 6119.5
6 0 -197268 4418.15
7 0 -314339 11555.5
8 0 -198815 3017.73
9 0 -296633 19936.2
10 0 -198996 3133.44
11 0 -180408 31918.2
12 0 -200999 3284.93
13 0 -149681 30901.1
14 0 -209494 2915.28
15 0 -319478 4756.92
16 0 -157581 3302.93
17 0 -140111 5011.47
18 0 -163781 2716.66
19 0 -252217 7400.11
20 0 -167429 2546.86
21 0 -132154 4347.5
22 0 6.94141e-310 5
23 0 6.94141e-310 5
24 0 -165653 2552.97
25 0 -164876 8178.18
26 0 -166033 2372.48
27 0 -127035 4096.09
28 0 6.94141e-310 5
29 0 6.94141e-310 5
30 0 6.94141e-310 5
31 0 6.94141e-310 5
32 0 -144829 1953.55
33 0 -125752 4634.78
34 0 -147989 2457.01
35 0 -170621 31095.3
36 0 -158133 2514.75
37 0 -164730 33579
38 0 -154094 1650.09
39 0 -126075 4428.64
40 0 -151095 2614.82
41 0 -128164 3864.18
42 0 -158278 2072.38
43 0 -128804 4910.6
44 0 6.94141e-310 5
45 0 6.94141e-310 5
46 0 6.94141e-310 5
47 0 6.94141e-310 5
48 0 -138843 1971.74
49 0 -118826 26525.7
50 0 -142375 2573.69
51 0 -123408 4335.12
52 0 -141319 2262.15
53 0 -116062 2866.99
54 0 -141167 2205.13
55 0 -195922 29319.8
56 0 -136526 2599.58
57 0 -79462.6 31308.4
58 0 -137968 2373.61
59 0 -262359 7067.21
60 0 6.94141e-310 5
61 0 6.94141e-310 5
62 0 6.94141e-310 5
63 0 6.94141e-310 5
64 0 6.94141e-310 5
65 0 6.94141e-310 5
66 0 586227 2293.66
67 0 578051 2179.76
68 0 586706 2115.1
69 0 586391 2214.61
70 0 577931 1984.4
71 0 586292 2096.44
72 0 571088 2018.56
73 0 578578 2104.65
74 0 579068 1943.1
75 0 571333 2064.08
76 0 579552 2049.31
77 0 578065 1871.29
78 0 571602 2078.58
79 0 579494 2010.65
80 0 6.94141e-310 5
81 0 6.94141e-310 5
82 0 604557 1839.17
83 0 604331 1938.22
84 0 603458 1672.3
85 0 603366 1723.08
86 0 603471 1610.36
87 0 604318 1746.54
88 0 595839 1520.69
89 0 596278 1519.08
90 0 596799 1628.14
91 0 595435 1410.58
92 0 596024 1788.08
93 0 596184 1641.72
94 0 596961 1919.66
95 0 594974 1785.17
96 0 6.94141e-310 5
97 0 6.94141e-310 5
98 0 622083 1949.8
99 0 621970 1905.66
100 0 623224 2297.16
101 0 621726 1959.88
102 0 620576 3352.58
103 0 710579 2177.47
104 0 614036 3144.1
105 0 612588 3343.88
106 0 613738 2676.19
107 0 614065 2823.46
108 0 616046 2451.96
109 0 616170 2754.45
110 0 615449 2299.51
111 0 615622 2465.42
112 0 6.94141e-310 5
113 0 6.94141e-310 5
114 0 642233 2438.96
115 0 640941 2215.19
116 0 641897 2251.54
117 0 641380 2393.44
118 0 641103 2012.07
119 0 640975 2170.98
120 0 623593 1860.87
121 0 631250 1805.07
122 0 632122 1870.87
123 0 623193 1811.06
124 0 630628 1968.85
125 0 631292 1943.68
126 0 631891 2127.89
127 0 631117 2098.35
128 0 6.94141e-310 5
129 0 6.94141e-310 5
130 0 649682 2517.82
131 0 658038 2340.34
132 0 658784 3330.43
133 0 656934 2536.47
134 0 658612 3910.73
135 0 657965 3516.69
136 0 651203 4466.36
137 0 647261 6000.26
138 0 659887 660.53
139 0 661221 655.121
140 0 661654 595.927
141 0 662146 819.693
142 0 661451 648.085
143 0 661745 671.623
144 0 6.94141e-310 5
145 0 6.94141e-310 5
146 0 673725 452.8
147 0 673606 694.625
148 0 672359 579.64
149 0 663816 386.695
150 0 671696 424.869
151 0 665154 590.669
152 0 664679 431.23
153 0 665795 520.987
154 0 664515 147.037
155 0 664816 608.212
156 0 6.94141e-310 5
157 0 6.94141e-310 5
158 0 6.94141e-310 5
159 0 6.94141e-310 5
