0 0 6.90371e-310 5
1 0 4.67298e-316 5
2 0 -212306 2686.42
3 0 -189934 4807.9
4 0 -207767 2827.32
5 0 -184198 4016.51
6 0 -213349 2710.7
7 0 -179731 4736.56
8 0 -215198 2717.5
9 0 -184543 4354.18
10 0 -215121 2816.28
11 0 -191569 3954.55
12 0 -218021 2685.59
13 0 -201060 4366.02
14 0 -225479 2585.46
15 0 -198760 3901.16
16 0 -173798 2570.32
17 0 -155863 4754.62
18 0 -181029 2788.45
19 0 -151550 4994.17
20 0 -183216 2708.19
21 0 -149741 4812.41
22 0 6.90371e-310 5
23 0 6.90371e-310 5
24 0 -182215 2714.74
25 0 -153496 4180.7
26 0 -182574 2783.42
27 0 -144384 4747.4
28 0 6.90371e-310 5
29 0 6.90371e-310 5
30 0 6.90371e-310 5
31 0 6.90371e-310 5
32 0 -161197 3298.85
33 0 -141791 4498.63
34 0 -164438 2864.61
35 0 -141866 4711.4
36 0 -174070 2809.96
37 0 -146064 4726.41
38 0 -171020 2547.61
39 0 -140598 4748.62
40 0 -167394 2597.68
41 0 -143791 4602.31
42 0 -174651 2711.65
43 0 -145692 4469.3
44 0 6.90371e-310 5
45 0 6.90371e-310 5
46 0 6.90371e-310 5
47 0 6.90371e-310 5
48 0 -154998 2751.81
49 0 -136917 4400.33
50 0 -158342 2446.26
51 0 -139455 4052.63
52 0 -157730 2531.28
53 0 -130444 3665.09
54 0 -157164 2646.23
55 0 -127098 5120.16
56 0 -152486 2594.67
57 0 -130621 4152.87
58 0 -153790 2537.16
59 0 -126626 4616.24
60 0 6.90371e-310 5
61 0 6.90371e-310 5
62 0 6.90371e-310 5
63 0 6.90371e-310 5
64 0 6.90371e-310 5
65 0 6.90371e-310 5
66 0 570816 2768.23
67 0 562555 2653.75
68 0 571401 2858.42
69 0 571010 2743.68
70 0 562438 2692.81
71 0 570912 2633.79
72 0 555472 2947.67
73 0 563029 2917.88
74 0 562989 2974.66
75 0 555556 2971.52
76 0 563101 2923.95
77 0 561983 2726.78
78 0 554835 2831.81
79 0 562986 2895.73
80 0 6.90371e-310 5
81 0 6.90371e-310 5
82 0 587698 2612.24
83 0 587802 2817.25
84 0 587587 2497.78
85 0 587594 2374.39
86 0 587490 2810.84
87 0 588394 2774.16
88 0 579779 2497.66
89 0 580293 2736.17
90 0 580984 2564.42
91 0 579577 2676.9
92 0 580263 2387.35
93 0 580475 2514.46
94 0 581712 2412.62
95 0 579346 2345.64
96 0 6.90371e-310 5
97 0 6.90371e-310 5
98 0 607038 2295.03
99 0 606820 2340.03
100 0 608242 2866.96
101 0 606613 2147.05
102 0 605532 2096.22
103 0 605710 1727.43
104 0 598292 2794.49
105 0 597244 2706.19
106 0 597613 2621.81
107 0 597701 2673.75
108 0 599644 2701.11
109 0 599870 2816.38
110 0 599342 2640.52
111 0 599462 2607.13
112 0 6.90371e-310 5
113 0 6.90371e-310 5
114 0 626713 2740.23
115 0 624908 2809.89
116 0 626743 2670.26
117 0 626092 2670.55
118 0 625928 2520.51
119 0 625535 2465.93
120 0 607438 2350.7
121 0 615141 2319.77
122 0 617175 2694.16
123 0 607737 2584.99
124 0 615403 2497.09
125 0 616299 2577.71
126 0 616596 3033.78
127 0 616119 3019.44
128 0 6.90371e-310 5
129 0 6.90371e-310 5
130 0 633988 3014.32
131 0 642837 3051.97
132 0 643215 3181.26
133 0 641384 2786.31
134 0 643078 2783.61
135 0 642360 2856.99
136 0 634212 2514.39
137 0 633983 2786.17
138 0 644388 1086.02
139 0 645681 1127.26
140 0 645608 953.173
141 0 646697 1211.94
142 0 645577 1075.81
143 0 645694 1051.98
144 0 6.90371e-310 5
145 0 6.90371e-310 5
146 0 673957 914.134
147 0 673751 1111.68
148 0 672400 726.043
149 0 663927 731.652
150 0 671601 688.778
151 0 665282 957.112
152 0 664768 738.223
153 0 666215 950.218
154 0 664629 653.257
155 0 665383 985.332
156 0 6.90371e-310 5
157 0 6.90371e-310 5
158 0 6.90371e-310 5
159 0 6.90371e-310 5
