0 0 6.91564e-310 5
1 0 5.03783e-316 5
2 0 -208737 2493.63
3 0 -229503 4764.88
4 0 -247233 3210.55
5 0 -223716 4172.24
6 0 -252313 4065.18
7 0 -175883 4473.68
8 0 -254890 3258.86
9 0 -224016 4461.37
10 0 -255903 2960.13
11 0 -231879 4313
12 0 -257232 2826.57
13 0 -240277 5128.55
14 0 -222017 2752.65
15 0 -238526 4326.57
16 0 -170114 2232.15
17 0 -194094 4448.67
18 0 -220948 3166.35
19 0 -190470 4700.11
20 0 -179896 2569
21 0 -145863 4572.07
22 0 6.91564e-310 5
23 0 6.91564e-310 5
24 0 -178878 2516.51
25 0 -192985 4413.53
26 0 -178888 2588.72
27 0 -140362 4631.9
28 0 6.91564e-310 5
29 0 6.91564e-310 5
30 0 6.91564e-310 5
31 0 6.91564e-310 5
32 0 -200101 2945.6
33 0 -180628 4322.17
34 0 -204042 3107.36
35 0 -180876 4815.67
36 0 -170177 2315.39
37 0 -185523 5479.18
38 0 -211561 2716.28
39 0 -180301 6109.81
40 0 -207806 2940.18
41 0 -184050 4665.84
42 0 -170920 2584.78
43 0 -184848 4505.19
44 0 6.91564e-310 5
45 0 6.91564e-310 5
46 0 6.91564e-310 5
47 0 6.91564e-310 5
48 0 -194094 3262.1
49 0 -176094 4286.98
50 0 -154969 2613.27
51 0 -135661 3647.28
52 0 -197548 2692.21
53 0 -170277 3949
54 0 -197611 3160.35
55 0 -166665 4999.32
56 0 -192027 3110.54
57 0 -127404 4377.29
58 0 -150030 2230.23
59 0 -166503 5428.22
60 0 6.91564e-310 5
61 0 6.91564e-310 5
62 0 6.91564e-310 5
63 0 6.91564e-310 5
64 0 6.91564e-310 5
65 0 6.91564e-310 5
66 0 585669 2626.94
67 0 585254 2366.71
68 0 586467 2591.21
69 0 585891 2658.56
70 0 586907 3280.5
71 0 586608 2914.38
72 0 579630 3326.88
73 0 579707 3749.8
74 0 578752 2925.82
75 0 579249 3053.59
76 0 578837 2846.47
77 0 577691 2784.97
78 0 578638 2736.1
79 0 578692 2780.27
80 0 6.91564e-310 5
81 0 6.91564e-310 5
82 0 603400 2588.69
83 0 603591 2632.59
84 0 602686 2762.42
85 0 602636 2528.6
86 0 603023 2689.57
87 0 603640 2816.41
88 0 595507 2645.01
89 0 595900 2693.37
90 0 596599 2886.02
91 0 595212 2676.73
92 0 596543 3185.3
93 0 596147 2857.45
94 0 598497 3408.77
95 0 595999 3198.36
96 0 6.91564e-310 5
97 0 6.91564e-310 5
98 0 623147 3025.7
99 0 623494 3350.4
100 0 622780 2427.73
101 0 614092 2454.92
102 0 620378 2457.68
103 0 620513 2164.88
104 0 613609 2870.32
105 0 612517 2722.68
106 0 604941 2692.09
107 0 613385 2842.33
108 0 614882 2791.77
109 0 615115 2891.48
110 0 614993 3054.56
111 0 614821 2848.38
112 0 6.91564e-310 5
113 0 6.91564e-310 5
114 0 643104 3581.57
115 0 641246 3088.12
116 0 642766 3037.03
117 0 642653 3443.34
118 0 633102 2520.6
119 0 641445 2922.34
120 0 630790 2262.91
121 0 630106 2061.22
122 0 632155 2579.54
123 0 630784 2413.46
124 0 632048 3294.53
125 0 624029 2868.75
126 0 632162 3016.08
127 0 632048 3175.32
128 0 6.91564e-310 5
129 0 6.91564e-310 5
130 0 649472 2759.12
131 0 658049 2812.94
132 0 658378 2709.23
133 0 656840 2566.6
134 0 658604 2697.57
135 0 657945 2591.22
136 0 649125 2320.11
137 0 649366 2571.39
138 0 660125 1429.43
139 0 661379 1454.77
140 0 661698 1453.56
141 0 662310 1470.64
142 0 661340 1405.02
143 0 661632 1439.45
144 0 6.91564e-310 5
145 0 6.91564e-310 5
146 0 673905 1455.56
147 0 673491 1404.65
148 0 672504 1398.39
149 0 672231 1438.19
150 0 671964 1517.66
151 0 673532 1510.84
152 0 665056 1445.65
153 0 666326 1447
154 0 657005 1499.64
155 0 665310 1461.95
156 0 6.91564e-310 5
157 0 6.91564e-310 5
158 0 6.91564e-310 5
159 0 6.91564e-310 5
