0 0 6.91719e-310 5
1 0 5.25248e-316 5
2 0 -210463 2622.57
3 0 -188078 4653.46
4 0 -205829 2575.75
5 0 -182156 4082.9
6 0 -211435 2542.2
7 0 -177823 4802.7
8 0 -213255 2589
9 0 -182558 4743.36
10 0 -213363 2814.07
11 0 -189926 4129.28
12 0 -215820 2517.38
13 0 -198809 4647.41
14 0 -223799 2629.4
15 0 -196912 3855.63
16 0 -171889 2502.63
17 0 -153878 4529.4
18 0 -179147 2548.54
19 0 -149743 5367.47
20 0 -181649 2841.37
21 0 -147654 4689.8
22 0 6.91719e-310 5
23 0 6.91719e-310 5
24 0 -180531 2686.78
25 0 -151901 4016.85
26 0 -180682 2801.61
27 0 -142689 4934.02
28 0 6.91719e-310 5
29 0 6.91719e-310 5
30 0 6.91719e-310 5
31 0 6.91719e-310 5
32 0 -159130 2811.39
33 0 -140013 4560.34
34 0 -162623 2882.55
35 0 -184259 4771.49
36 0 -172195 2624.17
37 0 -144388 5209.01
38 0 -169010 2479.91
39 0 -138846 4417.87
40 0 -165546 2534.88
41 0 -142200 4561.29
42 0 -172862 2732.24
43 0 -143882 4376.15
44 0 6.91719e-310 5
45 0 6.91719e-310 5
46 0 6.91719e-310 5
47 0 6.91719e-310 5
48 0 -153066 2477.8
49 0 -135184 4176.69
50 0 -156691 2615.12
51 0 -137616 3931.02
52 0 -155823 2441.31
53 0 -128411 3555.63
54 0 -155299 2578.69
55 0 -125085 5323.34
56 0 -150423 2419.53
57 0 -128702 4339.32
58 0 -151984 2534.48
59 0 -125196 4883.67
60 0 6.91719e-310 5
61 0 6.91719e-310 5
62 0 6.91719e-310 5
63 0 6.91719e-310 5
64 0 6.91719e-310 5
65 0 6.91719e-310 5
66 0 561615 2273.65
67 0 569442 2197.8
68 0 562403 2284.71
69 0 569829 2269.94
70 0 569875 2795.06
71 0 562041 2390.63
72 0 562189 2927.34
73 0 561838 2955.75
74 0 561754 2774.31
75 0 562117 3092.01
76 0 561915 2767.26
77 0 560779 2614.52
78 0 561685 2643.04
79 0 561823 2728.91
80 0 6.91719e-310 5
81 0 6.91719e-310 5
82 0 578441 2389.37
83 0 586537 2540.6
84 0 586462 2366.17
85 0 586215 2166.17
86 0 585924 2913.69
87 0 586744 2958.21
88 0 578579 2576.34
89 0 570869 2497.55
90 0 579621 2870.28
91 0 578272 2618.31
92 0 579669 2645.37
93 0 579482 2541.05
94 0 581303 3118.92
95 0 578833 2748.73
96 0 6.91719e-310 5
97 0 6.91719e-310 5
98 0 606592 2558.48
99 0 598732 3024.88
100 0 606604 2226.93
101 0 605533 1963.14
102 0 604156 2094.3
103 0 604264 1442.6
104 0 596874 2453.94
105 0 595642 2325.36
106 0 596071 2539.56
107 0 596338 2551.88
108 0 590466 2638.34
109 0 598309 2553.68
110 0 597763 2779.41
111 0 590295 2771.38
112 0 6.91719e-310 5
113 0 6.91719e-310 5
114 0 625742 3234.89
115 0 623647 2742
116 0 626402 2811.21
117 0 625424 3089.14
118 0 624631 2049.26
119 0 625163 2599.39
120 0 614420 1845.93
121 0 614088 1879.71
122 0 615532 2139.84
123 0 614272 1959.1
124 0 606291 2830.67
125 0 615055 2454.14
126 0 614877 2807.51
127 0 606410 3199.47
128 0 6.91719e-310 5
129 0 6.91719e-310 5
130 0 640604 2614.51
131 0 640894 2675.84
132 0 641428 2573.42
133 0 639776 2297.02
134 0 641536 2354.81
135 0 641042 2463.56
136 0 624658 2359.06
137 0 632456 2372.05
138 0 643229 565.943
139 0 636453 612.107
140 0 644561 639.528
141 0 645398 632.054
142 0 644583 649.507
143 0 644713 707.977
144 0 6.91719e-310 5
145 0 6.91719e-310 5
146 0 672890 685.975
147 0 672723 695.43
148 0 663501 496.737
149 0 671114 618.421
150 0 670628 588.531
151 0 664316 552.611
152 0 664203 531.071
153 0 665309 539.275
154 0 664022 566.617
155 0 664486 964.762
156 0 6.91719e-310 5
157 0 6.91719e-310 5
158 0 6.91719e-310 5
159 0 6.91719e-310 5
