0 0 6.90047e-310 5
1 0 5.17802e-316 5
2 0 -251385 3251.46
3 0 -228499 4286.09
4 0 -246545 2773.16
5 0 -222571 4274.88
6 0 -209458 2605.11
7 0 -219089 6215.45
8 0 -211377 2493.78
9 0 -223274 4811.55
10 0 -254732 3287.04
11 0 -187713 3803.77
12 0 -256321 3312.72
13 0 -239293 4188.32
14 0 -221630 2482.84
15 0 -237654 4621.86
16 0 -170039 2618.89
17 0 -193845 4376.25
18 0 -177124 2644.77
19 0 -190056 5196.34
20 0 -223100 3573.24
21 0 -188288 4331.26
22 0 6.90047e-310 5
23 0 6.90047e-310 5
24 0 -178319 3077.37
25 0 -192787 4470.37
26 0 -220913 3053.52
27 0 -182863 4017.01
28 0 6.90047e-310 5
29 0 6.90047e-310 5
30 0 6.90047e-310 5
31 0 6.90047e-310 5
32 0 -156962 3024.57
33 0 -180308 4080.73
34 0 -202677 2999.55
35 0 -179762 5207.31
36 0 -170124 2349.89
37 0 -184504 5246.46
38 0 -210438 3013.94
39 0 -136571 4461.76
40 0 -206928 2775.59
41 0 -182697 4804.47
42 0 -171006 2631.95
43 0 -141241 4462.34
44 0 6.90047e-310 5
45 0 6.90047e-310 5
46 0 6.90047e-310 5
47 0 6.90047e-310 5
48 0 -193419 2980.48
49 0 -176143 3494.66
50 0 -154513 2600.43
51 0 -178029 4005.07
52 0 -196752 2899.8
53 0 -169462 3778.92
54 0 -196324 3406.14
55 0 -166236 4969.42
56 0 -191431 3134.88
57 0 -169571 5116.99
58 0 -150354 2321.03
59 0 -165728 4840.04
60 0 6.90047e-310 5
61 0 6.90047e-310 5
62 0 6.90047e-310 5
63 0 6.90047e-310 5
64 0 6.90047e-310 5
65 0 6.90047e-310 5
66 0 569788 2562.26
67 0 569466 2488.96
68 0 570778 2869.56
69 0 570013 2593.53
70 0 571020 3201.8
71 0 570715 2915.24
72 0 564122 3630.71
73 0 563887 3624.41
74 0 562866 2879.75
75 0 563436 2993.35
76 0 554928 2744.2
77 0 561813 2679.98
78 0 562783 2738.34
79 0 554849 2756.94
80 0 6.90047e-310 5
81 0 6.90047e-310 5
82 0 587639 2526.11
83 0 587667 2654.96
84 0 578798 2772.78
85 0 586800 2547.97
86 0 587206 2742.73
87 0 579836 2728.27
88 0 579756 2695.22
89 0 580079 2686.93
90 0 580761 2805.41
91 0 579409 2742.38
92 0 580684 3197.51
93 0 580412 3030.57
94 0 582571 3373.19
95 0 580111 3071.5
96 0 6.90047e-310 5
97 0 6.90047e-310 5
98 0 607242 2955.48
99 0 607533 3230.44
100 0 598907 2386.66
101 0 606189 2409.29
102 0 604667 2429.6
103 0 596745 2232.58
104 0 597857 2651.3
105 0 596766 2629.02
106 0 597090 2591.74
107 0 597538 2751.78
108 0 599000 2826.02
109 0 599277 2756.38
110 0 599213 3018.71
111 0 598951 2766.22
112 0 6.90047e-310 5
113 0 6.90047e-310 5
114 0 627208 3399.55
115 0 625282 3028.45
116 0 626917 3015.65
117 0 626776 3795.06
118 0 625216 2505.75
119 0 625620 2840.12
120 0 614954 2208.18
121 0 614239 2041.72
122 0 616334 2628.5
123 0 614970 2385.65
124 0 616118 3158.07
125 0 616038 2779.51
126 0 616342 3000.73
127 0 616634 3443.65
128 0 6.90047e-310 5
129 0 6.90047e-310 5
130 0 641613 2611.37
131 0 642158 2744.34
132 0 642539 2618.93
133 0 640985 2507.05
134 0 642745 2573.03
135 0 642146 2565.47
136 0 633423 2357
137 0 633661 2589.54
138 0 644278 1359.2
139 0 645591 1444.12
140 0 645878 1475.37
141 0 646416 1439.93
142 0 645560 1400.47
143 0 645847 1445.17
144 0 6.90047e-310 5
145 0 6.90047e-310 5
146 0 674023 1449.22
147 0 673694 1407.67
148 0 672631 1405.95
149 0 664351 1397.14
150 0 672075 1456.86
151 0 673764 1507.13
152 0 657214 1411.53
153 0 666410 1443.7
154 0 665135 1465.68
155 0 657547 1453.24
156 0 6.90047e-310 5
157 0 6.90047e-310 5
158 0 6.90047e-310 5
159 0 6.90047e-310 5
