0 0 6.94485e-310 5
1 0 4.50073e-316 5
2 0 -205185 6060.59
3 0 -191579 6432.96
4 0 -192764 4079.91
5 0 -141580 6471.52
6 0 -198257 3077.99
7 0 -152108 4331.54
8 0 -146474 29853.9
9 0 -245189 4698.52
10 0 -199515 4654.02
11 0 -281128 35450.9
12 0 -200709 1870.07
13 0 -135616 3767.16
14 0 -239372 4291.09
15 0 -239316 23150.7
16 0 -279547 7562.3
17 0 -139979 6036.55
18 0 -157356 34122.7
19 0 -116333 4357.57
20 0 -163947 3189.3
21 0 -304864 13517.3
22 0 6.94485e-310 5
23 0 6.94485e-310 5
24 0 -109276 4336.5
25 0 -178682 9209.12
26 0 -167103 2788.03
27 0 -149055 10906.2
28 0 -121798 329.018
29 0 -119571 1418.05
30 0 -245612 5583.39
31 0 6.94485e-310 5
32 0 -104323 29022.1
33 0 -102206 2329.31
34 0 -291601 18699.4
35 0 -109132 3174.79
36 0 -189110 2678.1
37 0 -164565 31580.5
38 0 -229437 6668.58
39 0 -219193 4160.24
40 0 -113558 18255.6
41 0 -177842 15312.1
42 0 -200233 24702.2
43 0 -129953 3439.37
44 0 -104656 124.124
45 0 6.94485e-310 5
46 0 -241210 15811.2
47 0 6.94485e-310 5
48 0 -145099 2255.64
49 0 -80509.1 34031.5
50 0 -53507.8 29222.9
51 0 -152059 6435.61
52 0 -141010 3372.66
53 0 -117238 8166.72
54 0 -194877 5877.3
55 0 -119679 6202.31
56 0 -198968 9496.76
57 0 -176124 29833.1
58 0 -227516 1494.2
59 0 -115664 2258.69
60 0 -239914 3114.42
61 0 -234500 0.155138
62 0 6.94485e-310 5
63 0 6.94485e-310 5
64 0 6.94485e-310 5
65 0 6.94485e-310 5
66 0 570023 2185.72
67 0 561951 2200.06
68 0 570534 2112.07
69 0 570251 2286.63
70 0 561776 2004.93
71 0 570044 2049.46
72 0 554925 2031.3
73 0 562441 2104.06
74 0 562899 1943.77
75 0 555079 1949.45
76 0 594852 1336.53
77 0 561896 1815.44
78 0 580046 1493.63
79 0 587710 839.857
80 0 6.94485e-310 5
81 0 6.94485e-310 5
82 0 614994 2044.39
83 0 616120 1354.84
84 0 587300 1503.6
85 0 612307 1537
86 0 587359 1559.56
87 0 621381 1294.72
88 0 579536 1468.31
89 0 609063 2078.6
90 0 580650 1542.89
91 0 579286 1486.25
92 0 580094 1734.23
93 0 580048 1651.7
94 0 580849 1911.2
95 0 578798 1802.4
96 0 6.94485e-310 5
97 0 6.94485e-310 5
98 0 605991 1985.63
99 0 605858 1978.9
100 0 607046 2438.42
101 0 605598 1957.73
102 0 604018 3343.79
103 0 628623 804.699
104 0 598075 2883.28
105 0 627901 1242.75
106 0 597611 2690.32
107 0 623593 1425.1
108 0 600118 2432.52
109 0 600233 3010.82
110 0 599359 2475.3
111 0 629361 1026.87
112 0 6.94485e-310 5
113 0 6.94485e-310 5
114 0 626085 2295.53
115 0 624814 2242.95
116 0 625675 2243.69
117 0 625191 2274.6
118 0 625047 1988.22
119 0 624953 2156.73
120 0 607551 1888.56
121 0 615193 1904.97
122 0 616083 1984.58
123 0 607135 1869.31
124 0 614500 2005.29
125 0 615220 1900.23
126 0 615921 2371.31
127 0 615011 2071.48
128 0 6.94485e-310 5
129 0 6.94485e-310 5
130 0 633716 2316.32
131 0 641947 2368.8
132 0 670658 1006.23
133 0 640955 2677.66
134 0 668378 1394.97
135 0 641980 3026.32
136 0 658853 811.989
137 0 635953 4442.66
138 0 643776 633.133
139 0 645116 674.757
140 0 645499 674.02
141 0 646028 824.52
142 0 645262 600.068
143 0 645654 712.155
144 0 6.94485e-310 5
145 0 6.94485e-310 5
146 0 673495 553.059
147 0 673369 645.496
148 0 671960 409.561
149 0 663712 410.297
150 0 671566 493.609
151 0 664870 428.389
152 0 664647 421.635
153 0 665738 507.387
154 0 664705 404.083
155 0 664687 618.75
156 0 6.94485e-310 5
157 0 6.94485e-310 5
158 0 6.94485e-310 5
159 0 6.94485e-310 5
