0 0 6.9244e-310 5
1 0 5.73221e-316 5
2 0 -210640 2612.43
3 0 -188092 5007.99
4 0 -205858 2735.47
5 0 -182270 4401.03
6 0 -211563 2687.68
7 0 -178014 4468.21
8 0 -213524 2686.26
9 0 -182720 4547.09
10 0 -213268 2815.9
11 0 -189826 3901.76
12 0 -216087 2696.97
13 0 -199071 4493.44
14 0 -223856 2624.42
15 0 -196598 3949.72
16 0 -172116 2603.55
17 0 -154081 4732.45
18 0 -179118 2540.23
19 0 -149675 4925.89
20 0 -181676 2738.09
21 0 -147611 4608.54
22 0 6.9244e-310 5
23 0 6.9244e-310 5
24 0 -180529 2652.78
25 0 -151984 4017.01
26 0 -180800 2710.51
27 0 -142610 4823.06
28 0 6.9244e-310 5
29 0 6.9244e-310 5
30 0 6.9244e-310 5
31 0 6.9244e-310 5
32 0 -159042 2717.44
33 0 -139798 4239.68
34 0 -162654 2874.06
35 0 -139946 4934.6
36 0 -172077 2464.34
37 0 -143391 4999.32
38 0 -169074 2513.16
39 0 -138740 5040.04
40 0 -165708 2674.77
41 0 -142380 4441.87
42 0 -172891 2821.56
43 0 -143876 4563.62
44 0 6.9244e-310 5
45 0 6.9244e-310 5
46 0 6.9244e-310 5
47 0 6.9244e-310 5
48 0 -153265 2647.98
49 0 -135046 3909.76
50 0 -156766 2490.1
51 0 -137568 3734.66
52 0 -155950 2505.17
53 0 -128575 3786.56
54 0 -155230 2581.04
55 0 -125693 5314.1
56 0 -150670 2499.23
57 0 -128970 4175.94
58 0 -151924 2561.65
59 0 -124805 4510.29
60 0 6.9244e-310 5
61 0 6.9244e-310 5
62 0 6.9244e-310 5
63 0 6.9244e-310 5
64 0 6.9244e-310 5
65 0 6.9244e-310 5
66 0 586753 2365.43
67 0 586614 2360.47
68 0 579440 2424.94
69 0 586981 2414.96
70 0 586533 2354.54
71 0 578931 2353.74
72 0 579558 2548.09
73 0 579132 2532.44
74 0 579368 2524.99
75 0 579664 2543.35
76 0 579535 2618.6
77 0 578180 2392.27
78 0 579276 2482.83
79 0 579432 2665.3
80 0 6.9244e-310 5
81 0 6.9244e-310 5
82 0 604213 2444.28
83 0 596194 2435.01
84 0 603785 2240.29
85 0 603714 2173.59
86 0 603833 2387.31
87 0 604667 2389.48
88 0 596026 2337.64
89 0 596618 2308.98
90 0 597141 2324.4
91 0 595895 2259
92 0 596585 2332.99
93 0 588706 2315.21
94 0 597837 2296.85
95 0 595609 2211.71
96 0 6.9244e-310 5
97 0 6.9244e-310 5
98 0 623222 2217.96
99 0 623098 2320.91
100 0 624202 2496.68
101 0 622626 1945.08
102 0 621437 1885.17
103 0 621447 1468.08
104 0 606619 2330.81
105 0 613396 2268.66
106 0 613619 2352.32
107 0 606039 2533.85
108 0 616068 2334.49
109 0 616164 2510.88
110 0 607295 2479.04
111 0 615501 2549.88
112 0 6.9244e-310 5
113 0 6.9244e-310 5
114 0 642858 2621.33
115 0 641121 2448.3
116 0 634603 2338.18
117 0 642421 2885.72
118 0 641839 2141.23
119 0 633528 2179.79
120 0 631663 2159.34
121 0 631259 1982.78
122 0 624897 2334.78
123 0 631613 2248.2
124 0 631336 2208.67
125 0 632242 2198.84
126 0 632790 2568.62
127 0 624173 2386.31
128 0 6.9244e-310 5
129 0 6.9244e-310 5
130 0 658428 2381.83
131 0 659042 2441.52
132 0 659604 2275.24
133 0 657403 2306.39
134 0 659367 2473.44
135 0 659051 2530.49
136 0 650305 2307.57
137 0 650207 2456.92
138 0 660441 866.17
139 0 661780 767.266
140 0 661744 619.595
141 0 662660 897.234
142 0 661706 720.656
143 0 661766 647.233
144 0 6.9244e-310 5
145 0 6.9244e-310 5
146 0 673951 656.097
147 0 673856 769.237
148 0 672613 469.221
149 0 672110 667.221
150 0 671781 686.432
151 0 673552 643.964
152 0 665171 647.669
153 0 666432 667.212
154 0 664980 678.722
155 0 665553 545.246
156 0 6.9244e-310 5
157 0 6.9244e-310 5
158 0 6.9244e-310 5
159 0 6.9244e-310 5
