0 0 6.93347e-310 5
1 0 3.65041e-316 5
2 0 -210157 2508.25
3 0 -188130 5765.46
4 0 -205647 2696.9
5 0 -182064 3998.48
6 0 -211151 2488.91
7 0 -177789 5138.67
8 0 -213344 2600.37
9 0 -182729 4695.55
10 0 -213430 2761.36
11 0 -189710 3827.28
12 0 -215730 2410.2
13 0 -198927 3911.03
14 0 -223709 2547.38
15 0 -196710 4138.27
16 0 -171760 2636.38
17 0 -196282 4238.11
18 0 -178890 2442.47
19 0 -149477 6013.72
20 0 -181348 2634.22
21 0 -147736 4543.09
22 0 6.93347e-310 5
23 0 6.93347e-310 5
24 0 -180550 2944.69
25 0 -151520 4388.99
26 0 -180440 2532.31
27 0 -142539 4246.72
28 0 -122059 300.135
29 0 -118547 3160.24
30 0 -241501 9477.42
31 0 6.93347e-310 5
32 0 -203272 3357.1
33 0 -140057 4502.17
34 0 -162697 2792.64
35 0 -183999 4290.59
36 0 -172129 2726.43
37 0 -144345 6803.36
38 0 -168653 2470.87
39 0 -139093 4455.72
40 0 -211418 2625.53
41 0 -187052 5593.65
42 0 -172415 2676.5
43 0 -143956 4851.53
44 0 -104878 310.899
45 0 6.93347e-310 5
46 0 -166589 2490.53
47 0 6.93347e-310 5
48 0 -153120 2527.4
49 0 -135148 4970.54
50 0 -156582 2667.22
51 0 -137560 4766.07
52 0 -200159 3200.4
53 0 -173325 3892.62
54 0 -155167 2769.05
55 0 -125368 6506.14
56 0 -194822 3250.28
57 0 -129075 4462.7
58 0 -151729 2496.14
59 0 -125092 4653.34
60 0 -124681 28686.5
61 0 -247500 0.176225
62 0 6.93347e-310 5
63 0 6.93347e-310 5
64 0 6.93347e-310 5
65 0 6.93347e-310 5
66 0 577696 2253.28
67 0 585533 2188.86
68 0 578488 2269.67
69 0 585923 2248.03
70 0 585960 2787.15
71 0 578170 2404.47
72 0 578257 2986.32
73 0 577855 2963.94
74 0 577885 2707.67
75 0 578191 3085.76
76 0 577963 2762.32
77 0 576841 2590.99
78 0 577739 2611.05
79 0 577910 2779.65
80 0 6.93347e-310 5
81 0 6.93347e-310 5
82 0 594561 2388.29
83 0 602645 2453.05
84 0 602499 2358.5
85 0 602291 2217.03
86 0 601968 2917.28
87 0 602856 3026.57
88 0 594778 2445.65
89 0 586965 2810.5
90 0 595823 2759.06
91 0 594319 2675.03
92 0 595739 2743.97
93 0 595525 2533.76
94 0 597418 3056.97
95 0 594808 2724.61
96 0 6.93347e-310 5
97 0 6.93347e-310 5
98 0 622625 2504.8
99 0 614854 2960.61
100 0 622686 2183.13
101 0 621801 2078.9
102 0 620265 2146.17
103 0 620417 1468.66
104 0 612954 2495.38
105 0 611742 2358.86
106 0 612215 2588.71
107 0 612412 2545.08
108 0 606411 2547.05
109 0 614341 2545.32
110 0 614027 2914.17
111 0 606395 2672.27
112 0 6.93347e-310 5
113 0 6.93347e-310 5
114 0 641891 3198.06
115 0 639842 2806.63
116 0 642376 2757.58
117 0 641623 3217.13
118 0 640931 2226.85
119 0 641185 2532.41
120 0 630525 1816.29
121 0 630112 1853.61
122 0 631649 2089.34
123 0 630338 1930.62
124 0 622390 2853.69
125 0 631083 2345.5
126 0 631029 2726.08
127 0 622528 3122.8
128 0 6.93347e-310 5
129 0 6.93347e-310 5
130 0 656593 2518.61
131 0 656977 2948.06
132 0 657437 2578.71
133 0 655870 2297.94
134 0 657685 2385.67
135 0 657099 2463.42
136 0 640782 2410.51
137 0 648637 2353.24
138 0 659339 540.501
139 0 652512 633.911
140 0 660635 656.095
141 0 661465 637.377
142 0 660650 669.496
143 0 660785 728.236
144 0 6.93347e-310 5
145 0 6.93347e-310 5
146 0 673021 653.363
147 0 672785 722.86
148 0 663559 494.192
149 0 671270 584.547
150 0 670840 601.683
151 0 664349 571.002
152 0 664266 505.92
153 0 665350 540.468
154 0 664176 492.519
155 0 664592 942.357
156 0 6.93347e-310 5
157 0 6.93347e-310 5
158 0 6.93347e-310 5
159 0 6.93347e-310 5
