0 0 6.91066e-310 5
1 0 5.64736e-316 5
2 0 -254368 3821.34
3 0 -231503 4949.72
4 0 -249707 3219.84
5 0 -225579 3855
6 0 -255078 2991.4
7 0 -177095 4992.07
8 0 -257272 2912.16
9 0 -226041 4413.64
10 0 -258168 2792.57
11 0 -234174 4201.98
12 0 -259777 2976.12
13 0 -198207 3955.45
14 0 -267930 2952.68
15 0 -196209 4456.25
16 0 -214960 2273.47
17 0 -196418 4314.27
18 0 -222364 3611.08
19 0 -148646 4791.66
20 0 -180588 2737.32
21 0 -191503 5231.18
22 0 6.91066e-310 5
23 0 6.91066e-310 5
24 0 -224336 3911.33
25 0 -151242 4202.53
26 0 -223559 4223.17
27 0 -186066 5246.92
28 0 6.91066e-310 5
29 0 6.91066e-310 5
30 0 6.91066e-310 5
31 0 6.91066e-310 5
32 0 -202838 3386.67
33 0 -138870 3712.06
34 0 -161181 2954.73
35 0 -183106 4751.62
36 0 -171226 2562.61
37 0 -186966 6869.04
38 0 -167975 2427.07
39 0 -182932 5058.62
40 0 -209819 2611.27
41 0 -186193 3894.48
42 0 -171747 2408
43 0 -142546 5109.02
44 0 6.91066e-310 5
45 0 6.91066e-310 5
46 0 6.91066e-310 5
47 0 6.91066e-310 5
48 0 -196768 2696.53
49 0 -179159 6342.43
50 0 -199570 2541.73
51 0 -180955 4417.71
52 0 -154954 2351.57
53 0 -172237 3559.2
54 0 -154500 2831.62
55 0 -124129 4618.5
56 0 -194211 2833.31
57 0 -172593 3899.5
58 0 -150874 2431.49
59 0 -123906 4960.91
60 0 6.91066e-310 5
61 0 6.91066e-310 5
62 0 6.91066e-310 5
63 0 6.91066e-310 5
64 0 6.91066e-310 5
65 0 6.91066e-310 5
66 0 569816 2569.47
67 0 561523 2529.9
68 0 570384 2525.67
69 0 569904 2626.96
70 0 570550 3173.18
71 0 570288 2695.76
72 0 555132 3148.44
73 0 563168 3487.81
74 0 562648 2904.31
75 0 554996 3024.79
76 0 562746 2846.45
77 0 561570 2798.93
78 0 562534 2800.85
79 0 562563 2843.26
80 0 6.91066e-310 5
81 0 6.91066e-310 5
82 0 587428 2780.74
83 0 587390 2846.86
84 0 586634 2837.19
85 0 586674 2659.85
86 0 586882 2759.91
87 0 587461 2871.27
88 0 579425 2673.77
89 0 579809 2699.01
90 0 580542 2842.67
91 0 579092 2670.68
92 0 580173 2898.91
93 0 580063 2815.54
94 0 582353 3390.18
95 0 579781 3198.86
96 0 6.91066e-310 5
97 0 6.91066e-310 5
98 0 607036 2964.06
99 0 607334 3255.82
100 0 606933 2453.09
101 0 606028 2399.7
102 0 604337 2521.77
103 0 604572 2323.94
104 0 597546 2867.96
105 0 596407 2740.76
106 0 588833 2837.87
107 0 597122 2817.76
108 0 590831 2921.99
109 0 599050 2980.67
110 0 598848 3223.29
111 0 590752 2936.57
112 0 6.91066e-310 5
113 0 6.91066e-310 5
114 0 627189 3875.24
115 0 625224 3410.21
116 0 626830 3215.76
117 0 626751 3678.43
118 0 624999 2499.89
119 0 625341 2922.73
120 0 614805 2317.39
121 0 614135 2157.14
122 0 616057 2522.21
123 0 614785 2425.84
124 0 607690 3277.73
125 0 615670 2694.71
126 0 615728 2966.38
127 0 607518 2963.41
128 0 6.91066e-310 5
129 0 6.91066e-310 5
130 0 641480 2856.6
131 0 641809 2786.62
132 0 642307 2863.38
133 0 640686 2633.32
134 0 642395 2704.48
135 0 641831 2649.68
136 0 633152 2637.06
137 0 625276 2746.87
138 0 643924 1382.71
139 0 645217 1450.05
140 0 645460 1418.83
141 0 646135 1463.59
142 0 645214 1417.37
143 0 645419 1418.08
144 0 6.91066e-310 5
145 0 6.91066e-310 5
146 0 673680 1378.13
147 0 665359 1404.57
148 0 672403 1379.05
149 0 672020 1431.4
150 0 671859 1520.09
151 0 673288 1509.32
152 0 665012 1497.83
153 0 666175 1469.45
154 0 664890 1510.48
155 0 665184 1481.14
156 0 6.91066e-310 5
157 0 6.91066e-310 5
158 0 6.91066e-310 5
159 0 6.91066e-310 5
