0 0 6.93647e-310 5
1 0 4.6481e-316 5
2 0 -209573 2800.05
3 0 -187173 4480.01
4 0 -249987 3465.78
5 0 -225859 4262.46
6 0 -210462 2459.97
7 0 -221452 4700.46
8 0 -257331 3449.92
9 0 -181889 4601.82
10 0 -258684 2814.01
11 0 -234318 3908.83
12 0 -259359 3575.02
13 0 -241409 5635.84
14 0 -222958 2636.87
15 0 -240889 4731.84
16 0 -214563 2415.93
17 0 -153528 4258.74
18 0 -178243 2710.26
19 0 -192767 5455.75
20 0 -180836 2584.5
21 0 -146558 4255.18
22 0 6.93647e-310 5
23 0 6.93647e-310 5
24 0 -179906 3011.61
25 0 -195250 4780.85
26 0 -179567 2972.5
27 0 -186062 5652.76
28 0 6.93647e-310 5
29 0 6.93647e-310 5
30 0 6.93647e-310 5
31 0 6.93647e-310 5
32 0 -158525 3158.52
33 0 -138735 4021.37
34 0 -205530 3844.75
35 0 -182574 5522.61
36 0 -171336 2834.92
37 0 -186938 6785.58
38 0 -168070 2631.71
39 0 -182872 4861.38
40 0 -210408 2513.63
41 0 -186309 5195.58
42 0 -172013 2719.96
43 0 -186855 4001.79
44 0 6.93647e-310 5
45 0 6.93647e-310 5
46 0 6.93647e-310 5
47 0 6.93647e-310 5
48 0 -152045 2657.72
49 0 -177685 4145.27
50 0 -199907 3002.02
51 0 -136926 3829.73
52 0 -155058 2476.49
53 0 -127567 3395.08
54 0 -154295 2690.67
55 0 -169419 5498.06
56 0 -149787 2439.18
57 0 -173007 4733.79
58 0 -150794 2648.43
59 0 -169202 4866.14
60 0 6.93647e-310 5
61 0 6.93647e-310 5
62 0 6.93647e-310 5
63 0 6.93647e-310 5
64 0 6.93647e-310 5
65 0 6.93647e-310 5
66 0 569745 2646.06
67 0 569395 2587.37
68 0 570873 2976.09
69 0 570046 2686.53
70 0 570808 3380.83
71 0 570688 2984.33
72 0 562885 3287.06
73 0 562972 3523.78
74 0 554494 2965.24
75 0 562817 3029.89
76 0 554614 2956.29
77 0 561516 2901.08
78 0 562466 2890.2
79 0 554512 2967.34
80 0 6.93647e-310 5
81 0 6.93647e-310 5
82 0 579187 2693.21
83 0 587259 2674
84 0 586476 2953.63
85 0 586499 2754.3
86 0 586815 2850.53
87 0 587527 2878.22
88 0 579403 2770.55
89 0 579743 2797.05
90 0 580424 2954.74
91 0 578952 2749.56
92 0 580032 3010.49
93 0 579963 2923.33
94 0 582405 3639
95 0 579527 3041.24
96 0 6.93647e-310 5
97 0 6.93647e-310 5
98 0 607320 3247.96
99 0 607679 3606.08
100 0 606905 2616.56
101 0 606116 2549.92
102 0 604101 2437.26
103 0 604256 2364.83
104 0 589516 2969.61
105 0 596368 2900.34
106 0 596832 2786.13
107 0 589098 2815.2
108 0 598810 3023.59
109 0 599097 3046.31
110 0 599096 3453.78
111 0 598818 3157.29
112 0 6.93647e-310 5
113 0 6.93647e-310 5
114 0 627301 3720.7
115 0 625362 3438.38
116 0 626643 3074.82
117 0 618686 3527.46
118 0 624865 2486.63
119 0 625147 2799.22
120 0 614773 2299.93
121 0 614061 2132.9
122 0 616011 2541.64
123 0 614699 2379.52
124 0 615955 3320.49
125 0 615592 2603.57
126 0 615773 2997.11
127 0 615659 3148.56
128 0 6.93647e-310 5
129 0 6.93647e-310 5
130 0 641393 2867.22
131 0 633856 2864.45
132 0 642231 2898.23
133 0 640638 2723.53
134 0 642377 2814.9
135 0 641854 2780.57
136 0 632958 2519.96
137 0 633136 2617.41
138 0 643968 1408.77
139 0 645297 1473.12
140 0 645550 1433.07
141 0 646171 1461.89
142 0 645285 1465.71
143 0 645491 1435.71
144 0 6.93647e-310 5
145 0 6.93647e-310 5
146 0 673798 1469.02
147 0 673409 1430.97
148 0 672468 1407.16
149 0 672190 1504.51
150 0 671896 1519.93
151 0 673443 1570.95
152 0 665002 1487.3
153 0 666261 1478.13
154 0 656886 1494.66
155 0 665233 1501.58
156 0 6.93647e-310 5
157 0 6.93647e-310 5
158 0 6.93647e-310 5
159 0 6.93647e-310 5
