0 0 6.95188e-310 5
1 0 5.31374e-316 5
2 0 -209879 2674.38
3 0 -187192 4869.16
4 0 -205183 2578.71
5 0 -181431 4129.89
6 0 -210959 2772.34
7 0 -177156 4652.75
8 0 -212485 2422
9 0 -182033 4482.27
10 0 -212696 2952.63
11 0 -188851 3937.44
12 0 -215227 2522.75
13 0 -198208 4483.74
14 0 -223013 2531.89
15 0 -196222 4019.78
16 0 -171333 2499.32
17 0 -153369 4853.56
18 0 -178465 2766.25
19 0 -149250 4870.36
20 0 -180900 2772.51
21 0 -147103 4748.93
22 0 6.95188e-310 5
23 0 6.95188e-310 5
24 0 -179569 2611.78
25 0 -151327 4164.74
26 0 -179833 2692.38
27 0 -141777 5168.39
28 0 6.95188e-310 5
29 0 6.95188e-310 5
30 0 6.95188e-310 5
31 0 6.95188e-310 5
32 0 -158389 2884.52
33 0 -139252 4503.31
34 0 -161811 2846.6
35 0 -139015 4773.89
36 0 -171626 2571.58
37 0 -143309 4483.64
38 0 -168268 2407.53
39 0 -138253 5059.8
40 0 -164851 2727.65
41 0 -141318 4486.26
42 0 -172085 2588.88
43 0 -143226 4746.18
44 0 6.95188e-310 5
45 0 6.95188e-310 5
46 0 6.95188e-310 5
47 0 6.95188e-310 5
48 0 -152613 2734.05
49 0 -134416 4005.09
50 0 -155857 2458.55
51 0 -136829 3785.72
52 0 -155151 2481.53
53 0 -127671 3867.68
54 0 -154486 2501.97
55 0 -124372 5180.98
56 0 -149797 2365.82
57 0 -128178 4367.34
58 0 -151239 2536.8
59 0 -124034 4724.93
60 0 6.95188e-310 5
61 0 6.95188e-310 5
62 0 6.95188e-310 5
63 0 6.95188e-310 5
64 0 6.95188e-310 5
65 0 6.95188e-310 5
66 0 569910 2173.11
67 0 569780 2170.82
68 0 570678 2244.95
69 0 570153 2182.11
70 0 570292 2853.68
71 0 562342 2341.66
72 0 562494 2955.99
73 0 562487 3066.61
74 0 562159 2927.2
75 0 562580 2873.37
76 0 562335 2850.89
77 0 561263 2565.89
78 0 561976 2471.18
79 0 562140 2617.27
80 0 6.95188e-310 5
81 0 6.95188e-310 5
82 0 586960 2406.03
83 0 586899 2359.45
84 0 586795 2338.73
85 0 586642 2245.71
86 0 586611 2667.23
87 0 587022 3094.67
88 0 570948 2380.26
89 0 579379 2597.8
90 0 580452 2513.15
91 0 570663 2668.94
92 0 579936 2762.36
93 0 579627 2683.17
94 0 581622 2805.1
95 0 578933 2731.6
96 0 6.95188e-310 5
97 0 6.95188e-310 5
98 0 607271 2767.24
99 0 606930 2822.18
100 0 606924 2118.02
101 0 606083 2051.12
102 0 604589 2137.05
103 0 604829 1702.15
104 0 589303 2531.63
105 0 596094 2415.29
106 0 596636 2531.56
107 0 588834 2420.73
108 0 598590 2613.89
109 0 598796 2644.68
110 0 598615 2770.01
111 0 598420 2538.91
112 0 6.95188e-310 5
113 0 6.95188e-310 5
114 0 626477 3209.48
115 0 624687 2953.87
116 0 626992 2974.71
117 0 626341 3228.48
118 0 625161 2149
119 0 625708 2685.52
120 0 614849 1829.38
121 0 614379 1786.26
122 0 615909 1962.83
123 0 614824 1920.15
124 0 614837 2783.29
125 0 615413 2324.1
126 0 615262 3040.84
127 0 615065 2904.51
128 0 6.95188e-310 5
129 0 6.95188e-310 5
130 0 640872 2411.12
131 0 641612 2707.32
132 0 641809 2483.78
133 0 640368 2457.38
134 0 641931 2352.91
135 0 641434 2425.44
136 0 633207 2219.83
137 0 632976 2371.5
138 0 635507 597.851
139 0 644754 704.703
140 0 645074 589.568
141 0 645644 685.633
142 0 644849 683.431
143 0 645146 657.463
144 0 6.95188e-310 5
145 0 6.95188e-310 5
146 0 673346 526.784
147 0 673032 731.898
148 0 671861 487.884
149 0 671498 506.015
150 0 671252 448.294
151 0 672585 653.421
152 0 664351 519.72
153 0 665445 554.199
154 0 666979 2165.5
155 0 664445 577.915
156 0 6.95188e-310 5
157 0 6.95188e-310 5
158 0 6.95188e-310 5
159 0 6.95188e-310 5
