0 0 6.90709e-310 5
1 0 4.66504e-316 5
2 0 -211141 2676.37
3 0 -188785 4792.03
4 0 -206587 2757.27
5 0 -182865 4091.97
6 0 -212241 2689.74
7 0 -178480 4760.59
8 0 -213960 2562.45
9 0 -183379 4526.17
10 0 -214274 2992.37
11 0 -190347 4118.83
12 0 -216401 2425.89
13 0 -199835 4340.3
14 0 -224579 2705.99
15 0 -197536 4267.02
16 0 -172520 2451.92
17 0 -154632 4886.88
18 0 -179893 2840.76
19 0 -150367 5238.31
20 0 -182267 2737.26
21 0 -148738 4502.47
22 0 6.90709e-310 5
23 0 6.90709e-310 5
24 0 -181393 2895.35
25 0 -152939 4224.12
26 0 -181501 2723.11
27 0 -143491 4632.48
28 0 6.90709e-310 5
29 0 6.90709e-310 5
30 0 6.90709e-310 5
31 0 6.90709e-310 5
32 0 -159762 2867.26
33 0 -140723 4267.62
34 0 -163028 2869.79
35 0 -140581 4848.17
36 0 -172811 2617.55
37 0 -145127 5170.55
38 0 -169743 2626.26
39 0 -139698 4846.86
40 0 -166315 2706.89
41 0 -143042 4881.54
42 0 -173446 2624.25
43 0 -144619 4616.29
44 0 6.90709e-310 5
45 0 6.90709e-310 5
46 0 6.90709e-310 5
47 0 6.90709e-310 5
48 0 -154190 2726.56
49 0 -135962 4389.78
50 0 -157373 2466.77
51 0 -138346 3905.56
52 0 -156478 2496.21
53 0 -129287 3684.97
54 0 -156073 2733.56
55 0 -126296 5700.42
56 0 -151408 2687.99
57 0 -129359 4094.35
58 0 -152569 2598.44
59 0 -125820 5132.5
60 0 6.90709e-310 5
61 0 6.90709e-310 5
62 0 6.90709e-310 5
63 0 6.90709e-310 5
64 0 6.90709e-310 5
65 0 6.90709e-310 5
66 0 570137 2426.64
67 0 570036 2411.2
68 0 570869 2397.88
69 0 570489 2506.53
70 0 569943 2452.18
71 0 570514 2493.89
72 0 554684 3045.89
73 0 562435 3017.87
74 0 562212 3169.82
75 0 554646 3193.43
76 0 562224 3247.04
77 0 561287 2706.2
78 0 554021 2727.19
79 0 562245 2835.98
80 0 6.90709e-310 5
81 0 6.90709e-310 5
82 0 586940 2624.79
83 0 586922 2575.93
84 0 586201 2989.39
85 0 586575 2267.33
86 0 586319 2942.11
87 0 586978 3142.11
88 0 579051 2380.43
89 0 579192 2850.11
90 0 572301 2817.94
91 0 578529 2835.28
92 0 579841 2707.66
93 0 579736 2534.45
94 0 581250 2602.4
95 0 578797 2518.41
96 0 6.90709e-310 5
97 0 6.90709e-310 5
98 0 598838 2423.09
99 0 606793 2705.01
100 0 607431 2516.45
101 0 605932 1976.78
102 0 603982 2320.97
103 0 604487 1861.75
104 0 597100 2607.71
105 0 596001 2430.95
106 0 596541 2650.49
107 0 596822 2600.99
108 0 598844 2700.61
109 0 598818 2797.24
110 0 598439 2919.19
111 0 598705 2574.25
112 0 6.90709e-310 5
113 0 6.90709e-310 5
114 0 626272 3232.77
115 0 624336 2888.11
116 0 626035 2477.58
117 0 626208 3273.5
118 0 625142 2198.74
119 0 625051 2368.67
120 0 615055 2028.02
121 0 614618 2061.14
122 0 616132 2116.68
123 0 615067 2163
124 0 606721 2361.27
125 0 615474 2252.6
126 0 615615 3067.93
127 0 607016 2793.14
128 0 6.90709e-310 5
129 0 6.90709e-310 5
130 0 640951 3033.47
131 0 641629 2959.77
132 0 641844 2720.34
133 0 640455 2580.22
134 0 642110 2552.53
135 0 641473 2611.96
136 0 633061 2591.9
137 0 633009 2523.86
138 0 643649 708.491
139 0 644906 808.142
140 0 645074 817.198
141 0 645716 756.44
142 0 644989 833.656
143 0 645285 922.756
144 0 6.90709e-310 5
145 0 6.90709e-310 5
146 0 673547 778.98
147 0 673296 950.387
148 0 671833 603.25
149 0 671532 578.108
150 0 671188 588.607
151 0 672694 735.096
152 0 664407 588.327
153 0 665623 687.461
154 0 664357 545.22
155 0 664555 678.671
156 0 6.90709e-310 5
157 0 6.90709e-310 5
158 0 6.90709e-310 5
159 0 6.90709e-310 5
