0 0 6.91031e-310 5
1 0 4.76508e-316 5
2 0 -323500 0.211797
3 0 -143500 0.250724
4 0 -314500 0.203723
5 0 -271500 0.177859
6 0 -156500 0.252093
7 0 -313500 0.201625
8 0 -324500 0.211573
9 0 -310500 0.194098
10 0 -234500 0.155138
11 0 -301500 0.172154
12 0 -303500 0.184766
13 0 -197500 0.131911
14 0 -128500 0.246626
15 0 -240812 1992.27
16 0 -285500 0.175683
17 0 -259500 0.191854
18 0 6.91031e-310 5
19 0 -280500 0.167047
20 0 -315500 0.205749
21 0 -111500 0.247276
22 0 6.91031e-310 5
23 0 6.91031e-310 5
24 0 -265500 0.173616
25 0 -290500 0.174667
26 0 -216500 0.136218
27 0 -204500 0.20635
28 0 6.91031e-310 5
29 0 6.91031e-310 5
30 0 6.91031e-310 5
31 0 6.91031e-310 5
32 0 -249500 0.163355
33 0 -298500 0.17989
34 0 -203500 0.173155
35 0 -124500 0.246135
36 0 -252500 0.167798
37 0 -173500 0.25
38 0 6.91031e-310 5
39 0 6.91031e-310 5
40 0 -177500 0.25
41 0 -291500 0.17534
42 0 -179500 0.241343
43 0 -280500 0.167052
44 0 6.91031e-310 5
45 0 6.91031e-310 5
46 0 6.91031e-310 5
47 0 6.91031e-310 5
48 0 -228500 0.149215
49 0 -319500 0.210767
50 0 -296500 0.155697
51 0 -253500 0.169192
52 0 -300500 0.176045
53 0 -289500 0.174331
54 0 -299500 0.181183
55 0 -130500 0.246094
56 0 -322500 0.211825
57 0 -194500 0.251249
58 0 -182500 0.242461
59 0 -248500 0.161815
60 0 6.91031e-310 5
61 0 6.91031e-310 5
62 0 6.91031e-310 5
63 0 6.91031e-310 5
64 0 6.91031e-310 5
65 0 6.91031e-310 5
66 0 571750 2414.99
67 0 571547 2540.08
68 0 572189 2332.41
69 0 571840 2379.48
70 0 571459 2230.58
71 0 571772 2259.22
72 0 564526 2270.4
73 0 564138 2372.71
74 0 564549 1928.84
75 0 595732 1701.21
76 0 595890 1305.3
77 0 555169 1624.44
78 0 565244 1898.05
79 0 584648 4620.61
80 0 6.91031e-310 5
81 0 6.91031e-310 5
82 0 615444 2370.03
83 0 616835 1419.1
84 0 588438 1291.52
85 0 613435 2623.86
86 0 588817 2112.92
87 0 622821 1032.26
88 0 581698 1639.18
89 0 581642 1909.29
90 0 582143 2291.27
91 0 572456 1942.17
92 0 581744 2073.33
93 0 574421 2070.92
94 0 582612 2102.55
95 0 572183 1539.82
96 0 6.91031e-310 5
97 0 6.91031e-310 5
98 0 607518 2158.92
99 0 607749 2038.89
100 0 601218 2866.01
101 0 607267 1985.71
102 0 609920 12461.3
103 0 621888 526.066
104 0 604280 18855.8
105 0 620380 588.128
106 0 597559 1628.33
107 0 598148 20603.1
108 0 602997 1702.16
109 0 601537 3233.45
110 0 601050 3771.43
111 0 630669 835.166
112 0 6.91031e-310 5
113 0 6.91031e-310 5
114 0 627439 2465.89
115 0 626859 2191.57
116 0 629102 4238.44
117 0 626741 2511.48
118 0 626678 2590.84
119 0 626742 2515.45
120 0 617383 2067.43
121 0 617525 2349.9
122 0 617874 2057.27
123 0 617175 2416.55
124 0 608195 3226.68
125 0 617356 2334.12
126 0 618234 3343.26
127 0 609522 1598.1
128 0 6.91031e-310 5
129 0 6.91031e-310 5
130 0 645011 2797.45
131 0 643881 2122.54
132 0 672005 1218.11
133 0 629218 22351.5
134 0 669500 1196.79
135 0 644612 570.059
136 0 660329 1614.42
137 0 606500 0.0128483
138 0 645603 999.323
139 0 647100 889.435
140 0 647571 817.778
141 0 647992 1280.28
142 0 646965 819.266
143 0 639500 912.859
144 0 6.91031e-310 5
145 0 6.91031e-310 5
146 0 674967 452.94
147 0 667026 816.666
148 0 673762 446.54
149 0 673097 500.546
150 0 672969 423.662
151 0 674598 878.523
152 0 666392 710.736
153 0 667661 716.072
154 0 666440 744.671
155 0 666748 699.913
156 0 6.91031e-310 5
157 0 6.91031e-310 5
158 0 6.91031e-310 5
159 0 6.91031e-310 5
