0 0 6.92544e-310 5
1 0 5.31213e-316 5
2 0 -225143 7426.66
3 0 -202645 8272.65
4 0 -220863 6524.81
5 0 -197819 7571.69
6 0 -226855 6788.56
7 0 -192735 8453.86
8 0 -229059 6118.43
9 0 -197431 7320.47
10 0 -229670 6929.5
11 0 -206486 7013.74
12 0 -232759 6290.71
13 0 -215628 6439.93
14 0 -239053 6302.56
15 0 -211997 7460.02
16 0 -188535 6187.35
17 0 -170599 7463.42
18 0 -179048 4122.84
19 0 -165255 7378.27
20 0 -198131 6189.98
21 0 -164039 7679.75
22 0 6.92544e-310 5
23 0 6.92544e-310 5
24 0 -180395 4219.7
25 0 -169036 6888.57
26 0 -197249 5716.92
27 0 -159291 7211.22
28 0 6.92544e-310 5
29 0 6.92544e-310 5
30 0 6.92544e-310 5
31 0 6.92544e-310 5
32 0 -158900 4198.29
33 0 -156549 6362.64
34 0 -178432 6896.51
35 0 -157093 6421.84
36 0 -190490 4970.32
37 0 -162036 5858.22
38 0 -185916 5822.49
39 0 -156914 5837.33
40 0 -182945 6130.47
41 0 -159685 6306.56
42 0 -190476 5041.94
43 0 -160650 7175.58
44 0 6.92544e-310 5
45 0 6.92544e-310 5
46 0 6.92544e-310 5
47 0 6.92544e-310 5
48 0 -154293 5839.61
49 0 -152684 6425.77
50 0 -174777 6569.02
51 0 -155369 6066.86
52 0 -173842 5534.38
53 0 -146226 7059.78
54 0 -172791 5931.07
55 0 -144766 6239.75
56 0 -150911 3755.41
57 0 -147027 6318.34
58 0 -170326 5776.7
59 0 -143762 6051.85
60 0 6.92544e-310 5
61 0 6.92544e-310 5
62 0 6.92544e-310 5
63 0 6.92544e-310 5
64 0 6.92544e-310 5
65 0 6.92544e-310 5
66 0 585618 2472.36
67 0 585724 2578.81
68 0 586271 2580.99
69 0 585834 2508.26
70 0 585343 2467.6
71 0 585788 2412.11
72 0 570291 2816.06
73 0 577852 2756.04
74 0 578065 2835.16
75 0 570368 2796.33
76 0 578202 3021.34
77 0 576906 2690.1
78 0 569827 3313.43
79 0 577944 3147.05
80 0 6.92544e-310 5
81 0 6.92544e-310 5
82 0 602784 2977.35
83 0 602961 2877.05
84 0 602159 2761.01
85 0 602000 2550.61
86 0 602270 2605.08
87 0 602921 2857.17
88 0 594401 2536.77
89 0 595161 2472.42
90 0 587973 2572.9
91 0 594525 2472.28
92 0 595744 2690.67
93 0 595410 2801.9
94 0 596692 2487.28
95 0 594234 2434.79
96 0 6.92544e-310 5
97 0 6.92544e-310 5
98 0 613914 2175.82
99 0 621792 2390.36
100 0 622787 2383.46
101 0 621206 1809.68
102 0 619896 2381.6
103 0 620282 1856.89
104 0 612998 2770.62
105 0 611905 2649.5
106 0 612200 2534.76
107 0 612434 2672.29
108 0 614376 2960.13
109 0 614701 2852.82
110 0 614020 2846.9
111 0 614220 3024.13
112 0 6.92544e-310 5
113 0 6.92544e-310 5
114 0 641667 3214.03
115 0 639947 2838.42
116 0 641744 2794.99
117 0 640952 2917.76
118 0 640508 2218.23
119 0 640463 2403.42
120 0 630715 2329.59
121 0 630183 2204.66
122 0 631658 2430.16
123 0 630539 2400.05
124 0 621919 2418.64
125 0 630900 2391.13
126 0 630776 3203.19
127 0 622469 2884.6
128 0 6.92544e-310 5
129 0 6.92544e-310 5
130 0 656729 2682.17
131 0 657233 2941.89
132 0 657954 2727.61
133 0 655868 2466.84
134 0 657637 3036.91
135 0 657333 2809.56
136 0 648683 2892.05
137 0 648382 3277.5
138 0 659176 828.994
139 0 660524 837.214
140 0 660679 698.988
141 0 661351 881.098
142 0 660697 869.408
143 0 660936 818.34
144 0 6.92544e-310 5
145 0 6.92544e-310 5
146 0 672841 677.322
147 0 672985 955.745
148 0 671423 522.643
149 0 670740 561.78
150 0 670495 615.838
151 0 672239 683.053
152 0 663831 662.092
153 0 665100 705.308
154 0 663646 651.892
155 0 664244 517.603
156 0 6.92544e-310 5
157 0 6.92544e-310 5
158 0 6.92544e-310 5
159 0 6.92544e-310 5
