0 0 6.92903e-310 5
1 0 3.65939e-316 5
2 0 -110327 30142.9
3 0 -132403 4145.25
4 0 -320532 2870.21
5 0 -170576 1895.12
6 0 -223532 6387.17
7 0 -181436 4204.38
8 0 -155941 16158.9
9 0 -319831 5485.85
10 0 -186190 23922.8
11 0 -236566 3979.26
12 0 -279440 11120.7
13 0 -177583 7660.51
14 0 -239065 31928.5
15 0 -160314 30829.5
16 0 -245733 2938.03
17 0 -317359 3771.84
18 0 -237978 30395.3
19 0 -232168 12424.9
20 0 -138624 3433.61
21 0 -48540.5 24445
22 0 6.92903e-310 5
23 0 6.92903e-310 5
24 0 -155310 2184.28
25 0 -101777 31568.9
26 0 -72833 19525.3
27 0 -253906 6013.27
28 0 6.92903e-310 5
29 0 6.92903e-310 5
30 0 6.92903e-310 5
31 0 6.92903e-310 5
32 0 -206310 2184.28
33 0 -310902 5095.03
34 0 -144622 5906.93
35 0 -163354 29575.9
36 0 -225410 2510.69
37 0 -137976 5204.95
38 0 -224556 4416.97
39 0 -279329 2602.91
40 0 -307310 5541.94
41 0 -129500 36927.2
42 0 -198073 9574.96
43 0 -91966.3 28352.3
44 0 6.92903e-310 5
45 0 6.92903e-310 5
46 0 6.92903e-310 5
47 0 6.92903e-310 5
48 0 -168843 5653.13
49 0 -125153 6891.61
50 0 -395551 18687.1
51 0 -309939 9077.06
52 0 -140156 8667.95
53 0 -181261 2610.38
54 0 -236113 27261.8
55 0 -133106 30013.8
56 0 -215822 3548.53
57 0 -127702 6692.49
58 0 -190224 3682.15
59 0 -129080 3588.09
60 0 6.92903e-310 5
61 0 6.92903e-310 5
62 0 6.92903e-310 5
63 0 6.92903e-310 5
64 0 6.92903e-310 5
65 0 6.92903e-310 5
66 0 571543 2720.27
67 0 571381 2791.28
68 0 571967 2540.65
69 0 563708 2687.39
70 0 571152 2413.72
71 0 571574 2580.38
72 0 564412 2559.05
73 0 563786 2514.65
74 0 564439 2477.97
75 0 564585 2478.54
76 0 564910 2497.6
77 0 563467 2373.66
78 0 564921 2423.59
79 0 564757 2372.5
80 0 6.92903e-310 5
81 0 6.92903e-310 5
82 0 590118 2270.37
83 0 589765 2331.03
84 0 589115 2125.01
85 0 588950 2298.07
86 0 589106 2173.12
87 0 589923 2222.78
88 0 573438 2094.14
89 0 581865 2231.34
90 0 582417 2212.48
91 0 573093 2165.43
92 0 581551 2277.48
93 0 581744 2181.1
94 0 582525 2386.83
95 0 580465 2309.56
96 0 6.92903e-310 5
97 0 6.92903e-310 5
98 0 607663 2506.21
99 0 607489 2444.69
100 0 608918 3056.88
101 0 607258 2363.13
102 0 605361 2855.92
103 0 530263 21167.1
104 0 600271 3475.93
105 0 598645 3958.54
106 0 591381 3221
107 0 600009 3363.99
108 0 601964 2925.26
109 0 601924 3063.92
110 0 601031 2691
111 0 601474 2828.9
112 0 6.92903e-310 5
113 0 6.92903e-310 5
114 0 627698 2969.04
115 0 618637 2851.48
116 0 627466 2853.22
117 0 626907 2812.28
118 0 626610 2747.94
119 0 626486 2818.36
120 0 617160 2500.21
121 0 616816 2633.35
122 0 617825 2582.87
123 0 616898 2572.33
124 0 616165 2479.54
125 0 609004 2476.81
126 0 617496 2621.69
127 0 616794 2649.35
128 0 6.92903e-310 5
129 0 6.92903e-310 5
130 0 643447 2838.66
131 0 643798 2662.52
132 0 644595 3143.23
133 0 642759 2860
134 0 644596 3064.6
135 0 644208 3439.12
136 0 635572 3222.44
137 0 634387 4677.5
138 0 6.92903e-310 5
139 0 646870 1401.11
140 0 647281 1400.25
141 0 647796 1580.18
142 0 646837 1378.34
143 0 647275 1439.01
144 0 6.92903e-310 5
145 0 6.92903e-310 5
146 0 675152 1273.18
147 0 674899 1380.98
148 0 674118 1238.83
149 0 665434 1297.17
150 0 673469 1348.74
151 0 674748 1357.95
152 0 666461 1206.28
153 0 667563 1342.85
154 0 666602 1236.13
155 0 666588 1359.17
156 0 6.92903e-310 5
157 0 6.92903e-310 5
158 0 6.92903e-310 5
159 0 6.92903e-310 5
