0 0 6.90065e-310 5
1 0 4.95172e-316 5
2 0 -224590 28029.5
3 0 -340478 31877.3
4 0 -316971 5052.13
5 0 -165428 7154.91
6 0 -258764 3183.93
7 0 -147288 31094.4
8 0 -144958 6551.79
9 0 -275510 4019.92
10 0 -259540 29717
11 0 -141021 2736.08
12 0 -290314 2217.21
13 0 -141267 9944.66
14 0 -320776 2620.6
15 0 -183424 5177.33
16 0 -156458 3164.36
17 0 -59800.4 28974
18 0 -313785 4238.95
19 0 -110139 4270.21
20 0 -153597 4633.95
21 0 -125017 7164.45
22 0 6.90065e-310 5
23 0 6.90065e-310 5
24 0 -135593 3498.77
25 0 -136635 2510.37
26 0 -164745 5112.42
27 0 -376119 17742.1
28 0 6.90065e-310 5
29 0 6.90065e-310 5
30 0 6.90065e-310 5
31 0 6.90065e-310 5
32 0 -144272 5400.96
33 0 -123767 3297.48
34 0 -107221 2146.16
35 0 -160914 27179.5
36 0 -125406 1186.59
37 0 -160459 4286.42
38 0 -114564 3576.24
39 0 -143504 4558.27
40 0 -133054 21437.2
41 0 -214009 24997
42 0 -266800 5706.07
43 0 -130074 3342.88
44 0 6.90065e-310 5
45 0 6.90065e-310 5
46 0 6.90065e-310 5
47 0 6.90065e-310 5
48 0 -223561 16323.9
49 0 -134240 31313.8
50 0 -68064.1 24322.2
51 0 -152017 14192.3
52 0 -139375 3685.01
53 0 -277260 4541.23
54 0 -141226 3327.37
55 0 -43131.5 28655.4
56 0 -135148 2202.83
57 0 -279089 20547.6
58 0 -222172 498.071
59 0 -109549 3631.06
60 0 6.90065e-310 5
61 0 6.90065e-310 5
62 0 6.90065e-310 5
63 0 6.90065e-310 5
64 0 6.90065e-310 5
65 0 6.90065e-310 5
66 0 586383 2520.95
67 0 586020 2311.05
68 0 586649 2389.21
69 0 586338 2545.96
70 0 586009 2281.22
71 0 586228 2314.96
72 0 579198 2304.44
73 0 578660 2401.39
74 0 579238 2242.91
75 0 579459 2325.98
76 0 579651 2337.89
77 0 578365 2262.98
78 0 579789 2311.02
79 0 579692 2328.04
80 0 6.90065e-310 5
81 0 6.90065e-310 5
82 0 604830 2361.23
83 0 596653 2430.76
84 0 603823 2211.74
85 0 603938 2501.52
86 0 604025 2180.67
87 0 604880 2334.56
88 0 596565 2051.24
89 0 596793 2119.88
90 0 597441 2168.18
91 0 596126 2067.63
92 0 596568 2255.21
93 0 596740 2101.28
94 0 597425 2359.81
95 0 595514 2278.66
96 0 6.90065e-310 5
97 0 6.90065e-310 5
98 0 622533 2450.94
99 0 622399 2422.73
100 0 623405 2389.06
101 0 622347 2363.17
102 0 619983 3113.6
103 0 619822 2562.66
104 0 606776 3154.48
105 0 612537 4269.92
106 0 613975 2837.6
107 0 606372 3063.14
108 0 616245 2764.81
109 0 616326 2939.41
110 0 615890 2577.27
111 0 616217 2642.01
112 0 6.90065e-310 5
113 0 6.90065e-310 5
114 0 643014 2578.58
115 0 641729 2542.22
116 0 642786 2579.51
117 0 642247 2680.1
118 0 642035 2435.18
119 0 641870 2517.03
120 0 631867 2198.04
121 0 631288 2027.72
122 0 632565 2296.22
123 0 631580 2245.9
124 0 630965 2295.33
125 0 631736 2304.97
126 0 624130 2407.16
127 0 631379 2461.9
128 0 6.90065e-310 5
129 0 6.90065e-310 5
130 0 657791 2877.23
131 0 658322 2554.2
132 0 658470 3083.64
133 0 649238 2693.4
134 0 658587 3488.43
135 0 658150 3090.63
136 0 648063 2660.08
137 0 648567 2853.58
138 0 660443 1181.32
139 0 661852 1223.78
140 0 662223 1182.44
141 0 662652 1330.22
142 0 653967 1159.16
143 0 662089 1174.05
144 0 6.90065e-310 5
145 0 6.90065e-310 5
146 0 674175 1182.99
147 0 674035 1207.57
148 0 673084 1205.42
149 0 672639 1199.41
150 0 672403 1140.86
151 0 674067 1295.51
152 0 665506 1189.41
153 0 666630 1159.33
154 0 665570 1267.17
155 0 665587 1192.58
156 0 6.90065e-310 5
157 0 6.90065e-310 5
158 0 6.90065e-310 5
159 0 6.90065e-310 5
