0 0 6.93072e-310 5
1 0 4.8342e-316 5
2 0 -193500 0.250921
3 0 -301500 0.172154
4 0 -320500 0.211384
5 0 -210140 2490.33
6 0 -164500 0.25
7 0 -328400 20611.3
8 0 -244500 0.174919
9 0 -297812 1992.27
10 0 -232500 0.149488
11 0 -303500 0.184766
12 0 -133500 0.258363
13 0 -231500 0.149405
14 0 -109500 0.247062
15 0 -349701 11656.8
16 0 -220172 498.07
17 0 -304500 0.186664
18 0 -238500 0.157358
19 0 -244500 0.174919
20 0 -138500 0.251139
21 0 -166500 0.25
22 0 6.93072e-310 5
23 0 6.93072e-310 5
24 0 -198500 0.128454
25 0 -233500 0.153907
26 0 -312500 0.199497
27 0 -230500 0.149337
28 0 6.93072e-310 5
29 0 6.93072e-310 5
30 0 6.93072e-310 5
31 0 6.93072e-310 5
32 0 -107500 0.2473
33 0 -235500 0.155645
34 0 -124500 0.246135
35 0 -122500 0.25
36 0 -291500 0.17534
37 0 -320500 0.211384
38 0 -322500 0.211825
39 0 -275500 0.166666
40 0 -175500 0.25
41 0 -120500 0.25
42 0 -189500 0.250004
43 0 -306500 0.187767
44 0 6.93072e-310 5
45 0 6.93072e-310 5
46 0 6.93072e-310 5
47 0 6.93072e-310 5
48 0 -155500 0.253766
49 0 -121000 2778.64
50 0 -205500 0.304866
51 0 -218500 0.137397
52 0 -297500 0.177927
53 0 -306500 0.187767
54 0 -210500 0.12702
55 0 -106140 2490.33
56 0 -180500 0.241659
57 0 -320500 0.211384
58 0 -217500 0.136818
59 0 -308500 0.190214
60 0 6.93072e-310 5
61 0 6.93072e-310 5
62 0 6.93072e-310 5
63 0 6.93072e-310 5
64 0 6.93072e-310 5
65 0 6.93072e-310 5
66 0 6.93072e-310 5
67 0 587743 2655.65
68 0 6.93072e-310 5
69 0 588056 2427.01
70 0 0 5
71 0 587866 2203.25
72 0 6.93072e-310 5
73 0 619397 1550.67
74 0 6.93072e-310 5
75 0 616762 1978.3
76 0 6.93072e-310 5
77 0 579645 2089.86
78 0 6.93072e-310 5
79 0 604614 739.941
80 0 6.93072e-310 5
81 0 6.93072e-310 5
82 0 6.93072e-310 5
83 0 6.93072e-310 5
84 0 6.93072e-310 5
85 0 6.93072e-310 5
86 0 6.93072e-310 5
87 0 6.93072e-310 5
88 0 6.93072e-310 5
89 0 6.93072e-310 5
90 0 6.93072e-310 5
91 0 6.93072e-310 5
92 0 6.93072e-310 5
93 0 6.93072e-310 5
94 0 6.93072e-310 5
95 0 6.93072e-310 5
96 0 6.93072e-310 5
97 0 6.93072e-310 5
98 0 6.93072e-310 5
99 0 6.93072e-310 5
100 0 6.93072e-310 5
101 0 6.93072e-310 5
102 0 6.93072e-310 5
103 0 645500 724.804
104 0 6.93072e-310 5
105 0 645477 1316.12
106 0 6.93072e-310 5
107 0 615474 2515.01
108 0 6.93072e-310 5
109 0 618172 2196.54
110 0 6.93072e-310 5
111 0 638455 801.611
112 0 6.93072e-310 5
113 0 6.93072e-310 5
114 0 6.93072e-310 5
115 0 642456 1987.54
116 0 6.93072e-310 5
117 0 643305 2810.44
118 0 6.93072e-310 5
119 0 642629 2330.61
120 0 6.93072e-310 5
121 0 633442 2434.09
122 0 6.93072e-310 5
123 0 633065 2252.49
124 0 6.93072e-310 5
125 0 633364 2296.66
126 0 6.93072e-310 5
127 0 632917 2654.51
128 0 6.93072e-310 5
129 0 6.93072e-310 5
130 0 6.93072e-310 5
131 0 659755 3274.05
132 0 6.93072e-310 5
133 0 687904 981.173
134 0 6.93072e-310 5
135 0 661179 2818.35
136 0 6.93072e-310 5
137 0 653182 1979.81
138 0 6.93072e-310 5
139 0 663112 1064.56
140 0 6.93072e-310 5
141 0 664006 1260.47
142 0 6.93072e-310 5
143 0 663561 1016.84
144 0 6.93072e-310 5
145 0 6.93072e-310 5
146 0 6.93072e-310 5
147 0 675040 813.397
148 0 6.93072e-310 5
149 0 673263 612.816
150 0 6.93072e-310 5
151 0 674610 701.386
152 0 6.93072e-310 5
153 0 667609 855.509
154 0 6.93072e-310 5
155 0 666957 745.219
156 0 6.93072e-310 5
157 0 6.93072e-310 5
158 0 6.93072e-310 5
159 0 6.93072e-310 5
