0 0 6.93664e-310 5
1 0 5.65016e-316 5
2 0 -208728 2675.55
3 0 -186103 4184.97
4 0 -203819 2811.22
5 0 -223579 4262.37
6 0 -209136 2735.67
7 0 -218827 4995.94
8 0 -254937 2778.26
9 0 -223992 4361.63
10 0 -255796 2996.96
11 0 -231835 3674.61
12 0 -213836 2570.57
13 0 -197134 3696.75
14 0 -221682 2969.29
15 0 -194730 3815.02
16 0 -169813 2597.21
17 0 -194190 4485.29
18 0 -176992 2770.07
19 0 -191039 4552.39
20 0 -223520 2991.93
21 0 -145165 4454.34
22 0 6.93664e-310 5
23 0 6.93664e-310 5
24 0 -223182 2905.55
25 0 -192937 4728.57
26 0 -178577 2733.75
27 0 -183635 4351.97
28 0 6.93664e-310 5
29 0 6.93664e-310 5
30 0 6.93664e-310 5
31 0 6.93664e-310 5
32 0 -200673 3396.93
33 0 -179978 5499.87
34 0 -160175 2522.23
35 0 -180579 4855.97
36 0 -170024 2375.31
37 0 -142074 3968.54
38 0 -166953 2754.02
39 0 -180478 4884.41
40 0 -207576 2860.74
41 0 -140099 4206.68
42 0 -214275 3081.67
43 0 -184414 4505.65
44 0 6.93664e-310 5
45 0 6.93664e-310 5
46 0 6.93664e-310 5
47 0 6.93664e-310 5
48 0 -194061 3382.84
49 0 -176235 4749.71
50 0 -154515 2475.96
51 0 -135284 3876.7
52 0 -153946 2532.85
53 0 -126509 3409.75
54 0 -153259 2546.22
55 0 -123318 5459.86
56 0 -148260 2435.17
57 0 -170038 4463.71
58 0 -193662 2926.11
59 0 -166420 4883.99
60 0 6.93664e-310 5
61 0 6.93664e-310 5
62 0 6.93664e-310 5
63 0 6.93664e-310 5
64 0 6.93664e-310 5
65 0 6.93664e-310 5
66 0 586143 2539.23
67 0 585839 2486.29
68 0 587273 2761.69
69 0 586574 2812.05
70 0 587731 3791.6
71 0 587519 3272.81
72 0 579756 3450.59
73 0 579694 3472
74 0 579041 2941.36
75 0 579546 3243.6
76 0 579076 2848.4
77 0 577942 2796.79
78 0 578946 2789.88
79 0 579004 2876.75
80 0 6.93664e-310 5
81 0 6.93664e-310 5
82 0 603691 2614.88
83 0 595763 2777.53
84 0 602940 2860.4
85 0 602941 2778.36
86 0 595451 2890.36
87 0 603993 2900.88
88 0 595790 2721.95
89 0 596316 2832.8
90 0 596928 2856.27
91 0 595594 2854.68
92 0 588800 3114.28
93 0 596590 2983.9
94 0 599097 3656.43
95 0 588271 3184.03
96 0 6.93664e-310 5
97 0 6.93664e-310 5
98 0 623679 2938.36
99 0 624274 3680.94
100 0 615317 2497.05
101 0 614786 2730.57
102 0 620808 2456.19
103 0 612530 2362.94
104 0 614046 2842.24
105 0 612722 2736.93
106 0 605418 2790.51
107 0 613754 2870.08
108 0 615492 3060.54
109 0 615615 3047.14
110 0 615829 3429.14
111 0 615401 3036.61
112 0 6.93664e-310 5
113 0 6.93664e-310 5
114 0 643786 3337.29
115 0 641973 3413.06
116 0 643144 3146.07
117 0 635148 3615.45
118 0 641326 2305.04
119 0 641566 2612.98
120 0 631225 2206.67
121 0 630583 2088.72
122 0 632350 2409.37
123 0 631169 2317.47
124 0 632267 3054.22
125 0 632428 2905.99
126 0 632616 3229.26
127 0 633008 3509.15
128 0 6.93664e-310 5
129 0 6.93664e-310 5
130 0 657912 2807.27
131 0 658600 3168.34
132 0 658682 2810.55
133 0 657214 2632.05
134 0 658923 2696.25
135 0 658364 2848.22
136 0 649381 2519.47
137 0 649718 2700.77
138 0 660525 1363.41
139 0 661970 1517.21
140 0 662127 1419.62
141 0 662719 1417.69
142 0 661948 1475.48
143 0 662088 1429.54
144 0 6.93664e-310 5
145 0 6.93664e-310 5
146 0 674306 1392.98
147 0 665971 1432.47
148 0 673049 1429.65
149 0 672641 1411.45
150 0 672416 1383.51
151 0 674080 1554.88
152 0 665688 1476.83
153 0 666757 1457.73
154 0 665573 1509.33
155 0 665985 1561.17
156 0 6.93664e-310 5
157 0 6.93664e-310 5
158 0 6.93664e-310 5
159 0 6.93664e-310 5
