0 0 6.93193e-310 5
1 0 4.70627e-316 5
2 0 -211879 2627.11
3 0 -189483 4564.86
4 0 -207043 2530.13
5 0 -183748 4234.42
6 0 -212857 2692.95
7 0 -179058 4356.66
8 0 -214772 2770.08
9 0 -183982 4657.41
10 0 -214706 2721.04
11 0 -191199 4116.33
12 0 -217162 2509.28
13 0 -200323 4269.89
14 0 -224982 2713.88
15 0 -198130 4012.92
16 0 -173288 2461.02
17 0 -155182 4528.88
18 0 -180244 2603.42
19 0 -150624 5153.59
20 0 -182812 2758.32
21 0 -148887 4164.91
22 0 6.93193e-310 5
23 0 6.93193e-310 5
24 0 -181958 2782.03
25 0 -153209 4038.65
26 0 -181885 2681.16
27 0 -144039 4800.26
28 0 6.93193e-310 5
29 0 6.93193e-310 5
30 0 6.93193e-310 5
31 0 6.93193e-310 5
32 0 -160365 2972.23
33 0 -141233 4089.66
34 0 -163474 2552.92
35 0 -140855 4720.17
36 0 -173341 2534.15
37 0 -145661 4647.54
38 0 -170332 2559.29
39 0 -140171 5032.18
40 0 -166849 2566
41 0 -143363 4501.79
42 0 -174030 2587.39
43 0 -145162 4335.89
44 0 6.93193e-310 5
45 0 6.93193e-310 5
46 0 6.93193e-310 5
47 0 6.93193e-310 5
48 0 -154507 2504.98
49 0 -136557 4009.66
50 0 -157882 2438.11
51 0 -138769 3897.61
52 0 -157080 2489.73
53 0 -130067 3725.75
54 0 -156500 2474.69
55 0 -126302 5151.51
56 0 -151737 2401.6
57 0 -130278 4023.17
58 0 -153065 2484.61
59 0 -126331 4838.8
60 0 6.93193e-310 5
61 0 6.93193e-310 5
62 0 6.93193e-310 5
63 0 6.93193e-310 5
64 0 6.93193e-310 5
65 0 6.93193e-310 5
66 0 586080 2463.72
67 0 578012 2452.26
68 0 586717 2410.86
69 0 586371 2588.46
70 0 577750 2457.14
71 0 586209 2366.66
72 0 570629 2806.54
73 0 578311 2866.74
74 0 578259 2910.5
75 0 570671 2892.02
76 0 578311 3067.12
77 0 577129 2629.15
78 0 570062 2671.69
79 0 578210 2753.67
80 0 6.93193e-310 5
81 0 6.93193e-310 5
82 0 602863 2773.88
83 0 602861 2553.49
84 0 602771 2337.56
85 0 602716 2353.44
86 0 602484 2824.87
87 0 603317 2821.47
88 0 594899 2589.42
89 0 595365 2614.87
90 0 596216 2764.24
91 0 594725 2529.31
92 0 595925 2441.97
93 0 595787 2487.78
94 0 597031 2536.84
95 0 594717 2377.69
96 0 6.93193e-310 5
97 0 6.93193e-310 5
98 0 622427 2222.6
99 0 622294 2445.26
100 0 623495 2644.51
101 0 621846 1954.05
102 0 620471 2158.85
103 0 620711 1612.53
104 0 613266 2546.75
105 0 612134 2455.73
106 0 612393 2555.16
107 0 613026 2731.35
108 0 614993 2522.77
109 0 614888 2760.18
110 0 614194 2770.42
111 0 614787 2590.93
112 0 6.93193e-310 5
113 0 6.93193e-310 5
114 0 641817 3134.15
115 0 639872 2648.34
116 0 642135 2613.93
117 0 641516 3134.59
118 0 641226 2293.02
119 0 640932 2377.81
120 0 623155 2215.58
121 0 630589 2169.28
122 0 632252 2279.85
123 0 623142 2353.34
124 0 630596 2518.01
125 0 631567 2385.69
126 0 631925 2672.39
127 0 630981 2890.31
128 0 6.93193e-310 5
129 0 6.93193e-310 5
130 0 649313 2709.02
131 0 657604 3023.32
132 0 658032 2747.01
133 0 656481 2570.63
134 0 658360 2747.4
135 0 657804 2765.18
136 0 649532 2692.9
137 0 649302 2761.81
138 0 659609 730.843
139 0 660851 818.01
140 0 660782 742.354
141 0 661689 803.102
142 0 660798 753.718
143 0 660802 756.423
144 0 6.93193e-310 5
145 0 6.93193e-310 5
146 0 673187 834.921
147 0 672990 833.422
148 0 671666 547.343
149 0 663312 612.064
150 0 670919 724.861
151 0 664560 663.447
152 0 664406 593.637
153 0 665589 686.636
154 0 664312 579.487
155 0 664573 680.984
156 0 6.93193e-310 5
157 0 6.93193e-310 5
158 0 6.93193e-310 5
159 0 6.93193e-310 5
