0 0 6.90991e-310 5
1 0 3.56973e-316 5
2 0 -211986 2627.78
3 0 -189861 4864.37
4 0 -207367 2559.04
5 0 -183735 4036.01
6 0 -213231 2731.15
7 0 -179618 4597.29
8 0 -214958 2617.58
9 0 -184391 4534.84
10 0 -215021 2852.31
11 0 -191151 3835.47
12 0 -217519 2583.7
13 0 -200680 4025.9
14 0 -225388 2587.82
15 0 -198367 3863.6
16 0 -173693 2552.59
17 0 -155682 4547.89
18 0 -180687 2746.28
19 0 -151443 4870.34
20 0 -183087 2743.86
21 0 -149513 4392.44
22 0 6.90991e-310 5
23 0 6.90991e-310 5
24 0 -182002 2678.75
25 0 -153590 4272.67
26 0 -182191 2715.88
27 0 -144528 4920.61
28 0 6.90991e-310 5
29 0 6.90991e-310 5
30 0 6.90991e-310 5
31 0 6.90991e-310 5
32 0 -160971 3054.88
33 0 -141841 4368.64
34 0 -164156 2861.99
35 0 -141359 5018.24
36 0 -173790 2693.56
37 0 -146076 4687.52
38 0 -170427 2381.05
39 0 -140571 4467.11
40 0 -167123 2590.82
41 0 -143954 4384.14
42 0 -174543 2741.82
43 0 -145468 4682.25
44 0 6.90991e-310 5
45 0 6.90991e-310 5
46 0 6.90991e-310 5
47 0 6.90991e-310 5
48 0 -154883 2644.32
49 0 -136991 4566.55
50 0 -158308 2460.25
51 0 -139160 3968.29
52 0 -157444 2394.65
53 0 -130040 3588.42
54 0 -157014 2664.7
55 0 -127433 5649.77
56 0 -152202 2485.98
57 0 -130408 4034.55
58 0 -153593 2530.55
59 0 -126553 4952.16
60 0 6.90991e-310 5
61 0 6.90991e-310 5
62 0 6.90991e-310 5
63 0 6.90991e-310 5
64 0 6.90991e-310 5
65 0 6.90991e-310 5
66 0 570057 2536.98
67 0 569995 2533.2
68 0 570737 2480.12
69 0 570323 2694.03
70 0 569799 2514.77
71 0 562376 2584.15
72 0 562561 2977.16
73 0 562305 2961.29
74 0 562190 3060.65
75 0 562597 3095.84
76 0 562072 3340.13
77 0 561011 2745.92
78 0 561881 2766.88
79 0 562087 2865.25
80 0 6.90991e-310 5
81 0 6.90991e-310 5
82 0 586677 2657.41
83 0 586753 2654.82
84 0 586612 2559.98
85 0 586614 2494.95
86 0 586263 2971.99
87 0 587130 3034.57
88 0 570753 2728.63
89 0 579295 2688.93
90 0 580164 2914.57
91 0 570657 2621.25
92 0 579858 2516.52
93 0 579693 2631.51
94 0 581011 2549.35
95 0 578666 2450.8
96 0 6.90991e-310 5
97 0 6.90991e-310 5
98 0 606595 2383.32
99 0 606229 2446.69
100 0 607363 2639.19
101 0 605892 2028.38
102 0 604314 2226.8
103 0 604811 1627.37
104 0 589163 2634.84
105 0 595961 2511.86
106 0 596245 2579.26
107 0 588774 2763.47
108 0 598964 2728.72
109 0 598783 2887.92
110 0 598089 2849.4
111 0 598655 2786.27
112 0 6.90991e-310 5
113 0 6.90991e-310 5
114 0 625652 3112.34
115 0 623798 2663.26
116 0 626025 2531.71
117 0 625268 2889.24
118 0 625338 2372.42
119 0 625014 2401.68
120 0 615113 2250.99
121 0 614596 2216.07
122 0 616261 2359.65
123 0 615122 2430.55
124 0 614610 2674.99
125 0 615583 2448.09
126 0 615881 2875.73
127 0 614931 3053.76
128 0 6.90991e-310 5
129 0 6.90991e-310 5
130 0 641229 2819.48
131 0 641437 3230.74
132 0 641984 2826.52
133 0 640264 2573.7
134 0 642118 2825.77
135 0 641589 2809.23
136 0 633463 2934.4
137 0 633012 2819.65
138 0 635565 821.736
139 0 644820 868.408
140 0 644689 720.613
141 0 645649 868.266
142 0 644757 808.743
143 0 644672 714.52
144 0 6.90991e-310 5
145 0 6.90991e-310 5
146 0 673203 901.601
147 0 672937 860.649
148 0 671662 594.683
149 0 671258 695.212
150 0 670876 775.603
151 0 672532 706.605
152 0 664394 671.479
153 0 665581 758.68
154 0 664246 716.73
155 0 664568 727.647
156 0 6.90991e-310 5
157 0 6.90991e-310 5
158 0 6.90991e-310 5
159 0 6.90991e-310 5
