0 0 6.9264e-310 5
1 0 5.26236e-316 5
2 0 -221061 8080.21
3 0 -200687 15794.9
4 0 -215465 6462.13
5 0 -192073 7533.88
6 0 -222481 5134.76
7 0 -188458 7635.56
8 0 -224504 5876.06
9 0 -194014 6862.53
10 0 -227041 6286.83
11 0 -203369 5466.03
12 0 -229035 5300.84
13 0 -212356 4998.41
14 0 -235612 5721.53
15 0 -209457 6020.15
16 0 -216091 2891.83
17 0 -164943 8990.31
18 0 -222086 3594.4
19 0 -160464 7628.29
20 0 -193541 7199.7
21 0 -158225 7181.45
22 0 6.9264e-310 5
23 0 6.9264e-310 5
24 0 -194263 4136.88
25 0 -194326 5476.71
26 0 -192632 6749.05
27 0 -154294 7437.76
28 0 6.9264e-310 5
29 0 6.9264e-310 5
30 0 6.9264e-310 5
31 0 6.9264e-310 5
32 0 -167934 10682.4
33 0 -151529 8831.07
34 0 -175332 5288.74
35 0 -152123 10120.9
36 0 -183379 6811.33
37 0 -155043 7737.33
38 0 -181071 7032.01
39 0 -151190 6900.7
40 0 -162633 4529.99
41 0 -184641 4697.09
42 0 -185479 5992.64
43 0 -156938 6423.7
44 0 6.9264e-310 5
45 0 6.9264e-310 5
46 0 6.9264e-310 5
47 0 6.9264e-310 5
48 0 -165458 5141.92
49 0 -148054 7545.81
50 0 -170199 4804.2
51 0 -135470 5987.15
52 0 -198958 2638.99
53 0 -143923 10260
54 0 -197598 3556.46
55 0 -136999 8071.36
56 0 -147219 3523.08
57 0 -141411 6700.07
58 0 -165645 4577.16
59 0 -137859 6779.89
60 0 6.9264e-310 5
61 0 6.9264e-310 5
62 0 6.9264e-310 5
63 0 6.9264e-310 5
64 0 6.9264e-310 5
65 0 6.9264e-310 5
66 0 586067 2602.66
67 0 585810 2529.1
68 0 586983 2824.07
69 0 586307 2651.31
70 0 586307 2927
71 0 586804 3142.08
72 0 579202 3286.59
73 0 578895 3416.14
74 0 570970 3230.51
75 0 579248 3203.36
76 0 571042 3084.97
77 0 578045 3006.87
78 0 578699 2927.16
79 0 570866 2979.2
80 0 6.9264e-310 5
81 0 6.9264e-310 5
82 0 595498 2913.01
83 0 603560 2902.29
84 0 602752 3139.61
85 0 602712 2933.18
86 0 603007 2859.69
87 0 603973 3069.91
88 0 595654 2830.88
89 0 596021 2851.12
90 0 597037 3000.1
91 0 595574 3066.93
92 0 596803 3352.47
93 0 596662 3230.14
94 0 598136 3272.3
95 0 595887 3169.75
96 0 6.9264e-310 5
97 0 6.9264e-310 5
98 0 623397 2866.22
99 0 623250 3021.36
100 0 623459 2587.39
101 0 622675 2666.7
102 0 620683 2604.15
103 0 620403 2560.81
104 0 605680 2906.65
105 0 612619 2971.18
106 0 613190 2814.68
107 0 605434 2941.81
108 0 615612 3484.65
109 0 615664 3332.77
110 0 615510 3476.42
111 0 615608 3440.02
112 0 6.9264e-310 5
113 0 6.9264e-310 5
114 0 643187 3548.79
115 0 641432 3380.2
116 0 643093 3242.67
117 0 634526 3257.43
118 0 641813 2881.23
119 0 642081 3163.12
120 0 631258 2358.65
121 0 630612 2258.56
122 0 632617 2779.78
123 0 631196 2436.81
124 0 631495 2883.2
125 0 632132 2871.1
126 0 631993 3218.47
127 0 631643 3014.06
128 0 6.9264e-310 5
129 0 6.9264e-310 5
130 0 657773 3186.98
131 0 650043 3073.46
132 0 658605 3072.21
133 0 657172 2836.52
134 0 658682 2728.16
135 0 658138 2956.89
136 0 649235 2777.87
137 0 649562 2825.35
138 0 660403 1283.74
139 0 661790 1460.04
140 0 661944 1426.16
141 0 662581 1368.45
142 0 661751 1441.94
143 0 661879 1435.4
144 0 6.9264e-310 5
145 0 6.9264e-310 5
146 0 674124 1415.81
147 0 673776 1414.21
148 0 672810 1381.23
149 0 672477 1345.45
150 0 672240 1394.92
151 0 673900 1470.69
152 0 665423 1397.99
153 0 666578 1380.17
154 0 657274 1430.88
155 0 665804 1494.54
156 0 6.9264e-310 5
157 0 6.9264e-310 5
158 0 6.9264e-310 5
159 0 6.9264e-310 5
