0 0 6.90896e-310 5
1 0 3.64715e-316 5
2 0 -210392 2546.32
3 0 -188115 4528.23
4 0 -205592 2528.91
5 0 -182016 3843.08
6 0 -211397 2552.47
7 0 -177845 4565.78
8 0 -213194 2498.57
9 0 -182653 4351.89
10 0 -213454 2848.79
11 0 -189696 3980.54
12 0 -216039 2527.89
13 0 -199024 4225.25
14 0 -223830 2578.88
15 0 -196905 4028.55
16 0 -171951 2593.83
17 0 -153857 4486.94
18 0 -179062 2556.7
19 0 -149832 5053.01
20 0 -181426 2637.54
21 0 -147761 4316.86
22 0 6.90896e-310 5
23 0 6.90896e-310 5
24 0 -180403 2633.69
25 0 -151919 4209.43
26 0 -225775 4141.15
27 0 -142555 4639.28
28 0 6.90896e-310 5
29 0 6.90896e-310 5
30 0 6.90896e-310 5
31 0 6.90896e-310 5
32 0 -159267 2979.5
33 0 -139779 4198.64
34 0 -162597 2867
35 0 -139647 4793.93
36 0 -172262 2573.56
37 0 -144660 4756.18
38 0 -168995 2466.63
39 0 -138590 4678.39
40 0 -165452 2488.14
41 0 -142054 4520.92
42 0 -172931 2593.35
43 0 -144057 4774.79
44 0 6.90896e-310 5
45 0 6.90896e-310 5
46 0 6.90896e-310 5
47 0 6.90896e-310 5
48 0 -153213 2529.56
49 0 -135264 4199.15
50 0 -156464 2450.57
51 0 -137432 4040.89
52 0 -155711 2457.02
53 0 -128458 3716.47
54 0 -155286 2583.46
55 0 -125263 5534.61
56 0 -150488 2298.74
57 0 -128670 4030.83
58 0 -151853 2614.44
59 0 -124913 4693.68
60 0 6.90896e-310 5
61 0 6.90896e-310 5
62 0 6.90896e-310 5
63 0 6.90896e-310 5
64 0 6.90896e-310 5
65 0 6.90896e-310 5
66 0 586049 2279.63
67 0 585954 2284.22
68 0 586779 2290.46
69 0 586358 2339.33
70 0 585995 2404.18
71 0 578509 2414.98
72 0 578698 2861.05
73 0 578488 2803.34
74 0 578329 2923.81
75 0 578707 2884.18
76 0 578540 2885.18
77 0 577497 2700.97
78 0 578150 2694.49
79 0 578355 2854.04
80 0 6.90896e-310 5
81 0 6.90896e-310 5
82 0 603144 2557.6
83 0 603170 2576.83
84 0 602648 2625.74
85 0 602702 2265.93
86 0 602574 2710.13
87 0 603147 3038.36
88 0 587080 2358.88
89 0 595404 2709.88
90 0 596511 2557.29
91 0 586717 2729.14
92 0 595986 2735.4
93 0 595802 2584.18
94 0 597572 2681.27
95 0 595054 2670.37
96 0 6.90896e-310 5
97 0 6.90896e-310 5
98 0 623000 2522.74
99 0 622712 2545.6
100 0 623163 2281.32
101 0 621977 1949.83
102 0 620493 2237.39
103 0 620814 1653.25
104 0 605292 2589.04
105 0 612118 2431.08
106 0 612684 2623.94
107 0 604970 2503.75
108 0 614790 2664.94
109 0 615004 2755.94
110 0 614629 2751.37
111 0 614617 2517.08
112 0 6.90896e-310 5
113 0 6.90896e-310 5
114 0 642287 3117.09
115 0 640546 2889.41
116 0 642647 2798.42
117 0 642247 3177.95
118 0 641233 2177.8
119 0 641472 2595.44
120 0 631101 2015
121 0 630666 1980
122 0 632098 2041.12
123 0 631027 2054.94
124 0 630727 2536.58
125 0 631327 2122.74
126 0 631490 2888.72
127 0 631040 2689.53
128 0 6.90896e-310 5
129 0 6.90896e-310 5
130 0 657087 2719.52
131 0 657731 2746.75
132 0 657942 2601.07
133 0 656542 2464.57
134 0 658186 2435.93
135 0 657569 2499.81
136 0 649287 2321.77
137 0 649115 2492.6
138 0 651639 670.235
139 0 660898 767.47
140 0 661120 692.111
141 0 661761 738.532
142 0 660930 754.349
143 0 661238 794.493
144 0 6.90896e-310 5
145 0 6.90896e-310 5
146 0 673436 598.109
147 0 673144 833.357
148 0 671886 537.107
149 0 671515 507.934
150 0 671245 525.681
151 0 672644 689.539
152 0 664401 555.945
153 0 665607 663.639
154 0 664341 499.94
155 0 664591 674.009
156 0 6.90896e-310 5
157 0 6.90896e-310 5
158 0 6.90896e-310 5
159 0 6.90896e-310 5
