0 0 6.90603e-310 5
1 0 3.90268e-316 5
2 0 -212377 2538.83
3 0 -190009 4360.25
4 0 -207927 2610.59
5 0 -184145 4030.14
6 0 -213511 2523.91
7 0 -179997 4660.69
8 0 -215350 2438.51
9 0 -184848 4451.05
10 0 -215269 2699.9
11 0 -191703 3696.47
12 0 -217991 2534.8
13 0 -201239 4162.9
14 0 -225846 2616.58
15 0 -198971 4028.67
16 0 -174045 2441.53
17 0 -155934 4505.15
18 0 -181187 2508.88
19 0 -151633 5052.44
20 0 -183404 2529.13
21 0 -149949 4466.95
22 0 6.90603e-310 5
23 0 6.90603e-310 5
24 0 -182444 2423.52
25 0 -153953 3886.36
26 0 -182576 2638.41
27 0 -144813 4501.37
28 0 6.90603e-310 5
29 0 6.90603e-310 5
30 0 6.90603e-310 5
31 0 6.90603e-310 5
32 0 -161026 2891.6
33 0 -142231 4585.43
34 0 -164296 2622.02
35 0 -141741 4886.67
36 0 -174015 2402.6
37 0 -146305 5378.9
38 0 -171106 2421.77
39 0 -140973 4736.96
40 0 -167454 2525.53
41 0 -144042 4293.07
42 0 -174840 2611.08
43 0 -145967 4394.28
44 0 6.90603e-310 5
45 0 6.90603e-310 5
46 0 6.90603e-310 5
47 0 6.90603e-310 5
48 0 -155237 2574.55
49 0 -136982 4015.17
50 0 -158728 2451.37
51 0 -139785 3847.56
52 0 -157930 2475.54
53 0 -130752 3727.68
54 0 -157174 2436.06
55 0 -127624 5320.45
56 0 -152661 2610.17
57 0 -130963 4143.89
58 0 -153898 2504.25
59 0 -127018 4498.73
60 0 6.90603e-310 5
61 0 6.90603e-310 5
62 0 6.90603e-310 5
63 0 6.90603e-310 5
64 0 6.90603e-310 5
65 0 6.90603e-310 5
66 0 569826 2534.96
67 0 561775 2619.67
68 0 570436 2526.07
69 0 570015 2555.95
70 0 561310 2650.67
71 0 569855 2495.32
72 0 554205 2932.84
73 0 561808 2884.77
74 0 561767 2956.66
75 0 554289 2889.32
76 0 561852 3011.39
77 0 560727 2801.08
78 0 553659 2746.94
79 0 561686 2880.81
80 0 6.90603e-310 5
81 0 6.90603e-310 5
82 0 586485 2640.16
83 0 586598 2744.59
84 0 586322 2395.36
85 0 586638 2303.82
86 0 586208 2892.21
87 0 587034 2903.9
88 0 578401 2662.88
89 0 578997 2759.16
90 0 579824 2529.83
91 0 578471 2560.3
92 0 579053 2589.82
93 0 579246 2728.21
94 0 580616 2492.43
95 0 578075 2464.72
96 0 6.90603e-310 5
97 0 6.90603e-310 5
98 0 606096 2341.23
99 0 605852 2464.51
100 0 607268 2709.23
101 0 605608 2065.62
102 0 604129 2178.13
103 0 604439 1516.52
104 0 597067 2690.9
105 0 595829 2665.81
106 0 596220 2620.12
107 0 596245 2565.4
108 0 598237 2822.61
109 0 598728 2758.13
110 0 598081 2664.35
111 0 598005 2785
112 0 6.90603e-310 5
113 0 6.90603e-310 5
114 0 625496 2721.81
115 0 623722 2525.71
116 0 625484 2421.05
117 0 625142 2815.04
118 0 624978 2326.22
119 0 624521 2304.99
120 0 606703 2357.73
121 0 614468 2217.1
122 0 615912 2456.94
123 0 606674 2396.58
124 0 614117 2472.69
125 0 615171 2331.58
126 0 615135 3151.61
127 0 614862 2930.29
128 0 6.90603e-310 5
129 0 6.90603e-310 5
130 0 632842 2880.36
131 0 641667 2929.61
132 0 642048 2923.47
133 0 639887 2630.62
134 0 641714 2782.98
135 0 641203 2789.42
136 0 632915 2594.84
137 0 632630 2790.57
138 0 643094 881.87
139 0 644624 991.793
140 0 644636 713.716
141 0 645444 1003.78
142 0 644518 913.164
143 0 644661 776.822
144 0 6.90603e-310 5
145 0 6.90603e-310 5
146 0 672866 759.872
147 0 672731 957.623
148 0 671452 540.713
149 0 662890 723.244
150 0 670591 689.666
151 0 664213 804.607
152 0 663873 755.105
153 0 665178 854.541
154 0 663702 712.118
155 0 664393 681.906
156 0 6.90603e-310 5
157 0 6.90603e-310 5
158 0 6.90603e-310 5
159 0 6.90603e-310 5
