0 0 6.93611e-310 5
1 0 5.00586e-316 5
2 0 -210924 2665.63
3 0 -188490 4271.98
4 0 -206273 2522.46
5 0 -182733 4103.89
6 0 -211984 2696.07
7 0 -178173 4538.34
8 0 -213889 2573.79
9 0 -183175 4813.97
10 0 -213781 2900.06
11 0 -190309 4177.43
12 0 -216350 2443.14
13 0 -199442 3988.91
14 0 -224225 2533.78
15 0 -197232 3978
16 0 -172367 2622.96
17 0 -154443 4669.47
18 0 -179578 2559.9
19 0 -149952 4925.35
20 0 -181986 2582.77
21 0 -148129 4548.41
22 0 6.93611e-310 5
23 0 6.93611e-310 5
24 0 -180966 2637.72
25 0 -152521 4166.82
26 0 -181266 2707.16
27 0 -143102 4349.42
28 0 6.93611e-310 5
29 0 6.93611e-310 5
30 0 6.93611e-310 5
31 0 6.93611e-310 5
32 0 -159478 2840.43
33 0 -140430 4001.09
34 0 -163060 2827.12
35 0 -140326 5016.08
36 0 -172599 2564.19
37 0 -144635 4443.48
38 0 -169445 2432.16
39 0 -139366 4803.38
40 0 -166029 2678.42
41 0 -142649 4322.31
42 0 -173450 2751.91
43 0 -144427 3971.14
44 0 6.93611e-310 5
45 0 6.93611e-310 5
46 0 6.93611e-310 5
47 0 6.93611e-310 5
48 0 -153826 2762.88
49 0 -135755 4154.44
50 0 -157036 2517.44
51 0 -138022 3787.21
52 0 -156226 2361.35
53 0 -129005 3909.71
54 0 -155773 2598.66
55 0 -126039 5451.05
56 0 -151143 2457.99
57 0 -128643 5185.69
58 0 -152366 2485.22
59 0 -125644 4576.56
60 0 6.93611e-310 5
61 0 6.93611e-310 5
62 0 6.93611e-310 5
63 0 6.93611e-310 5
64 0 6.93611e-310 5
65 0 6.93611e-310 5
66 0 569561 2292.14
67 0 569458 2267.05
68 0 570189 2228.11
69 0 569796 2333.96
70 0 569311 2350.02
71 0 569853 2342.97
72 0 554201 2789.03
73 0 561816 2741.36
74 0 561839 2741.98
75 0 554232 2810.77
76 0 561929 2739.35
77 0 560775 2555.19
78 0 553725 2627.89
79 0 561805 2642.15
80 0 6.93611e-310 5
81 0 6.93611e-310 5
82 0 586334 2407.97
83 0 586569 2525.97
84 0 586227 2462.3
85 0 586004 2207.09
86 0 586162 2716.09
87 0 586948 2764.28
88 0 578372 2666.02
89 0 579110 2509.02
90 0 571710 2639.86
91 0 578423 2463.1
92 0 579671 2592.99
93 0 579345 2702.82
94 0 581103 2913.5
95 0 578401 2528.6
96 0 6.93611e-310 5
97 0 6.93611e-310 5
98 0 598314 2424.9
99 0 606453 2904.03
100 0 606703 2372.3
101 0 605390 1909.67
102 0 603825 2170.7
103 0 604163 1348.16
104 0 596933 2576.18
105 0 595784 2381.31
106 0 596093 2453.34
107 0 596303 2560.47
108 0 598574 2649.75
109 0 598538 2612.78
110 0 597681 2632.78
111 0 598085 2763.85
112 0 6.93611e-310 5
113 0 6.93611e-310 5
114 0 625995 3103.74
115 0 623800 2688.96
116 0 626329 2868.54
117 0 625583 3096.76
118 0 624586 2009.33
119 0 624742 2413.44
120 0 614467 1986.29
121 0 614104 1884.17
122 0 615576 2158.7
123 0 614320 2048.44
124 0 606050 2413.61
125 0 614894 2168.75
126 0 615026 2784.6
127 0 606599 2844.63
128 0 6.93611e-310 5
129 0 6.93611e-310 5
130 0 640840 2609.92
131 0 641178 2657.32
132 0 641777 2647.42
133 0 639865 2315.21
134 0 641589 2452.85
135 0 641153 2481.36
136 0 632649 2406.59
137 0 632404 2506.48
138 0 643161 691.28
139 0 644500 625.345
140 0 644594 641.132
141 0 645404 716.137
142 0 644564 650.354
143 0 644693 692.573
144 0 6.93611e-310 5
145 0 6.93611e-310 5
146 0 672802 673.718
147 0 672713 695.679
148 0 671477 484.03
149 0 670842 581.058
150 0 670474 595.466
151 0 672300 552.459
152 0 663994 588.363
153 0 665236 571.322
154 0 663734 607.084
155 0 664286 478.032
156 0 6.93611e-310 5
157 0 6.93611e-310 5
158 0 6.93611e-310 5
159 0 6.93611e-310 5
