0 0 6.90837e-310 5
1 0 5.2861e-316 5
2 0 -224106 6444.96
3 0 -202312 7683.04
4 0 -219778 7294.62
5 0 -196720 8503.47
6 0 -225685 7184.2
7 0 -191965 8458.48
8 0 -227393 5882.87
9 0 -195506 7341.75
10 0 -229357 7505.76
11 0 -204434 8591.2
12 0 -215012 4248.3
13 0 -214412 7208.23
14 0 -237742 6822.47
15 0 -210994 7400.74
16 0 -171747 4225.11
17 0 -168247 8872.23
18 0 -194322 6606.16
19 0 -163392 8572.33
20 0 -197239 6841.63
21 0 -163340 6764.16
22 0 6.90837e-310 5
23 0 6.90837e-310 5
24 0 -178989 4157.03
25 0 -167715 6502.07
26 0 -179813 4020.21
27 0 -159521 5777.33
28 0 6.90837e-310 5
29 0 6.90837e-310 5
30 0 6.90837e-310 5
31 0 6.90837e-310 5
32 0 -157368 3841.67
33 0 -155385 7335.85
34 0 -177780 5699.34
35 0 -154510 7285.83
36 0 -171940 4725.72
37 0 -159840 8032.61
38 0 -185273 6884.62
39 0 -153838 8568.39
40 0 -181761 6194.13
41 0 -158403 7233.66
42 0 -189203 5742.21
43 0 -160508 6639.42
44 0 6.90837e-310 5
45 0 6.90837e-310 5
46 0 6.90837e-310 5
47 0 6.90837e-310 5
48 0 -169800 6959.75
49 0 -150859 6306.6
50 0 -174138 5165.61
51 0 -154605 6172.73
52 0 -172258 6839.6
53 0 -145141 7314.6
54 0 -172548 5833.45
55 0 -143228 6265.36
56 0 -167271 4785.16
57 0 -145241 6473.27
58 0 -169927 5247.12
59 0 -141430 6210.57
60 0 6.90837e-310 5
61 0 6.90837e-310 5
62 0 6.90837e-310 5
63 0 6.90837e-310 5
64 0 6.90837e-310 5
65 0 6.90837e-310 5
66 0 570336 2498.04
67 0 562366 2552.63
68 0 570888 2355.34
69 0 570541 2460.33
70 0 561964 2340.16
71 0 570488 2360.13
72 0 554836 2735.24
73 0 562515 2640.7
74 0 562597 2759.63
75 0 555113 2707.96
76 0 563004 2789.54
77 0 561724 2678.8
78 0 554796 2813.28
79 0 562747 2811.86
80 0 6.90837e-310 5
81 0 6.90837e-310 5
82 0 587676 2849.04
83 0 587758 2783.4
84 0 587207 2553.87
85 0 587165 2551.54
86 0 587144 2725
87 0 587868 2876.69
88 0 579377 2469.89
89 0 579881 2516.15
90 0 580906 2499.2
91 0 579295 2623.07
92 0 580532 2765.18
93 0 580108 2581.6
94 0 581530 2457.51
95 0 579081 2451.23
96 0 6.90837e-310 5
97 0 6.90837e-310 5
98 0 606795 2192.94
99 0 606672 2384.58
100 0 607866 2525.18
101 0 606115 1812.08
102 0 605029 2393.7
103 0 605320 1701.64
104 0 597939 2769.44
105 0 596803 2740.98
106 0 597170 2580.28
107 0 597361 2640.34
108 0 599137 2886.76
109 0 599557 2851.5
110 0 598924 2830.76
111 0 599069 2966.59
112 0 6.90837e-310 5
113 0 6.90837e-310 5
114 0 626435 3273.73
115 0 624719 2821.5
116 0 626489 2778.41
117 0 625745 2882.95
118 0 625475 2257.18
119 0 625356 2404.21
120 0 607584 2346.59
121 0 615196 2270.53
122 0 616574 2421.72
123 0 607459 2417.17
124 0 614737 2480.61
125 0 615766 2392.92
126 0 615585 2988.7
127 0 615192 3005.93
128 0 6.90837e-310 5
129 0 6.90837e-310 5
130 0 633469 2720.17
131 0 642074 2716.25
132 0 642696 2829.8
133 0 640777 2502.1
134 0 642550 3277.97
135 0 642190 2967.49
136 0 633989 3051.46
137 0 633403 3503.54
138 0 643958 793.738
139 0 645287 859.4
140 0 645518 729.408
141 0 646134 873.314
142 0 645266 820.068
143 0 645685 829.742
144 0 6.90837e-310 5
145 0 6.90837e-310 5
146 0 673628 607.379
147 0 673515 885.623
148 0 672243 593.463
149 0 663629 521.416
150 0 671416 589.989
151 0 664996 754.255
152 0 664685 671.85
153 0 665884 727.648
154 0 664531 622.885
155 0 664946 699.454
156 0 6.90837e-310 5
157 0 6.90837e-310 5
158 0 6.90837e-310 5
159 0 6.90837e-310 5
