0 0 6.92771e-310 5
1 0 6.0213e-316 5
2 0 -210915 2738.01
3 0 -188607 4661.88
4 0 -206182 2580.85
5 0 -182487 4226.92
6 0 -212012 2724.57
7 0 -178152 4511.43
8 0 -213725 2566.57
9 0 -183022 4377.01
10 0 -213859 2969.29
11 0 -190255 3905.67
12 0 -216220 2429.53
13 0 -199319 4195.33
14 0 -224078 2662.2
15 0 -197131 3800.13
16 0 -172226 2448.79
17 0 -154344 4776.95
18 0 -179421 2573.59
19 0 -149956 4837.61
20 0 -181924 2754.18
21 0 -148267 4344.92
22 0 6.92771e-310 5
23 0 6.92771e-310 5
24 0 -180752 2625.24
25 0 -152241 4289.82
26 0 -181063 2814.14
27 0 -143117 4593.47
28 0 6.92771e-310 5
29 0 6.92771e-310 5
30 0 6.92771e-310 5
31 0 6.92771e-310 5
32 0 -159402 2812.12
33 0 -140416 4300.34
34 0 -162783 2868.74
35 0 -186113 5263.48
36 0 -172670 2679.85
37 0 -145121 4601.6
38 0 -169244 2557.78
39 0 -139148 4896.35
40 0 -165930 2636.48
41 0 -142593 4755.67
42 0 -173245 2550.61
43 0 -144576 4585.77
44 0 6.92771e-310 5
45 0 6.92771e-310 5
46 0 6.92771e-310 5
47 0 6.92771e-310 5
48 0 -153464 2550
49 0 -135285 3983.31
50 0 -156964 2467.57
51 0 -137965 3863.69
52 0 -156231 2382.62
53 0 -128758 3408.12
54 0 -155626 2657.99
55 0 -125639 5200.37
56 0 -150950 2545.66
57 0 -128910 4407.38
58 0 -152180 2429.91
59 0 -125132 4381.35
60 0 6.92771e-310 5
61 0 6.92771e-310 5
62 0 6.92771e-310 5
63 0 6.92771e-310 5
64 0 6.92771e-310 5
65 0 6.92771e-310 5
66 0 586038 2338.07
67 0 585937 2320.05
68 0 586762 2322.03
69 0 586385 2415.12
70 0 585933 2399.88
71 0 578449 2426.01
72 0 578647 2852.45
73 0 578436 2831.33
74 0 578254 2979.84
75 0 578673 2918.33
76 0 578410 2998.53
77 0 577378 2755.27
78 0 578076 2638.3
79 0 578293 2897.63
80 0 6.92771e-310 5
81 0 6.92771e-310 5
82 0 603056 2595.84
83 0 602972 2452.02
84 0 602586 2674.38
85 0 602702 2273.47
86 0 602474 2843.33
87 0 603101 3080.52
88 0 587097 2377.02
89 0 595308 2748.44
90 0 596428 2700.92
91 0 586639 2749.04
92 0 595914 2685.01
93 0 595770 2532.15
94 0 597479 2668.03
95 0 594987 2610.28
96 0 6.92771e-310 5
97 0 6.92771e-310 5
98 0 622900 2468.34
99 0 622584 2488.92
100 0 623204 2345.66
101 0 621943 1955.29
102 0 620415 2291.68
103 0 620830 1671.85
104 0 605250 2603.54
105 0 612080 2417
106 0 612637 2672.21
107 0 604930 2570.76
108 0 614829 2693.76
109 0 614932 2775.79
110 0 614572 2873.33
111 0 614691 2551.54
112 0 6.92771e-310 5
113 0 6.92771e-310 5
114 0 642141 3134
115 0 640286 2830.9
116 0 642874 3060.44
117 0 642224 3370.39
118 0 641235 2221.17
119 0 641255 2480.07
120 0 631155 2090.75
121 0 630666 2066.04
122 0 632165 2096.5
123 0 631089 2129.22
124 0 630690 2531.7
125 0 631342 2166.11
126 0 631550 2930.58
127 0 631013 2769.12
128 0 6.92771e-310 5
129 0 6.92771e-310 5
130 0 657060 2921.03
131 0 657706 2825.99
132 0 657929 2691.54
133 0 656564 2551.15
134 0 658220 2527.55
135 0 657533 2572.75
136 0 649314 2468.44
137 0 649111 2544.52
138 0 651645 678.781
139 0 660894 788.883
140 0 661043 759.128
141 0 661753 752.063
142 0 660897 764.86
143 0 661155 839.089
144 0 6.92771e-310 5
145 0 6.92771e-310 5
146 0 673388 653.414
147 0 673105 847.219
148 0 671812 543.838
149 0 671486 518.611
150 0 671208 547.431
151 0 672619 688.203
152 0 664411 573.836
153 0 665614 673.39
154 0 664354 515.302
155 0 664584 681.011
156 0 6.92771e-310 5
157 0 6.92771e-310 5
158 0 6.92771e-310 5
159 0 6.92771e-310 5
