0 0 6.93697e-310 5
1 0 4.21352e-316 5
2 0 -211998 2609.82
3 0 -189705 5259.02
4 0 -207259 2426.49
5 0 -183708 4242.33
6 0 -212856 2563.76
7 0 -179402 4528.85
8 0 -214827 2619.45
9 0 -184258 4651.67
10 0 -214836 2616.93
11 0 -191389 4039.82
12 0 -217517 2433.76
13 0 -200571 4150.69
14 0 -225258 2580.08
15 0 -198481 3965.21
16 0 -173641 2531.54
17 0 -155451 4719.97
18 0 -180739 2642.87
19 0 -151082 4959.83
20 0 -183166 2542.75
21 0 -149506 4479.96
22 0 6.93697e-310 5
23 0 6.93697e-310 5
24 0 -181990 2702.55
25 0 -153345 4179.93
26 0 -182099 2704.46
27 0 -144106 4768.94
28 0 6.93697e-310 5
29 0 6.93697e-310 5
30 0 6.93697e-310 5
31 0 6.93697e-310 5
32 0 -160933 2979.66
33 0 -141540 4189.2
34 0 -164238 2889.8
35 0 -141463 4699.65
36 0 -173763 2537.09
37 0 -145740 4554.65
38 0 -170740 2601.37
39 0 -140282 4506.69
40 0 -167152 2632.58
41 0 -143419 4029.86
42 0 -174339 2545.76
43 0 -145275 4327.56
44 0 6.93697e-310 5
45 0 6.93697e-310 5
46 0 6.93697e-310 5
47 0 6.93697e-310 5
48 0 -154870 2599.85
49 0 -136700 4109.06
50 0 -158263 2465.85
51 0 -139289 4093.42
52 0 -157390 2357.02
53 0 -130174 3535.25
54 0 -156776 2654.17
55 0 -126907 5416.28
56 0 -152056 2422
57 0 -130275 4518.04
58 0 -153416 2450.87
59 0 -126630 4367.51
60 0 6.93697e-310 5
61 0 6.93697e-310 5
62 0 6.93697e-310 5
63 0 6.93697e-310 5
64 0 6.93697e-310 5
65 0 6.93697e-310 5
66 0 569650 2429.76
67 0 561597 2517.97
68 0 570301 2486.29
69 0 569864 2451.93
70 0 561126 2443.9
71 0 569766 2448.07
72 0 554102 2858.68
73 0 561701 2767.84
74 0 561728 2822.62
75 0 554218 2774.11
76 0 561812 2867.32
77 0 560685 2691.89
78 0 553596 2671.16
79 0 561691 2783.31
80 0 6.93697e-310 5
81 0 6.93697e-310 5
82 0 586492 2547.6
83 0 586635 2781.1
84 0 586241 2360.73
85 0 586433 2253.49
86 0 586186 2761.06
87 0 586993 2793.52
88 0 578412 2630.47
89 0 578883 2531.46
90 0 579753 2458.87
91 0 578458 2478.65
92 0 579004 2560.93
93 0 579183 2676.41
94 0 580628 2537.71
95 0 578058 2471.65
96 0 6.93697e-310 5
97 0 6.93697e-310 5
98 0 606134 2413.69
99 0 605912 2559.57
100 0 607086 2639.63
101 0 605364 1929.61
102 0 604073 2168.99
103 0 604290 1427.08
104 0 597050 2677.04
105 0 595843 2607.18
106 0 596223 2576.19
107 0 596196 2478.79
108 0 598187 2742.46
109 0 598644 2717.66
110 0 598027 2658.67
111 0 597943 2702.41
112 0 6.93697e-310 5
113 0 6.93697e-310 5
114 0 625668 2960.06
115 0 623612 2502.45
116 0 625554 2537.56
117 0 624919 2691.54
118 0 624811 2243.03
119 0 624390 2258.16
120 0 606533 2245.17
121 0 614269 2092.21
122 0 615695 2358.53
123 0 606480 2263.63
124 0 613988 2415.77
125 0 614973 2260.39
126 0 614975 2923.81
127 0 614682 2800.22
128 0 6.93697e-310 5
129 0 6.93697e-310 5
130 0 632755 2736.28
131 0 641509 2752.54
132 0 641918 2825.05
133 0 639839 2536.46
134 0 641629 2650.55
135 0 641142 2654.89
136 0 632846 2505.64
137 0 632566 2727.58
138 0 642986 824.179
139 0 644493 904.383
140 0 644611 672.878
141 0 645320 935.588
142 0 644445 841.635
143 0 644654 739.794
144 0 6.93697e-310 5
145 0 6.93697e-310 5
146 0 672778 685.355
147 0 672649 864.182
148 0 671411 515.764
149 0 662771 639.401
150 0 670504 640.93
151 0 664149 714.38
152 0 663799 693.017
153 0 665052 769.745
154 0 663646 669.845
155 0 664296 572.726
156 0 6.93697e-310 5
157 0 6.93697e-310 5
158 0 6.93697e-310 5
159 0 6.93697e-310 5
