0 0 6.92232e-310 5
1 0 6.22088e-316 5
2 0 -209952 2573.51
3 0 -187696 4494.62
4 0 -205171 2543.42
5 0 -181716 4159.12
6 0 -211080 2640.9
7 0 -177215 4755.34
8 0 -213116 2567.2
9 0 -182358 4942.68
10 0 -212887 3476.08
11 0 -189375 4557.89
12 0 -215606 2714.53
13 0 -198424 5981.08
14 0 -223142 2389.66
15 0 -196320 4053.7
16 0 -171611 2598.88
17 0 -153290 5094.94
18 0 -178700 2681.16
19 0 -149216 4359.25
20 0 -181106 2448.46
21 0 -147791 4923.06
22 0 6.92232e-310 5
23 0 6.92232e-310 5
24 0 -222882 2491.79
25 0 -151844 4385.26
26 0 -180189 2431.79
27 0 -142211 4551.73
28 0 -121624 85.0118
29 0 -118091 2602.33
30 0 -131328 6175.04
31 0 6.92232e-310 5
32 0 -203445 3698.82
33 0 -138800 6151.51
34 0 -206901 3779.72
35 0 -140355 4686.32
36 0 -171703 2559.31
37 0 -144012 5413.3
38 0 -168780 2437.37
39 0 -138337 4137.9
40 0 -211773 3627.65
41 0 -141676 4929.4
42 0 -172321 2719.83
43 0 -143745 4453.48
44 0 -104321 330.45
45 0 6.92232e-310 5
46 0 -217424 12555.5
47 0 6.92232e-310 5
48 0 -152329 2573.65
49 0 -134452 3608.85
50 0 -155923 2508.64
51 0 -137295 3782.77
52 0 -155339 2371.91
53 0 -128376 3750.78
54 0 -155067 2542.09
55 0 -171484 5679.13
56 0 -150224 2469.62
57 0 -128543 3895.12
58 0 -151843 2527.24
59 0 -124662 4144.99
60 0 -225873 19695.4
61 0 -225500 0.14915
62 0 6.92232e-310 5
63 0 6.92232e-310 5
64 0 6.92232e-310 5
65 0 6.92232e-310 5
66 0 586271 2274.15
67 0 578028 2256.01
68 0 586851 2228.27
69 0 586470 2318.41
70 0 578094 2456.72
71 0 586656 2485.82
72 0 570799 2793.16
73 0 578558 2666.36
74 0 578559 2843.16
75 0 570904 2675.01
76 0 611715 1371.56
77 0 577520 2677.11
78 0 570429 2566.89
79 0 578505 2725.55
80 0 6.92232e-310 5
81 0 6.92232e-310 5
82 0 603284 2489.09
83 0 603345 2591.67
84 0 602849 2498.93
85 0 602731 2230.5
86 0 602860 2545.66
87 0 603361 2846.06
88 0 595279 2541.52
89 0 595716 2523.29
90 0 596584 2507.9
91 0 594933 2557.55
92 0 596138 2635.65
93 0 595807 2607.69
94 0 597733 2675.55
95 0 595137 2638.76
96 0 6.92232e-310 5
97 0 6.92232e-310 5
98 0 623152 2575.83
99 0 623371 2950.23
100 0 623223 2209.51
101 0 622133 2006.94
102 0 620760 2305.9
103 0 620819 1489.76
104 0 613485 2593.43
105 0 612298 2450.93
106 0 612931 2557.17
107 0 613023 2401.8
108 0 614893 2655.26
109 0 615259 2677.74
110 0 614800 2705.24
111 0 614632 2528.05
112 0 6.92232e-310 5
113 0 6.92232e-310 5
114 0 642758 3068.58
115 0 640834 2833.48
116 0 643038 2886.6
117 0 642434 3022.96
118 0 641284 2082.78
119 0 641628 2591.76
120 0 623102 1961.19
121 0 630706 1876.98
122 0 632157 2014.67
123 0 623028 2026.98
124 0 630990 2653.86
125 0 631395 2032.09
126 0 631590 2801.04
127 0 631171 2624.7
128 0 6.92232e-310 5
129 0 6.92232e-310 5
130 0 649292 2552.58
131 0 657906 2644.68
132 0 658343 2608.16
133 0 656607 2424.92
134 0 658296 2473.23
135 0 657717 2483.75
136 0 649321 2257.69
137 0 649166 2405.63
138 0 659694 670.089
139 0 660988 745.738
140 0 661314 592.381
141 0 661823 743.784
142 0 661086 742.606
143 0 661413 676.716
144 0 6.92232e-310 5
145 0 6.92232e-310 5
146 0 673508 532.189
147 0 673332 795.42
148 0 672129 601.788
149 0 663559 504.445
150 0 673592 1903.56
151 0 664855 729.505
152 0 664451 543.252
153 0 665695 657.946
154 0 664371 499.489
155 0 664731 690.357
156 0 6.92232e-310 5
157 0 6.92232e-310 5
158 0 6.92232e-310 5
159 0 6.92232e-310 5
