0 0 6.91993e-310 5
1 0 4.83032e-316 5
2 0 -212946 2587.23
3 0 -190972 5038.03
4 0 -208458 2474.36
5 0 -184879 4324.94
6 0 -214107 2710.55
7 0 -180624 4425.64
8 0 -216049 2690.49
9 0 -185066 4255.2
10 0 -215801 2667.01
11 0 -192317 3727.92
12 0 -218604 2408.12
13 0 -201592 4073.55
14 0 -226378 2432.8
15 0 -199369 4019.17
16 0 -174641 2534.69
17 0 -156507 4474.73
18 0 -181574 2569.25
19 0 -152290 5275.09
20 0 -184134 2581.38
21 0 -150461 4369.32
22 0 6.91993e-310 5
23 0 6.91993e-310 5
24 0 -183130 2682.77
25 0 -154687 4123.57
26 0 -183340 2767.73
27 0 -145508 4710.44
28 0 6.91993e-310 5
29 0 6.91993e-310 5
30 0 6.91993e-310 5
31 0 6.91993e-310 5
32 0 -161907 2867.06
33 0 -142625 4423.75
34 0 -165154 2860.45
35 0 -142324 4786.96
36 0 -174815 2558.43
37 0 -146917 4379.15
38 0 -171575 2504.25
39 0 -141536 4575.44
40 0 -168100 2712.61
41 0 -144728 4106.08
42 0 -175354 2508.11
43 0 -146517 4370.94
44 0 6.91993e-310 5
45 0 6.91993e-310 5
46 0 6.91993e-310 5
47 0 6.91993e-310 5
48 0 -156034 2871.09
49 0 -137917 3983.27
50 0 -159251 2452.22
51 0 -140273 4001.23
52 0 -158466 2339.2
53 0 -131331 3855.74
54 0 -157857 2618.29
55 0 -127992 5417.47
56 0 -153301 2464.47
57 0 -131301 4304.03
58 0 -154588 2598.23
59 0 -127563 4692.34
60 0 6.91993e-310 5
61 0 6.91993e-310 5
62 0 6.91993e-310 5
63 0 6.91993e-310 5
64 0 6.91993e-310 5
65 0 6.91993e-310 5
66 0 585614 2657.6
67 0 585449 2593.18
68 0 586184 2499.05
69 0 585823 2629.62
70 0 585347 2619.65
71 0 577796 2503.97
72 0 578171 2991.51
73 0 577772 2961.58
74 0 577607 3143.71
75 0 578181 3059.88
76 0 577658 3130.51
77 0 576674 2868.21
78 0 577330 2973.52
79 0 577550 3059.41
80 0 6.91993e-310 5
81 0 6.91993e-310 5
82 0 602294 2696.1
83 0 602367 2780.64
84 0 601997 2675.99
85 0 602101 2460.03
86 0 601884 3095.85
87 0 602517 3159.67
88 0 586448 2535.71
89 0 594673 2924.54
90 0 595739 2778.1
91 0 586154 2942.77
92 0 595318 2719.81
93 0 595251 2623.34
94 0 596612 2499.54
95 0 593995 2385.92
96 0 6.91993e-310 5
97 0 6.91993e-310 5
98 0 621916 2251.07
99 0 621757 2380.04
100 0 623002 2796.33
101 0 621313 1998.23
102 0 620090 2239.01
103 0 620501 1540.74
104 0 604646 2794.48
105 0 611553 2667.96
106 0 612072 2815.44
107 0 604140 2662.3
108 0 614133 2801.1
109 0 614440 2894.02
110 0 614013 2730.44
111 0 614069 2696.89
112 0 6.91993e-310 5
113 0 6.91993e-310 5
114 0 641230 2907.88
115 0 639473 2707.83
116 0 641449 2500.76
117 0 640891 2685.87
118 0 640934 2514.12
119 0 640477 2404.83
120 0 630455 2309.39
121 0 630374 2357.61
122 0 631932 2521.55
123 0 630716 2459.96
124 0 630042 2556.65
125 0 631040 2479.73
126 0 631002 3219.06
127 0 630651 3122.71
128 0 6.91993e-310 5
129 0 6.91993e-310 5
130 0 656428 3172.34
131 0 657304 3008.8
132 0 657454 3386.42
133 0 655904 2744.81
134 0 657623 2814.93
135 0 656879 2845.76
136 0 648721 2636.07
137 0 648579 2831.29
138 0 650641 695.536
139 0 660488 1033.97
140 0 660546 896.195
141 0 661341 1045.62
142 0 660333 968.076
143 0 660587 976.01
144 0 6.91993e-310 5
145 0 6.91993e-310 5
146 0 672776 794.584
147 0 672572 1037.92
148 0 671242 657.206
149 0 670744 664.057
150 0 670527 695.639
151 0 671996 844.721
152 0 663736 747.559
153 0 665002 848.708
154 0 663620 695.187
155 0 664121 884.265
156 0 6.91993e-310 5
157 0 6.91993e-310 5
158 0 6.91993e-310 5
159 0 6.91993e-310 5
