0 0 6.90497e-310 5
1 0 4.47056e-316 5
2 0 -195667 2637.12
3 0 -163308 1107.98
4 0 -240911 2511.49
5 0 -110565 4326.34
6 0 -165755 3132.59
7 0 -364508 31478.2
8 0 -198920 2984.03
9 0 -312430 4799.47
10 0 -191196 7485.86
11 0 -173864 5399.71
12 0 -221121 15018.5
13 0 -220912 25782.5
14 0 -188683 5706.45
15 0 -295462 4071.18
16 0 -317784 31259
17 0 -169246 4044.86
18 0 -198426 32078.2
19 0 -77364.6 30706.8
20 0 -232014 28742.9
21 0 -162115 3936.19
22 0 6.90497e-310 5
23 0 6.90497e-310 5
24 0 -269972 4453.12
25 0 -162590 7172.39
26 0 -87991.9 26219.7
27 0 -300179 767.831
28 0 6.90497e-310 5
29 0 6.90497e-310 5
30 0 6.90497e-310 5
31 0 6.90497e-310 5
32 0 -171393 4783.83
33 0 -126841 6644.18
34 0 -139870 28722.4
35 0 -209313 4647.83
36 0 -305000 6002.58
37 0 -158778 9860.31
38 0 -321500 2222.91
39 0 -275954 3738.38
40 0 -237140 2490.33
41 0 -232942 935.98
42 0 -186912 5005.78
43 0 -154188 4088.14
44 0 6.90497e-310 5
45 0 6.90497e-310 5
46 0 6.90497e-310 5
47 0 6.90497e-310 5
48 0 -139061 3908.72
49 0 -219445 4845.9
50 0 -235259 9625
51 0 -128398 3101.92
52 0 -144407 4846.5
53 0 -137737 3391.02
54 0 -135208 30184.1
55 0 -143801 2504.98
56 0 -134920 3251.88
57 0 -337823 16824
58 0 -158500 0.24735
59 0 -72045.4 27126.4
60 0 6.90497e-310 5
61 0 6.90497e-310 5
62 0 6.90497e-310 5
63 0 6.90497e-310 5
64 0 6.90497e-310 5
65 0 6.90497e-310 5
66 0 570678 2645.11
67 0 562420 2739.39
68 0 570669 2645.59
69 0 570435 2808.82
70 0 569796 2480.27
71 0 570127 2534.33
72 0 563067 2501.19
73 0 562490 2588.91
74 0 563096 2423.81
75 0 563291 2485
76 0 563532 2495.88
77 0 562144 2426.07
78 0 563663 2592.94
79 0 563483 2458.7
80 0 6.90497e-310 5
81 0 6.90497e-310 5
82 0 580628 2442.19
83 0 588522 2477.75
84 0 579776 2148.79
85 0 587626 2263.15
86 0 587983 2229.84
87 0 580767 2263.41
88 0 580257 2161.58
89 0 580835 2260.36
90 0 581185 2171.26
91 0 579902 2265.52
92 0 580280 2420.07
93 0 580635 2310.52
94 0 581251 2531.25
95 0 579212 2420.59
96 0 6.90497e-310 5
97 0 6.90497e-310 5
98 0 606488 2612.76
99 0 606253 2570.26
100 0 608061 2691.7
101 0 606459 2270.2
102 0 602138 2487.24
103 0 601558 2559.16
104 0 597481 3488.21
105 0 586950 2855.88
106 0 597254 3971.42
107 0 597273 4488.96
108 0 600412 3512.18
109 0 600600 3714.08
110 0 599706 3133.27
111 0 600075 3373.32
112 0 6.90497e-310 5
113 0 6.90497e-310 5
114 0 626928 3084.95
115 0 625441 2926.96
116 0 626775 3048.95
117 0 626251 3069.73
118 0 626122 2798.92
119 0 625911 2917.86
120 0 608146 2588.91
121 0 615835 2688.92
122 0 616734 2705.01
123 0 607792 2675.3
124 0 614927 2551.56
125 0 615865 2633.09
126 0 616294 2797.67
127 0 615554 2730.04
128 0 6.90497e-310 5
129 0 6.90497e-310 5
130 0 642021 3080.71
131 0 642543 2931.81
132 0 642897 3596.28
133 0 641199 3092.87
134 0 642440 4089.06
135 0 642276 3731.1
136 0 630311 5632.7
137 0 632637 3334.38
138 0 644437 1428.03
139 0 645880 1493.16
140 0 646245 1516.08
141 0 646720 1621.87
142 0 645892 1384.66
143 0 646238 1380.91
144 0 6.90497e-310 5
145 0 6.90497e-310 5
146 0 674231 1258.68
147 0 674016 1340.72
148 0 673039 1352.72
149 0 672521 1310.69
150 0 672197 1283.57
151 0 674011 1474.3
152 0 657206 1333.67
153 0 666461 1411.09
154 0 665237 1390.74
155 0 657185 1406.39
156 0 6.90497e-310 5
157 0 6.90497e-310 5
158 0 6.90497e-310 5
159 0 6.90497e-310 5
