0 0 6.91779e-310 5
1 0 5.55562e-316 5
2 0 -208904 2351.13
3 0 -230133 5203.6
4 0 -248002 3151.66
5 0 -223817 4193.74
6 0 -209980 2600.64
7 0 -176263 4540.2
8 0 -255517 2985.39
9 0 -224293 4776.45
10 0 -212105 2774.56
11 0 -188560 4113.34
12 0 -214387 2316.79
13 0 -240554 5083.98
14 0 -222368 2687.45
15 0 -195175 3896.75
16 0 -212887 2332.3
17 0 -194855 4587.87
18 0 -177430 2779.37
19 0 -191301 6968.24
20 0 -224100 3501.7
21 0 -189902 4576.59
22 0 6.91779e-310 5
23 0 6.91779e-310 5
24 0 -221401 2892.12
25 0 -149945 4188.45
26 0 -222135 2838
27 0 -184170 4632.67
28 0 6.91779e-310 5
29 0 6.91779e-310 5
30 0 6.91779e-310 5
31 0 6.91779e-310 5
32 0 -201056 3980.16
33 0 -181622 4495.59
34 0 -161292 2845.03
35 0 -181342 4183.64
36 0 -213137 2341.79
37 0 -185768 4963.61
38 0 -211870 2685.27
39 0 -180785 6582.26
40 0 -208901 2582.36
41 0 -184888 4945.92
42 0 -214636 3284.88
43 0 -185647 4751.94
44 0 6.91779e-310 5
45 0 6.91779e-310 5
46 0 6.91779e-310 5
47 0 6.91779e-310 5
48 0 -151849 2818.84
49 0 -176851 3838.61
50 0 -198873 2910.6
51 0 -136120 4217.62
52 0 -198064 2795.06
53 0 -170428 4348.42
54 0 -153765 2372.96
55 0 -123466 5775.47
56 0 -192821 2843.54
57 0 -170960 3996.35
58 0 -194942 2820.73
59 0 -123223 4683.58
60 0 6.91779e-310 5
61 0 6.91779e-310 5
62 0 6.91779e-310 5
63 0 6.91779e-310 5
64 0 6.91779e-310 5
65 0 6.91779e-310 5
66 0 577577 2622.2
67 0 585193 2383.49
68 0 586357 2568.71
69 0 585804 2658.68
70 0 586799 3291.36
71 0 586449 2917.23
72 0 579511 3432.73
73 0 579641 3883.13
74 0 570618 2963.72
75 0 579123 3051
76 0 570707 2847.33
77 0 577544 2777.88
78 0 578612 2824.87
79 0 570584 2890.88
80 0 6.91779e-310 5
81 0 6.91779e-310 5
82 0 603203 2573.53
83 0 603449 2777.2
84 0 602583 2759.88
85 0 602420 2581.21
86 0 602918 2744.79
87 0 603554 2819.87
88 0 595281 2642.92
89 0 587781 2679.44
90 0 596569 2919.65
91 0 595064 2692.77
92 0 596277 2965.08
93 0 596071 2898.34
94 0 598421 3503.91
95 0 595940 3220.27
96 0 6.91779e-310 5
97 0 6.91779e-310 5
98 0 623103 3105.58
99 0 623438 3380.01
100 0 622749 2456.82
101 0 621996 2495.14
102 0 620339 2522.33
103 0 620426 2109.19
104 0 605562 2838.81
105 0 612477 2756.87
106 0 612866 2760.51
107 0 605154 2761.65
108 0 614742 2915.35
109 0 615014 2881.01
110 0 614949 3156.57
111 0 614797 2923.63
112 0 6.91779e-310 5
113 0 6.91779e-310 5
114 0 643059 3682.45
115 0 641125 3195.73
116 0 642787 3163.96
117 0 642599 3441.44
118 0 641008 2532.15
119 0 641402 2966.89
120 0 630711 2283.47
121 0 630003 2089.89
122 0 632103 2676.02
123 0 630652 2374.24
124 0 632048 3436.99
125 0 631887 2824.69
126 0 632005 3171.62
127 0 631914 3239.84
128 0 6.91779e-310 5
129 0 6.91779e-310 5
130 0 657250 2558.94
131 0 657841 2839.97
132 0 650268 2786.29
133 0 656733 2612.04
134 0 658457 2668.56
135 0 649852 2666.19
136 0 649000 2404.78
137 0 641195 2507.55
138 0 660032 1462.78
139 0 661231 1449.17
140 0 661530 1432.32
141 0 662211 1485.44
142 0 661213 1414.34
143 0 661469 1416.12
144 0 6.91779e-310 5
145 0 6.91779e-310 5
146 0 673802 1450.69
147 0 673382 1407.17
148 0 664415 1428.49
149 0 672144 1459.21
150 0 671859 1504.68
151 0 665403 1546.64
152 0 665000 1469.72
153 0 666227 1479.23
154 0 664914 1508.74
155 0 665205 1482.67
156 0 6.91779e-310 5
157 0 6.91779e-310 5
158 0 6.91779e-310 5
159 0 6.91779e-310 5
