0 0 6.93099e-310 5
1 0 4.69281e-316 5
2 0 -208661 2799.32
3 0 -186177 4954.48
4 0 -203947 2366.15
5 0 -180096 3839.83
6 0 -209317 2692.56
7 0 -219672 4528.17
8 0 -255595 2909.2
9 0 -224901 4444.81
10 0 -256440 2727.7
11 0 -231723 4519.32
12 0 -257363 3499.63
13 0 -239919 6146.91
14 0 -221798 2571.95
15 0 -238879 4785.65
16 0 -212102 2282.34
17 0 -151555 3896.08
18 0 -177167 2775.59
19 0 -191553 5518.13
20 0 -223384 3838.65
21 0 -190068 5451.21
22 0 6.93099e-310 5
23 0 6.93099e-310 5
24 0 -178060 2571.81
25 0 -192891 5003.52
26 0 -221672 3655.63
27 0 -183317 4308.1
28 0 6.93099e-310 5
29 0 6.93099e-310 5
30 0 6.93099e-310 5
31 0 6.93099e-310 5
32 0 -200265 3625.77
33 0 -180495 4311.98
34 0 -160782 2709.95
35 0 -181460 5122.86
36 0 -170159 2530.6
37 0 -184943 5164.83
38 0 -211162 3301.96
39 0 -136551 3838.59
40 0 -163661 2844.91
41 0 -140405 4679.02
42 0 -171001 2663.72
43 0 -185194 4185.78
44 0 6.93099e-310 5
45 0 6.93099e-310 5
46 0 6.93099e-310 5
47 0 6.93099e-310 5
48 0 -151219 2798.16
49 0 -176204 3406.89
50 0 -197929 2530.21
51 0 -135421 3639.71
52 0 -198232 2770.24
53 0 -126535 3418.43
54 0 -196962 3144.71
55 0 -167145 6009.32
56 0 -192776 2798.63
57 0 -127156 3891.89
58 0 -150070 2690.27
59 0 -166392 5232.01
60 0 6.93099e-310 5
61 0 6.93099e-310 5
62 0 6.93099e-310 5
63 0 6.93099e-310 5
64 0 6.93099e-310 5
65 0 6.93099e-310 5
66 0 570095 2529.83
67 0 569767 2485.9
68 0 571239 2800.99
69 0 570568 2820.57
70 0 571619 3696.67
71 0 571454 3270.3
72 0 563662 3438.07
73 0 563770 3622.98
74 0 554904 2848.15
75 0 563311 2975.98
76 0 555118 3086.46
77 0 561919 2767.46
78 0 562935 2803.58
79 0 554950 2811.76
80 0 6.93099e-310 5
81 0 6.93099e-310 5
82 0 579652 2600.91
83 0 587772 2814.68
84 0 586958 2973.11
85 0 586844 2807.18
86 0 587267 2870.89
87 0 587905 2836.93
88 0 579835 2792.2
89 0 580295 2894.25
90 0 580919 2920.83
91 0 579547 2880.48
92 0 580652 3145.88
93 0 580499 3002.48
94 0 583073 3734.47
95 0 580225 3181.43
96 0 6.93099e-310 5
97 0 6.93099e-310 5
98 0 607702 3018.41
99 0 608213 3746.4
100 0 607284 2545.68
101 0 606728 2699.64
102 0 604781 2477.39
103 0 604506 2418.35
104 0 589988 2749.39
105 0 596733 2747.75
106 0 597205 2694.34
107 0 589593 2853.99
108 0 599440 3082.08
109 0 599661 3052.81
110 0 599825 3417.92
111 0 599388 3037.41
112 0 6.93099e-310 5
113 0 6.93099e-310 5
114 0 627709 3369.45
115 0 625959 3354.03
116 0 626833 2871.7
117 0 618900 3154.09
118 0 625291 2360.05
119 0 625521 2637.85
120 0 615107 2202.17
121 0 614537 2103.37
122 0 616293 2417.29
123 0 615123 2297.1
124 0 616208 3071.45
125 0 616386 2818.62
126 0 616536 3154
127 0 616988 3516.79
128 0 6.93099e-310 5
129 0 6.93099e-310 5
130 0 641808 2753.84
131 0 634550 3042.26
132 0 642676 2800.89
133 0 641103 2636.88
134 0 642799 2630.71
135 0 642369 2811.47
136 0 633335 2626.03
137 0 633652 2669.98
138 0 644431 1349.51
139 0 645905 1508.85
140 0 646054 1458.1
141 0 646643 1388.88
142 0 645885 1464.43
143 0 646024 1467.57
144 0 6.93099e-310 5
145 0 6.93099e-310 5
146 0 674276 1397.7
147 0 673889 1422.41
148 0 672968 1432.1
149 0 672582 1436.73
150 0 672386 1385.02
151 0 674033 1535.06
152 0 665598 1471.18
153 0 666669 1462.77
154 0 657463 1485.6
155 0 665922 1559.68
156 0 6.93099e-310 5
157 0 6.93099e-310 5
158 0 6.93099e-310 5
159 0 6.93099e-310 5
