0 0 6.94789e-310 5
1 0 4.37545e-316 5
2 0 -209861 2450.17
3 0 -187400 5316.4
4 0 -205266 2604.32
5 0 -226398 4751.22
6 0 -210637 2819.38
7 0 -176954 4071.2
8 0 -212555 2681.37
9 0 -226673 4591.33
10 0 -258520 3370.27
11 0 -234198 5216.2
12 0 -259476 3784.52
13 0 -242720 5062.96
14 0 -223232 2677.51
15 0 -240848 4441.94
16 0 -171623 2484.69
17 0 -196655 5232.33
18 0 -178412 2641.09
19 0 -148953 5767.73
20 0 -226307 4447.08
21 0 -192451 4995.88
22 0 6.94789e-310 5
23 0 6.94789e-310 5
24 0 -222720 2404.69
25 0 -195483 4616.24
26 0 -180048 3009.53
27 0 -186476 5187.17
28 0 6.94789e-310 5
29 0 6.94789e-310 5
30 0 6.94789e-310 5
31 0 6.94789e-310 5
32 0 -158380 3043.96
33 0 -139383 4171.99
34 0 -206359 4071.01
35 0 -183196 4126.3
36 0 -214291 2116.82
37 0 -187216 4748.65
38 0 -215067 2490.22
39 0 -183768 5059.11
40 0 -210824 2635.71
41 0 -141719 4334.55
42 0 -216201 4616.76
43 0 -142697 4435.3
44 0 6.94789e-310 5
45 0 6.94789e-310 5
46 0 6.94789e-310 5
47 0 6.94789e-310 5
48 0 -152692 2597.51
49 0 -133895 3597.23
50 0 -155946 2522.75
51 0 -181055 4430.83
52 0 -199756 3635.85
53 0 -127670 3835.73
54 0 -154681 2674.44
55 0 -124302 4423.1
56 0 -150088 2434.68
57 0 -128294 3951.56
58 0 -151161 2506.73
59 0 -169678 4931.38
60 0 6.94789e-310 5
61 0 6.94789e-310 5
62 0 6.94789e-310 5
63 0 6.94789e-310 5
64 0 6.94789e-310 5
65 0 6.94789e-310 5
66 0 585677 2670.5
67 0 585283 2487.45
68 0 586753 2936.4
69 0 585974 2728.53
70 0 586647 3345.46
71 0 586613 2934.25
72 0 578820 3172.68
73 0 578897 3535.56
74 0 570495 3071.5
75 0 578753 3028.13
76 0 570586 2940.14
77 0 577383 2915.02
78 0 578413 2898.18
79 0 570474 3016.81
80 0 6.94789e-310 5
81 0 6.94789e-310 5
82 0 595259 2737.24
83 0 603189 2772.57
84 0 602517 2892.65
85 0 602490 2635.6
86 0 602795 2860.93
87 0 603465 2838.26
88 0 595254 2748.59
89 0 595715 2777.49
90 0 596405 2996.8
91 0 594927 2793.12
92 0 596006 3022.2
93 0 595854 2988.49
94 0 598431 3650.62
95 0 595522 3102.14
96 0 6.94789e-310 5
97 0 6.94789e-310 5
98 0 623225 3218.53
99 0 623504 3574.78
100 0 622849 2622.16
101 0 622036 2548.03
102 0 620177 2471.42
103 0 620170 2433.82
104 0 605480 3008.24
105 0 612141 2669.95
106 0 612752 2836.41
107 0 605068 2917.34
108 0 614775 2972.62
109 0 614919 2978.27
110 0 615106 3341.39
111 0 614759 3096.37
112 0 6.94789e-310 5
113 0 6.94789e-310 5
114 0 643138 3542.13
115 0 641340 3440.14
116 0 642591 3163.17
117 0 634669 3585.75
118 0 640813 2496.62
119 0 641035 2811.37
120 0 630753 2324.1
121 0 630032 2128.88
122 0 631917 2517.84
123 0 630686 2377.93
124 0 631752 3267.36
125 0 631583 2622.6
126 0 631699 2961.41
127 0 631545 3055.27
128 0 6.94789e-310 5
129 0 6.94789e-310 5
130 0 657368 2890.69
131 0 649753 2795.79
132 0 658250 2912.81
133 0 656727 2720.04
134 0 658378 2790.37
135 0 657787 2805.01
136 0 648858 2602.47
137 0 649051 2683.41
138 0 659896 1405.02
139 0 661237 1470.41
140 0 661443 1403.88
141 0 662107 1456.5
142 0 661201 1449.62
143 0 661401 1428.4
144 0 6.94789e-310 5
145 0 6.94789e-310 5
146 0 673738 1459.83
147 0 673373 1427.49
148 0 672412 1429.95
149 0 672141 1531.13
150 0 671796 1534.03
151 0 673369 1554.09
152 0 664957 1486.88
153 0 666220 1498.56
154 0 656846 1515.4
155 0 665156 1493.83
156 0 6.94789e-310 5
157 0 6.94789e-310 5
158 0 6.94789e-310 5
159 0 6.94789e-310 5
