0 0 6.90488e-310 5
1 0 5.04188e-316 5
2 0 -250150 3936.4
3 0 -228668 5810.67
4 0 -203191 2487
5 0 -222159 4260.29
6 0 -209027 2334.86
7 0 -217476 5111.5
8 0 -210895 2655.28
9 0 -222664 4249.24
10 0 -254300 2953.95
11 0 -230220 3783.26
12 0 -213624 2646.64
13 0 -238172 4825.01
14 0 -221419 2498.67
15 0 -237025 4347.14
16 0 -169814 2395.94
17 0 -151321 4452.26
18 0 -176461 2528.22
19 0 -190152 5244.4
20 0 -222252 3356.19
21 0 -187965 4606.76
22 0 6.90488e-310 5
23 0 6.90488e-310 5
24 0 -177982 2505.3
25 0 -191715 4603.96
26 0 -178579 2764.3
27 0 -181992 4763.76
28 0 6.90488e-310 5
29 0 6.90488e-310 5
30 0 6.90488e-310 5
31 0 6.90488e-310 5
32 0 -198290 3842.22
33 0 -179154 4028.34
34 0 -202343 3028.66
35 0 -179234 4497.76
36 0 -211551 3118.75
37 0 -183869 5492.2
38 0 -166513 2648.16
39 0 -178867 4854.67
40 0 -206184 2911.44
41 0 -182563 4277.07
42 0 -212051 3564.22
43 0 -183585 4536.5
44 0 6.90488e-310 5
45 0 6.90488e-310 5
46 0 6.90488e-310 5
47 0 6.90488e-310 5
48 0 -192771 3557.44
49 0 -174608 3636.35
50 0 -154161 2395.8
51 0 -177449 4200.69
52 0 -153517 2667.79
53 0 -125803 3738.68
54 0 -152834 2593.43
55 0 -166206 5961.44
56 0 -148161 2477.86
57 0 -168831 4245.12
58 0 -191808 3273.38
59 0 -165048 4725.95
60 0 6.90488e-310 5
61 0 6.90488e-310 5
62 0 6.90488e-310 5
63 0 6.90488e-310 5
64 0 6.90488e-310 5
65 0 6.90488e-310 5
66 0 586062 2550.86
67 0 585721 2461.06
68 0 587321 2925.18
69 0 586385 2606.25
70 0 587662 3715.52
71 0 587593 3396.79
72 0 579786 3541.28
73 0 579810 3726.3
74 0 578869 2882.93
75 0 579317 3104.45
76 0 578896 2910.81
77 0 577864 2787.82
78 0 578772 2778.46
79 0 578870 2869.66
80 0 6.90488e-310 5
81 0 6.90488e-310 5
82 0 603514 2609.86
83 0 595686 2726.57
84 0 602908 2958.09
85 0 602860 2590.28
86 0 603192 2826.18
87 0 603810 2884.49
88 0 595678 2749.04
89 0 596073 2768.81
90 0 596823 2909.06
91 0 595357 2816.98
92 0 596611 3219.64
93 0 596432 3060.86
94 0 598924 3655.57
95 0 596104 3127.99
96 0 6.90488e-310 5
97 0 6.90488e-310 5
98 0 623691 3044.85
99 0 624048 3560.75
100 0 623123 2455.43
101 0 622737 2791.6
102 0 620656 2510.66
103 0 620603 2270.76
104 0 605822 2786.96
105 0 612745 2815.26
106 0 613144 2700.54
107 0 605442 2889.04
108 0 615057 2951.85
109 0 615271 2901.17
110 0 615387 3287.37
111 0 615164 3017.91
112 0 6.90488e-310 5
113 0 6.90488e-310 5
114 0 643454 3280.85
115 0 641769 3410.72
116 0 643103 3206.13
117 0 643070 3646.6
118 0 641346 2385.78
119 0 641563 2663.92
120 0 631139 2182.96
121 0 630525 2108.82
122 0 632411 2496.74
123 0 631099 2289.57
124 0 632803 3544.71
125 0 632766 3024.09
126 0 624513 3324.11
127 0 632932 3594.8
128 0 6.90488e-310 5
129 0 6.90488e-310 5
130 0 657768 2843.06
131 0 658421 3151.1
132 0 658514 2799.18
133 0 649080 2643.79
134 0 658741 2638.29
135 0 658222 2865.18
136 0 649291 2500.69
137 0 649624 2662.78
138 0 660463 1347.26
139 0 661918 1510.44
140 0 662115 1485.18
141 0 662628 1408.06
142 0 653905 1485.29
143 0 662052 1466.73
144 0 6.90488e-310 5
145 0 6.90488e-310 5
146 0 674272 1409.31
147 0 673901 1440.72
148 0 672920 1416.39
149 0 672550 1408.64
150 0 672309 1385.84
151 0 673996 1543.69
152 0 665526 1437.32
153 0 666639 1455.94
154 0 665396 1463.94
155 0 665839 1547.18
156 0 6.90488e-310 5
157 0 6.90488e-310 5
158 0 6.90488e-310 5
159 0 6.90488e-310 5
