0 0 6.90513e-310 5
1 0 4.51158e-316 5
2 0 -211662 2684.35
3 0 -188949 4380.26
4 0 -206914 2551.51
5 0 -183176 4129.68
6 0 -212605 2590.07
7 0 -179032 4596.24
8 0 -214267 2506.37
9 0 -183737 4671.36
10 0 -214445 2798.25
11 0 -190835 3983.67
12 0 -217083 2527.92
13 0 -200138 4507.18
14 0 -224843 2759.92
15 0 -197910 3909.95
16 0 -172921 2452.43
17 0 -154929 4955.1
18 0 -180104 2626.93
19 0 -150687 5300.86
20 0 -182520 2604.84
21 0 -148922 4430.77
22 0 6.90513e-310 5
23 0 6.90513e-310 5
24 0 -181428 2596.48
25 0 -153237 4171.91
26 0 -181782 2992.9
27 0 -143696 4748.91
28 0 6.90513e-310 5
29 0 6.90513e-310 5
30 0 6.90513e-310 5
31 0 6.90513e-310 5
32 0 -160250 2892.52
33 0 -141155 4299.52
34 0 -163344 2697.61
35 0 -140941 4610.16
36 0 -173304 2596.7
37 0 -145524 5074.55
38 0 -170078 2472.44
39 0 -140002 4628.84
40 0 -166611 2610.23
41 0 -143287 4256
42 0 -173955 2562.92
43 0 -145015 4659.66
44 0 6.90513e-310 5
45 0 6.90513e-310 5
46 0 6.90513e-310 5
47 0 6.90513e-310 5
48 0 -154245 2580.33
49 0 -136207 4120.55
50 0 -157599 2459.68
51 0 -138669 3772.26
52 0 -156843 2409.79
53 0 -129659 3784.04
54 0 -156210 2503.6
55 0 -126635 5992.79
56 0 -151670 2535.15
57 0 -129730 4002.32
58 0 -152906 2499.47
59 0 -125949 4719.96
60 0 6.90513e-310 5
61 0 6.90513e-310 5
62 0 6.90513e-310 5
63 0 6.90513e-310 5
64 0 6.90513e-310 5
65 0 6.90513e-310 5
66 0 585399 2336.42
67 0 585203 2266.32
68 0 586059 2268.9
69 0 585660 2362.41
70 0 585086 2499.13
71 0 577730 2435.01
72 0 577722 3022.71
73 0 577541 2867.57
74 0 577513 2938.36
75 0 577894 2918.51
76 0 577536 2912.69
77 0 576493 2782.84
78 0 577353 2631.15
79 0 577441 2793.29
80 0 6.90513e-310 5
81 0 6.90513e-310 5
82 0 602102 2477.56
83 0 602319 2691.56
84 0 601969 2326.81
85 0 601911 2289.96
86 0 601846 2874.9
87 0 602393 2957.19
88 0 586089 2734.88
89 0 594695 2535.37
90 0 595565 2595.23
91 0 586228 2639.83
92 0 595292 2896.32
93 0 594784 2786.96
94 0 596813 2907.57
95 0 593960 2705.15
96 0 6.90513e-310 5
97 0 6.90513e-310 5
98 0 622186 2540.53
99 0 622195 2946.52
100 0 622487 2342.28
101 0 621261 1962.36
102 0 620042 2109.35
103 0 620152 1351.57
104 0 604601 2552.96
105 0 611426 2434.12
106 0 611780 2464.64
107 0 603933 2462.6
108 0 613936 2829.78
109 0 614325 2801.48
110 0 613618 2637.1
111 0 613662 2765.81
112 0 6.90513e-310 5
113 0 6.90513e-310 5
114 0 641577 3108.01
115 0 639499 2694.44
116 0 642132 3043.46
117 0 641187 3138.5
118 0 640540 2064.53
119 0 640563 2438.16
120 0 630339 2054.61
121 0 630054 1953.95
122 0 631480 2229.94
123 0 630257 2109.97
124 0 629779 2613.34
125 0 630768 2280.89
126 0 630533 3030.69
127 0 630236 2675.91
128 0 6.90513e-310 5
129 0 6.90513e-310 5
130 0 656413 2686.32
131 0 657047 2741.53
132 0 657448 2753.19
133 0 655560 2431.76
134 0 657268 2546.37
135 0 656787 2557.25
136 0 648559 2413.13
137 0 648350 2564.12
138 0 650844 749.47
139 0 660277 790.739
140 0 660492 625.587
141 0 661101 843.48
142 0 660328 739.95
143 0 660566 696.237
144 0 6.90513e-310 5
145 0 6.90513e-310 5
146 0 672662 643.143
147 0 672523 779.508
148 0 671359 521.076
149 0 670635 587.395
150 0 670358 584.988
151 0 672029 698.267
152 0 663710 659.927
153 0 664914 701.437
154 0 663513 627.769
155 0 664156 527.154
156 0 6.90513e-310 5
157 0 6.90513e-310 5
158 0 6.90513e-310 5
159 0 6.90513e-310 5
