0 0 6.95206e-310 5
1 0 5.71634e-316 5
2 0 -223055 6991.48
3 0 -200484 7015.79
4 0 -218970 6101.86
5 0 -194937 7733.16
6 0 -224343 7815.54
7 0 -191114 8193.07
8 0 -225774 6522.3
9 0 -196121 6677.25
10 0 -212760 4758.07
11 0 -204276 7087.2
12 0 -214947 4369.81
13 0 -212986 8010.49
14 0 -237027 5636.25
15 0 -209566 7736.01
16 0 -186323 5968.11
17 0 -166768 10117.7
18 0 -192929 5750.87
19 0 -161885 7900.19
20 0 -196091 6720.37
21 0 -159764 9954.54
22 0 6.95206e-310 5
23 0 6.95206e-310 5
24 0 -195330 5901.19
25 0 -167338 6043.02
26 0 -195870 5474.17
27 0 -157182 7025.79
28 0 6.95206e-310 5
29 0 6.95206e-310 5
30 0 6.95206e-310 5
31 0 6.95206e-310 5
32 0 -158039 4424.59
33 0 -154307 7127.32
34 0 -161333 4209.5
35 0 -153269 7200.26
36 0 -187244 6160.91
37 0 -159282 8245.16
38 0 -183881 5936.32
39 0 -153915 6276.14
40 0 -164448 4531.46
41 0 -156944 6514.78
42 0 -188550 5704.06
43 0 -159317 7162.15
44 0 6.95206e-310 5
45 0 6.95206e-310 5
46 0 6.95206e-310 5
47 0 6.95206e-310 5
48 0 -169125 5128.96
49 0 -149213 7384.86
50 0 -172690 5876.4
51 0 -153169 6142.55
52 0 -170426 6049.35
53 0 -144189 6552.4
54 0 -171174 5377.35
55 0 -141506 6833.47
56 0 -166654 6002.64
57 0 -144639 6610.07
58 0 -168974 5353.57
59 0 -140522 7053.41
60 0 6.95206e-310 5
61 0 6.95206e-310 5
62 0 6.95206e-310 5
63 0 6.95206e-310 5
64 0 6.95206e-310 5
65 0 6.95206e-310 5
66 0 569460 2257.01
67 0 561427 2254.1
68 0 570021 2229.98
69 0 569635 2316.61
70 0 561192 2246.94
71 0 569672 2339.92
72 0 554219 2605.07
73 0 561722 2554.28
74 0 561956 2636.51
75 0 554316 2778.26
76 0 562189 2934.76
77 0 561040 2546.73
78 0 554007 2607.66
79 0 562043 2856.24
80 0 6.95206e-310 5
81 0 6.95206e-310 5
82 0 586875 2598.37
83 0 586871 2560.95
84 0 586486 2468.88
85 0 586392 2327.57
86 0 586331 2618.73
87 0 587233 2698.42
88 0 578768 2378.34
89 0 579221 2405.54
90 0 579987 2641.37
91 0 578598 2452.14
92 0 579763 2655.25
93 0 579760 2555.04
94 0 580877 2608.64
95 0 578868 2494.56
96 0 6.95206e-310 5
97 0 6.95206e-310 5
98 0 606020 2184.87
99 0 605973 2448.38
100 0 606803 2182.23
101 0 605336 1774.82
102 0 603923 2274.23
103 0 604211 1965.11
104 0 597083 2523.16
105 0 595925 2416.61
106 0 596147 2415.26
107 0 596504 2523.55
108 0 598736 2777.7
109 0 598609 2577.07
110 0 598290 2898.54
111 0 598591 2936.2
112 0 6.95206e-310 5
113 0 6.95206e-310 5
114 0 625984 3187.34
115 0 624294 2884.22
116 0 625967 2752.44
117 0 625198 2966.42
118 0 624487 2159.51
119 0 624813 2564.81
120 0 606530 2046.2
121 0 613961 1962.93
122 0 615509 2251.15
123 0 606357 2177.97
124 0 614001 2456.57
125 0 614849 2367.35
126 0 614868 2644.61
127 0 614498 2983.88
128 0 6.95206e-310 5
129 0 6.95206e-310 5
130 0 632709 2481.63
131 0 641136 2878.07
132 0 641769 2518.53
133 0 639918 2228.03
134 0 641858 2435.47
135 0 641393 2513.11
136 0 632997 2768.7
137 0 632644 2508.68
138 0 643247 574.006
139 0 644466 553.303
140 0 644618 607.802
141 0 645386 615.183
142 0 644616 618.424
143 0 644823 676.172
144 0 6.95206e-310 5
145 0 6.95206e-310 5
146 0 672776 575.562
147 0 672842 699.676
148 0 671554 480.712
149 0 663068 612.614
150 0 670537 559.652
151 0 664399 549.577
152 0 664103 583.28
153 0 665242 569.8
154 0 663768 560.821
155 0 664349 950.943
156 0 6.95206e-310 5
157 0 6.95206e-310 5
158 0 6.95206e-310 5
159 0 6.95206e-310 5
