0 0 6.91927e-310 5
1 0 4.78784e-316 5
2 0 -314500 0.203723
3 0 -269500 0.176328
4 0 -202229 8282.88
5 0 -201500 0.148645
6 0 -111500 0.247276
7 0 -112844 996.134
8 0 -258500 0.189115
9 0 -349090 16244.8
10 0 -162500 0.25
11 0 -172500 0.25
12 0 -267500 0.174959
13 0 -193500 0.250921
14 0 -147500 0.224846
15 0 -220190 16243.7
16 0 -107500 0.2473
17 0 -168304 28699.9
18 0 -295500 0.167958
19 0 -216500 2222.91
20 0 -271500 0.177859
21 0 -109500 0.247062
22 0 6.91927e-310 5
23 0 6.91927e-310 5
24 0 -304500 0.186664
25 0 -294500 0.169803
26 0 -226500 0.149154
27 0 -268500 0.178987
28 0 6.91927e-310 5
29 0 6.91927e-310 5
30 0 6.91927e-310 5
31 0 6.91927e-310 5
32 0 -273500 0.176589
33 0 -101500 0.247939
34 0 -198500 0.128454
35 0 -310500 0.194098
36 0 -224500 0.14915
37 0 -163500 0.25
38 0 -271500 0.177859
39 0 -317500 0.208726
40 0 -288500 0.174076
41 0 -176500 0.25
42 0 -289500 0.174331
43 0 -115500 0.247276
44 0 6.91927e-310 5
45 0 6.91927e-310 5
46 0 6.91927e-310 5
47 0 6.91927e-310 5
48 0 -232500 0.149488
49 0 -189500 0.250004
50 0 -317500 0.208726
51 0 -244500 0.174919
52 0 -168500 0.25
53 0 -284500 0.17711
54 0 -223500 0.14915
55 0 -265500 0.173616
56 0 -236500 0.156187
57 0 -173500 0.25
58 0 -261565 20439
59 0 -307500 0.188815
60 0 6.91927e-310 5
61 0 6.91927e-310 5
62 0 6.91927e-310 5
63 0 6.91927e-310 5
64 0 6.91927e-310 5
65 0 6.91927e-310 5
66 0 587403 2876.19
67 0 587493 2773.85
68 0 588044 2749.74
69 0 579584 2666.92
70 0 587120 2765.88
71 0 587695 2814.44
72 0 580235 2750.64
73 0 579488 2768.72
74 0 579814 3749.68
75 0 580190 2919.85
76 0 580181 3003.71
77 0 578970 3089.15
78 0 579824 2765.82
79 0 580457 3140.19
80 0 6.91927e-310 5
81 0 6.91927e-310 5
82 0 604506 3168.89
83 0 604980 3034.07
84 0 605196 3920.81
85 0 604241 3118.44
86 0 604710 2749.4
87 0 604880 3278.08
88 0 588464 2692.81
89 0 597069 2755.36
90 0 598015 2775.84
91 0 588327 2832.67
92 0 597222 2651.4
93 0 597464 2800.58
94 0 598739 2959.44
95 0 596636 2832.07
96 0 6.91927e-310 5
97 0 6.91927e-310 5
98 0 624151 2657.84
99 0 623853 2864.24
100 0 624306 2481.7
101 0 623210 2285.46
102 0 621966 2858.32
103 0 622859 2296.67
104 0 615063 2891.39
105 0 614101 2697.99
106 0 606460 3100.03
107 0 614048 3173.15
108 0 616838 3314.12
109 0 616277 2851.12
110 0 615808 3167.75
111 0 616191 3110.05
112 0 6.91927e-310 5
113 0 6.91927e-310 5
114 0 643762 3823.62
115 0 634047 3370.96
116 0 643796 3260.12
117 0 642568 3263.93
118 0 642249 2846.24
119 0 642453 2948.79
120 0 632137 2212.86
121 0 631626 2435.62
122 0 633720 2386.85
123 0 632522 2675.52
124 0 631845 2663.97
125 0 624893 2736.74
126 0 632764 2642.65
127 0 632203 2945.79
128 0 6.91927e-310 5
129 0 6.91927e-310 5
130 0 658868 2966.67
131 0 659207 3224.01
132 0 659973 3065.15
133 0 657904 2760.5
134 0 660299 3091.83
135 0 659243 3185.43
136 0 651262 2745.28
137 0 651282 2927.89
138 0 661122 1414.8
139 0 662451 1346.79
140 0 662577 1382.8
141 0 663277 1523.76
142 0 662562 1484.46
143 0 662736 1495.47
144 0 6.91927e-310 5
145 0 6.91927e-310 5
146 0 674842 1420.72
147 0 674796 1492.49
148 0 673524 1361.83
149 0 665017 1354.34
150 0 672754 1615.18
151 0 674558 1575.86
152 0 666138 1512.48
153 0 667267 1557.78
154 0 665984 1478.08
155 0 666548 1431.98
156 0 6.91927e-310 5
157 0 6.91927e-310 5
158 0 6.91927e-310 5
159 0 6.91927e-310 5
