0 0 6.94513e-310 5
1 0 3.96264e-316 5
2 0 -208585 2534.84
3 0 -230249 6097.38
4 0 -204179 2954.35
5 0 -224651 4561.34
6 0 -252658 2678.51
7 0 -219746 4660.67
8 0 -211919 2553.76
9 0 -224797 5109.57
10 0 -256943 2722.96
11 0 -188083 3883.77
12 0 -214240 2487.72
13 0 -197222 4014.18
14 0 -221995 2767.01
15 0 -194993 3953.78
16 0 -213366 2900.46
17 0 -195803 5091.22
18 0 -222014 2870.74
19 0 -191448 7740.56
20 0 -180110 2708.43
21 0 -190149 4305.91
22 0 6.94513e-310 5
23 0 6.94513e-310 5
24 0 -223801 2930.99
25 0 -193242 6012.12
26 0 -178767 2773.6
27 0 -184071 4980.9
28 0 6.94513e-310 5
29 0 6.94513e-310 5
30 0 6.94513e-310 5
31 0 6.94513e-310 5
32 0 -200409 2703.67
33 0 -181695 4559.45
34 0 -204179 3306.34
35 0 -181247 4416.63
36 0 -170047 2332.38
37 0 -186637 4657.05
38 0 -167638 2708.79
39 0 -136997 4004.88
40 0 -209201 2521.89
41 0 -140538 4735.91
42 0 -170846 2641.16
43 0 -185431 5640.75
44 0 6.94513e-310 5
45 0 6.94513e-310 5
46 0 6.94513e-310 5
47 0 6.94513e-310 5
48 0 -151640 2498.37
49 0 -133753 3517.37
50 0 -154963 2476.26
51 0 -135781 3906.99
52 0 -154015 2329.42
53 0 -126915 3370.13
54 0 -153744 2811.17
55 0 -123080 6129.99
56 0 -149060 2590.67
57 0 -127059 3523.4
58 0 -195183 2722.5
59 0 -167110 4344.29
60 0 6.94513e-310 5
61 0 6.94513e-310 5
62 0 6.94513e-310 5
63 0 6.94513e-310 5
64 0 6.94513e-310 5
65 0 6.94513e-310 5
66 0 570054 2575.45
67 0 569684 2494.39
68 0 571199 2788.86
69 0 570464 2879.36
70 0 571116 3246.37
71 0 571380 3332.85
72 0 563503 3202.06
73 0 563518 3524.78
74 0 554854 2920.79
75 0 563366 3232.27
76 0 555035 2897.97
77 0 561859 2817.67
78 0 562927 2894.19
79 0 554923 2887.81
80 0 6.94513e-310 5
81 0 6.94513e-310 5
82 0 579616 2688.48
83 0 587695 2706.23
84 0 586959 2950.35
85 0 586689 2738.07
86 0 587220 2798.7
87 0 587866 2880.7
88 0 579734 2712.88
89 0 580136 2813.97
90 0 580891 2875.67
91 0 579482 2827.06
92 0 580650 3238.94
93 0 580514 3035.93
94 0 582762 3461.81
95 0 580210 3219.27
96 0 6.94513e-310 5
97 0 6.94513e-310 5
98 0 607541 2970.06
99 0 607735 3215.65
100 0 607244 2536.96
101 0 606654 2746.33
102 0 604667 2468.63
103 0 604456 2316.57
104 0 589973 2842.13
105 0 596696 2851.13
106 0 597326 2868.42
107 0 589579 2811.97
108 0 599294 3004.42
109 0 599506 3053.39
110 0 599794 3479.19
111 0 599535 3264.53
112 0 6.94513e-310 5
113 0 6.94513e-310 5
114 0 627627 3369.72
115 0 625946 3438.37
116 0 626782 2939.68
117 0 618869 3255.63
118 0 625205 2394.76
119 0 625422 2645.67
120 0 615086 2234.83
121 0 614384 2062.9
122 0 616210 2422.56
123 0 615040 2311.14
124 0 616133 3080.25
125 0 616403 2912.54
126 0 616427 3111.76
127 0 616862 3542.11
128 0 6.94513e-310 5
129 0 6.94513e-310 5
130 0 641812 2849.75
131 0 634427 2886.79
132 0 642595 2754.35
133 0 641070 2588.28
134 0 642820 2686.59
135 0 642300 2787.98
136 0 633250 2604.28
137 0 633586 2655.03
138 0 644364 1337.53
139 0 645814 1471.57
140 0 645964 1456.38
141 0 646560 1378.61
142 0 645794 1457.03
143 0 645942 1448.15
144 0 6.94513e-310 5
145 0 6.94513e-310 5
146 0 674195 1439.52
147 0 673829 1417.45
148 0 672884 1437.12
149 0 672539 1417.52
150 0 672322 1435.7
151 0 673986 1537.11
152 0 665499 1451.66
153 0 666567 1452.09
154 0 657361 1476.28
155 0 665829 1561.05
156 0 6.94513e-310 5
157 0 6.94513e-310 5
158 0 6.94513e-310 5
159 0 6.94513e-310 5
