0 0 6.94568e-310 5
1 0 4.68594e-316 5
2 0 -224935 7041.69
3 0 -202457 7409.93
4 0 -219913 6507.45
5 0 -197032 8932.71
6 0 -226076 6834.26
7 0 -192255 8415.52
8 0 -227565 7126.98
9 0 -196265 9085.93
10 0 -229374 5978.54
11 0 -205711 7113.42
12 0 -232017 6146.95
13 0 -214926 7424.21
14 0 -237781 7307.76
15 0 -210573 8467.93
16 0 -188154 7531.63
17 0 -170446 6958.86
18 0 -178909 3968.09
19 0 -161698 10249.7
20 0 -197645 6147.58
21 0 -163064 7733.71
22 0 6.94568e-310 5
23 0 6.94568e-310 5
24 0 -179768 4064.2
25 0 -167973 6567.29
26 0 -196587 6080.53
27 0 -158810 7743
28 0 6.94568e-310 5
29 0 6.94568e-310 5
30 0 6.94568e-310 5
31 0 6.94568e-310 5
32 0 -176100 5899.96
33 0 -155449 6784.97
34 0 -178902 6252.97
35 0 -156637 8396.08
36 0 -220027 3223.9
37 0 -160386 6592.32
38 0 -168860 4507.57
39 0 -154880 7304.17
40 0 -165755 4198.17
41 0 -158083 7458.63
42 0 -191285 5115.61
43 0 -159827 8237.77
44 0 6.94568e-310 5
45 0 6.94568e-310 5
46 0 6.94568e-310 5
47 0 6.94568e-310 5
48 0 -153437 4098.14
49 0 -151387 6049.79
50 0 -174802 5352.74
51 0 -155016 6558.1
52 0 -173328 6155.44
53 0 -145571 6497.44
54 0 -172387 6554.47
55 0 -142741 8396.29
56 0 -168064 6276.57
57 0 -146338 7087.04
58 0 -169234 5108.72
59 0 -141460 6793.9
60 0 6.94568e-310 5
61 0 6.94568e-310 5
62 0 6.94568e-310 5
63 0 6.94568e-310 5
64 0 6.94568e-310 5
65 0 6.94568e-310 5
66 0 569978 2371.64
67 0 570007 2375.48
68 0 570621 2362.92
69 0 570213 2526.8
70 0 569727 2384.98
71 0 562151 2331.88
72 0 562552 2755.83
73 0 562247 2721.49
74 0 562274 2883.71
75 0 562614 2825.51
76 0 562471 2939.54
77 0 561410 2702.92
78 0 562283 2901.13
79 0 562454 2905.78
80 0 6.94568e-310 5
81 0 6.94568e-310 5
82 0 587466 2904.18
83 0 587415 2860.19
84 0 586957 2402.18
85 0 587024 2551.66
86 0 586599 2843.16
87 0 587486 2934.15
88 0 571120 2283.2
89 0 579422 2679.44
90 0 580522 2780.59
91 0 570778 2653.4
92 0 580038 2557.75
93 0 579950 2485.72
94 0 581123 2402.76
95 0 578898 2364.81
96 0 6.94568e-310 5
97 0 6.94568e-310 5
98 0 606564 2249.55
99 0 606216 2248.41
100 0 607352 2362.1
101 0 605866 1845.37
102 0 605120 2312.6
103 0 605278 1919.81
104 0 589602 2718.29
105 0 596532 2680.5
106 0 596742 2675.87
107 0 589048 2659.7
108 0 598866 2819.97
109 0 598987 2820.74
110 0 598642 3046.08
111 0 598810 2726.58
112 0 6.94568e-310 5
113 0 6.94568e-310 5
114 0 625597 2948.75
115 0 624262 2909.78
116 0 626345 3062.23
117 0 625460 3362.65
118 0 625235 2321.08
119 0 625159 2523.56
120 0 615343 2349.96
121 0 614879 2339.61
122 0 616331 2439.13
123 0 615231 2439.71
124 0 614394 2680.32
125 0 615412 2543.69
126 0 615420 2975.73
127 0 614716 2850.58
128 0 6.94568e-310 5
129 0 6.94568e-310 5
130 0 640973 2887.51
131 0 641481 2834.75
132 0 641909 3106.1
133 0 640533 2538.32
134 0 642557 2843.59
135 0 641717 2748.37
136 0 633875 3150.71
137 0 633741 2871.56
138 0 635700 723.986
139 0 644966 792.513
140 0 645116 796.222
141 0 645825 798.505
142 0 644954 763.055
143 0 645318 883.18
144 0 6.94568e-310 5
145 0 6.94568e-310 5
146 0 673318 696.386
147 0 673167 849.665
148 0 671775 544.588
149 0 671454 542.964
150 0 671205 603.456
151 0 672676 688.451
152 0 664440 590.277
153 0 665597 661.674
154 0 664355 537.982
155 0 664645 686.522
156 0 6.94568e-310 5
157 0 6.94568e-310 5
158 0 6.94568e-310 5
159 0 6.94568e-310 5
