0 0 6.944e-310 5
1 0 3.94467e-316 5
2 0 -212005 2541.52
3 0 -189521 4713.69
4 0 -207312 2538.93
5 0 -183721 4244.52
6 0 -212990 2644.67
7 0 -179425 4393.22
8 0 -214964 2663.02
9 0 -184255 4655.85
10 0 -214961 2825.6
11 0 -191215 3948.62
12 0 -217463 2432.08
13 0 -200659 4100.29
14 0 -225142 2528.37
15 0 -198451 3930.04
16 0 -173455 2444.74
17 0 -155360 4593.97
18 0 -180494 2618.82
19 0 -151134 4943.97
20 0 -183080 2593.18
21 0 -149612 4600.76
22 0 6.944e-310 5
23 0 6.944e-310 5
24 0 -182049 2681.99
25 0 -153640 4080.69
26 0 -182215 2794.69
27 0 -144231 4631.96
28 0 6.944e-310 5
29 0 6.944e-310 5
30 0 6.944e-310 5
31 0 6.944e-310 5
32 0 -160623 2778.45
33 0 -141546 4347.28
34 0 -164074 2885.3
35 0 -141368 5482.73
36 0 -173814 2666.61
37 0 -145554 4278.53
38 0 -170483 2467.6
39 0 -140373 4580.61
40 0 -167014 2616.99
41 0 -143875 4627.39
42 0 -174348 2575.74
43 0 -145345 4563.63
44 0 6.944e-310 5
45 0 6.944e-310 5
46 0 6.944e-310 5
47 0 6.944e-310 5
48 0 -154958 2811.24
49 0 -136568 3962.04
50 0 -158115 2506.33
51 0 -139105 3753.51
52 0 -157310 2374.55
53 0 -130170 3568.92
54 0 -156837 2532.49
55 0 -126955 5230.68
56 0 -152159 2473.61
57 0 -130489 4082.51
58 0 -153260 2442.53
59 0 -126696 4593.84
60 0 6.944e-310 5
61 0 6.944e-310 5
62 0 6.944e-310 5
63 0 6.944e-310 5
64 0 6.944e-310 5
65 0 6.944e-310 5
66 0 586149 2500.25
67 0 578055 2504.33
68 0 586781 2459.95
69 0 586421 2622.83
70 0 577774 2473.92
71 0 586382 2554.1
72 0 570645 2795.42
73 0 578342 2874.8
74 0 578310 2922.38
75 0 570684 2932.62
76 0 578337 3139.85
77 0 577147 2890.14
78 0 570091 2697.56
79 0 578249 2779.18
80 0 6.944e-310 5
81 0 6.944e-310 5
82 0 602869 2855.03
83 0 602846 2578.61
84 0 602819 2315.15
85 0 602791 2383.67
86 0 602550 2814.14
87 0 603430 2809.91
88 0 594910 2588.95
89 0 595427 2577.55
90 0 596278 2765.37
91 0 594782 2538.71
92 0 595916 2435.48
93 0 595776 2441.25
94 0 597009 2503.67
95 0 594700 2369.18
96 0 6.944e-310 5
97 0 6.944e-310 5
98 0 622640 2395.16
99 0 622262 2400.36
100 0 623454 2633.9
101 0 621880 1970.55
102 0 620494 2090.86
103 0 620865 1676.13
104 0 613351 2579.31
105 0 612142 2530.49
106 0 612413 2589.38
107 0 612991 2758.92
108 0 615035 2618.87
109 0 614943 2829.1
110 0 614234 2783.42
111 0 614767 2653.86
112 0 6.944e-310 5
113 0 6.944e-310 5
114 0 641819 3001.68
115 0 639906 2648.38
116 0 642075 2537.47
117 0 641383 2904.88
118 0 641316 2331.25
119 0 641015 2404.67
120 0 623228 2267.9
121 0 630658 2209.43
122 0 632350 2362.24
123 0 623213 2432.85
124 0 630658 2591.85
125 0 631617 2427.55
126 0 631995 2699.6
127 0 631041 2935.19
128 0 6.944e-310 5
129 0 6.944e-310 5
130 0 649385 2738.42
131 0 657653 3054.04
132 0 658126 2791.68
133 0 656524 2654
134 0 658481 2849.43
135 0 657848 2766.61
136 0 649618 2830.12
137 0 649370 2842.99
138 0 659627 766.193
139 0 660880 857.726
140 0 660740 728.635
141 0 661668 808.8
142 0 660795 760.324
143 0 660755 738.591
144 0 6.944e-310 5
145 0 6.944e-310 5
146 0 673237 875.405
147 0 673042 870.47
148 0 671688 563.233
149 0 663318 629.45
150 0 670947 760.684
151 0 664585 681.565
152 0 664446 633.318
153 0 665634 729.326
154 0 664344 625.431
155 0 664613 711.813
156 0 6.944e-310 5
157 0 6.944e-310 5
158 0 6.944e-310 5
159 0 6.944e-310 5
