0 0 6.95068e-310 5
1 0 3.91596e-316 5
2 0 -253104 3488.67
3 0 -113056 3228.94
4 0 -249093 3910.46
5 0 -225772 4524.3
6 0 -209150 3041.62
7 0 -217975 22679.6
8 0 -165204 25270.7
9 0 -225488 5262.41
10 0 -212364 2450.16
11 0 -231249 5880.93
12 0 -258746 3917.27
13 0 -198238 4563.71
14 0 -264930 7432.57
15 0 -318683 6336.71
16 0 -211822 965.494
17 0 -142089 12029.3
18 0 -220579 2659.42
19 0 -191728 4452.79
20 0 -222602 4365.35
21 0 -145714 3606.19
22 0 6.95068e-310 5
23 0 6.95068e-310 5
24 0 -222312 5321.81
25 0 -195237 3923.07
26 0 -178350 2741.76
27 0 -142444 3762.24
28 0 6.95068e-310 5
29 0 6.95068e-310 5
30 0 6.95068e-310 5
31 0 6.95068e-310 5
32 0 -151565 8780.8
33 0 -182237 3325.53
34 0 -219390 28297.5
35 0 -181544 6406.79
36 0 -168922 3288.03
37 0 -190433 7097.74
38 0 -212337 4506.3
39 0 -136625 4549.74
40 0 -210282 2994.19
41 0 -141864 3957.9
42 0 -171612 2765.87
43 0 -142257 4608.71
44 0 6.95068e-310 5
45 0 6.95068e-310 5
46 0 6.95068e-310 5
47 0 6.95068e-310 5
48 0 -194833 2166.98
49 0 -181928 14419.7
50 0 -155003 2500.07
51 0 -138077 2711.74
52 0 -198768 2728.49
53 0 -127393 2213.63
54 0 -196035 5524.01
55 0 -124873 5896.05
56 0 -194789 3555.77
57 0 -171431 3707.03
58 0 -149842 2951.99
59 0 -167912 3608.56
60 0 6.95068e-310 5
61 0 6.95068e-310 5
62 0 6.95068e-310 5
63 0 6.95068e-310 5
64 0 6.95068e-310 5
65 0 6.95068e-310 5
66 0 569775 2496.56
67 0 569472 2471.44
68 0 570254 2541.7
69 0 569810 2634.84
70 0 570429 3147.94
71 0 570221 2795.57
72 0 563190 3153.77
73 0 562767 3101.65
74 0 562433 2855.51
75 0 562921 2960.96
76 0 562646 2855.68
77 0 561507 2738.43
78 0 562520 2799.77
79 0 562575 2882.97
80 0 6.95068e-310 5
81 0 6.95068e-310 5
82 0 587362 2738.08
83 0 587257 2662.41
84 0 586601 2793.76
85 0 586545 2534.94
86 0 586915 2678.27
87 0 587505 2757.88
88 0 579327 2648.51
89 0 579770 2708.18
90 0 580466 2826.4
91 0 579048 2641.39
92 0 580152 2872.91
93 0 579974 2710.52
94 0 582109 3269.93
95 0 579513 2822.93
96 0 6.95068e-310 5
97 0 6.95068e-310 5
98 0 606891 2952.97
99 0 607083 3194.21
100 0 606874 2383.05
101 0 605889 2304.19
102 0 604319 2611.95
103 0 604350 2220.11
104 0 597496 2768.94
105 0 596365 2780.04
106 0 596751 2779.7
107 0 597029 2754.83
108 0 598777 2865.49
109 0 599028 2926.82
110 0 598906 3165.93
111 0 598759 2959.68
112 0 6.95068e-310 5
113 0 6.95068e-310 5
114 0 626900 3433.26
115 0 625187 3349.29
116 0 626697 3210.6
117 0 626523 3539.41
118 0 625002 2556.5
119 0 625253 2868.61
120 0 614686 2295.82
121 0 614037 2156.6
122 0 615970 2642.82
123 0 614621 2406.38
124 0 615957 3480.37
125 0 615659 2752.31
126 0 615865 3057.53
127 0 615678 3138.58
128 0 6.95068e-310 5
129 0 6.95068e-310 5
130 0 641186 2652.59
131 0 641810 2826.29
132 0 642228 2826.4
133 0 640681 2643.08
134 0 642382 2769.53
135 0 641765 2733.28
136 0 633164 2562.35
137 0 633098 2576.65
138 0 643917 1442.91
139 0 645068 1415.25
140 0 645378 1416.96
141 0 646102 1500.43
142 0 645098 1394.23
143 0 645342 1410.98
144 0 6.95068e-310 5
145 0 6.95068e-310 5
146 0 673548 1347.61
147 0 673245 1379.32
148 0 672347 1362.96
149 0 671943 1392.33
150 0 671760 1473.09
151 0 673241 1487.81
152 0 664951 1463.2
153 0 666115 1480.59
154 0 664826 1492.5
155 0 665117 1492.7
156 0 6.95068e-310 5
157 0 6.95068e-310 5
158 0 6.95068e-310 5
159 0 6.95068e-310 5
