0 0 6.95187e-310 5
1 0 3.6527e-316 5
2 0 -213021 2708.78
3 0 -190579 4400.98
4 0 -208329 2499.12
5 0 -184714 3923.51
6 0 -214045 2592.33
7 0 -180388 4703.23
8 0 -215885 2741.49
9 0 -185216 4381.2
10 0 -215787 2894.6
11 0 -192332 3876.98
12 0 -218382 2443.19
13 0 -201497 4334.85
14 0 -226217 2657.11
15 0 -199343 3962.19
16 0 -174428 2527.73
17 0 -156426 4605.49
18 0 -181634 2620.09
19 0 -152128 4985.04
20 0 -184104 2783.5
21 0 -150238 4649.23
22 0 6.95187e-310 5
23 0 6.95187e-310 5
24 0 -182918 2740.15
25 0 -154618 4062.48
26 0 -183218 2932.98
27 0 -145356 4773.66
28 0 6.95187e-310 5
29 0 6.95187e-310 5
30 0 6.95187e-310 5
31 0 6.95187e-310 5
32 0 -161552 2853.13
33 0 -142521 4214.79
34 0 -165040 2751.82
35 0 -142116 4728.22
36 0 -174488 2558.71
37 0 -147035 4918.13
38 0 -171510 2534.2
39 0 -141240 4991.42
40 0 -167979 2741.01
41 0 -144575 4477.2
42 0 -175306 2675.83
43 0 -146268 4382.44
44 0 6.95187e-310 5
45 0 6.95187e-310 5
46 0 6.95187e-310 5
47 0 6.95187e-310 5
48 0 -155822 2786.65
49 0 -137825 4077.37
50 0 -159089 2448.59
51 0 -140107 3779.92
52 0 -158353 2505.9
53 0 -131077 3754.82
54 0 -157822 2580.79
55 0 -127676 4816.55
56 0 -153128 2465.6
57 0 -130968 4195.63
58 0 -154292 2434.83
59 0 -127215 4743.83
60 0 6.95187e-310 5
61 0 6.95187e-310 5
62 0 6.95187e-310 5
63 0 6.95187e-310 5
64 0 6.95187e-310 5
65 0 6.95187e-310 5
66 0 569892 2628.79
67 0 569735 2540.37
68 0 570577 2618.06
69 0 570106 2637.24
70 0 569592 2606.07
71 0 562089 2498.61
72 0 562398 3059.01
73 0 562077 3054.37
74 0 562050 3068.22
75 0 562464 3076.08
76 0 562027 3092.87
77 0 560859 2883.05
78 0 561700 2866.88
79 0 561804 3008.78
80 0 6.95187e-310 5
81 0 6.95187e-310 5
82 0 586382 2623.27
83 0 586580 2811.3
84 0 586303 2661.4
85 0 586342 2489.37
86 0 586216 2994
87 0 586928 3185.89
88 0 570543 2731.11
89 0 579148 2834.36
90 0 580040 2665.3
91 0 570493 2845.1
92 0 579617 2771.57
93 0 579419 2833.91
94 0 580842 2478.73
95 0 578319 2603.92
96 0 6.95187e-310 5
97 0 6.95187e-310 5
98 0 606180 2242.65
99 0 605992 2396.94
100 0 607266 2832.45
101 0 605697 2090.42
102 0 604283 2157.7
103 0 604713 1620.66
104 0 589040 2827.66
105 0 595909 2705.06
106 0 596238 2669.28
107 0 588358 2690.1
108 0 598426 2936.31
109 0 598747 2894.89
110 0 598142 2723.9
111 0 598093 2863.57
112 0 6.95187e-310 5
113 0 6.95187e-310 5
114 0 625712 2729.2
115 0 623975 2661.52
116 0 625896 2596.97
117 0 625104 2708.01
118 0 625296 2446.98
119 0 624934 2530.93
120 0 614903 2451.36
121 0 614640 2318.17
122 0 616117 2545.71
123 0 614872 2502.49
124 0 614241 2630.83
125 0 615356 2420.26
126 0 615392 3252.82
127 0 615008 2981.27
128 0 6.95187e-310 5
129 0 6.95187e-310 5
130 0 641038 3051.57
131 0 641877 3021.8
132 0 642187 3068.09
133 0 639974 2724.59
134 0 641781 2921.52
135 0 641318 2913.2
136 0 633061 2756.29
137 0 632716 2918.74
138 0 635270 962.446
139 0 644734 1063.23
140 0 644598 713.668
141 0 645521 1039.32
142 0 644599 984.337
143 0 644619 781.91
144 0 6.95187e-310 5
145 0 6.95187e-310 5
146 0 672962 821.152
147 0 672824 1044
148 0 671525 608.147
149 0 670972 767.21
150 0 670635 719.142
151 0 672346 899.067
152 0 664039 843.937
153 0 665332 930.219
154 0 663770 759.017
155 0 664507 837.982
156 0 6.95187e-310 5
157 0 6.95187e-310 5
158 0 6.95187e-310 5
159 0 6.95187e-310 5
