0 0 6.94015e-310 5
1 0 3.9693e-316 5
2 0 -210455 2509.14
3 0 -188097 4410.4
4 0 -205816 2620.59
5 0 -182060 3980.16
6 0 -211671 2679.36
7 0 -177821 4291.65
8 0 -213345 2534.61
9 0 -182948 4868.77
10 0 -213291 2706.16
11 0 -189821 4115.3
12 0 -215925 2440.95
13 0 -198954 4086.19
14 0 -223942 2577.04
15 0 -196779 3788.35
16 0 -172133 2550.57
17 0 -153850 4577.83
18 0 -179243 2694.63
19 0 -149591 4781.38
20 0 -181670 2770.43
21 0 -148089 4407.64
22 0 6.94015e-310 5
23 0 6.94015e-310 5
24 0 -180445 2615.63
25 0 -152253 4162.76
26 0 -180509 2625.27
27 0 -142918 4812.92
28 0 6.94015e-310 5
29 0 6.94015e-310 5
30 0 6.94015e-310 5
31 0 6.94015e-310 5
32 0 -159127 2749.39
33 0 -139901 4179.05
34 0 -162501 2577.02
35 0 -184051 4787.19
36 0 -172200 2563.86
37 0 -144491 4675.58
38 0 -169103 2505.82
39 0 -138896 4937.6
40 0 -165591 2571.52
41 0 -142260 4327.59
42 0 -173015 2666.5
43 0 -144042 4585.76
44 0 6.94015e-310 5
45 0 6.94015e-310 5
46 0 6.94015e-310 5
47 0 6.94015e-310 5
48 0 -153150 2580.23
49 0 -135130 4129.77
50 0 -156636 2526.27
51 0 -137462 3904.91
52 0 -155776 2383.18
53 0 -128548 3812.66
54 0 -155360 2556.88
55 0 -125873 6044.87
56 0 -150718 2492.82
57 0 -128827 3858.03
58 0 -152004 2546.35
59 0 -125165 4902.29
60 0 6.94015e-310 5
61 0 6.94015e-310 5
62 0 6.94015e-310 5
63 0 6.94015e-310 5
64 0 6.94015e-310 5
65 0 6.94015e-310 5
66 0 585486 2233.03
67 0 585264 2108.59
68 0 586125 2173.05
69 0 585724 2280.87
70 0 585439 2523.61
71 0 577957 2445.81
72 0 578113 2850.08
73 0 577744 2926.67
74 0 577661 2775.12
75 0 578031 2986.27
76 0 577755 2728.24
77 0 576648 2556.37
78 0 577565 2635.99
79 0 577692 2678.79
80 0 6.94015e-310 5
81 0 6.94015e-310 5
82 0 602323 2391.37
83 0 602455 2548.72
84 0 602379 2286.41
85 0 602123 2221.08
86 0 601968 2859.04
87 0 602807 2880.41
88 0 586377 2657.77
89 0 594844 2434.24
90 0 595582 2818.38
91 0 586275 2519.21
92 0 595616 2623.5
93 0 595354 2615.49
94 0 597181 3122.69
95 0 594471 2560.14
96 0 6.94015e-310 5
97 0 6.94015e-310 5
98 0 622510 2616.1
99 0 622631 3089.36
100 0 622419 2160.12
101 0 621469 1967.95
102 0 620057 2125.26
103 0 620170 1386.46
104 0 604876 2433.69
105 0 611652 2354.3
106 0 611968 2442.27
107 0 604247 2526.7
108 0 614455 2652.68
109 0 614320 2522.35
110 0 613653 2702.82
111 0 614087 2790.37
112 0 6.94015e-310 5
113 0 6.94015e-310 5
114 0 641823 3256.06
115 0 639678 2736.61
116 0 642261 2754.88
117 0 641329 3050.9
118 0 640575 2032.97
119 0 641094 2585.18
120 0 630408 1874.59
121 0 630051 1855.62
122 0 631369 1985.48
123 0 630254 1965.56
124 0 630304 2835.2
125 0 631066 2446.69
126 0 630937 2766.38
127 0 630292 2663.45
128 0 6.94015e-310 5
129 0 6.94015e-310 5
130 0 656596 2580.71
131 0 656927 2637.67
132 0 657492 2605.3
133 0 655757 2289.83
134 0 657549 2375.66
135 0 657050 2429.29
136 0 648704 2377.94
137 0 648486 2408.17
138 0 651190 566.359
139 0 660417 573.252
140 0 660530 620.653
141 0 661346 621.52
142 0 660508 602.019
143 0 660639 678.482
144 0 6.94015e-310 5
145 0 6.94015e-310 5
146 0 672739 647.333
147 0 672651 661.108
148 0 671466 488.586
149 0 670869 558.867
150 0 670480 571.743
151 0 672289 550.539
152 0 664098 569.051
153 0 665244 552.468
154 0 663799 587.61
155 0 664254 480.706
156 0 6.94015e-310 5
157 0 6.94015e-310 5
158 0 6.94015e-310 5
159 0 6.94015e-310 5
