0 0 6.92657e-310 5
1 0 3.90985e-316 5
2 0 -195905 2786.74
3 0 -95558.3 31026.2
4 0 -223131 33297.9
5 0 -154602 22287.9
6 0 -85509.4 22998.5
7 0 -163143 6718.3
8 0 -241091 3096.85
9 0 -208407 3103.66
10 0 -248000 1201.14
11 0 -173016 31908.3
12 0 -128500 17319.6
13 0 -137601 4129.31
14 0 -202101 28722.8
15 0 -189413 9701.26
16 0 -183871 2999.6
17 0 -142295 3842.8
18 0 -189161 5594.9
19 0 -182246 4439.75
20 0 -167135 3344
21 0 -219448 3288.36
22 0 6.92657e-310 5
23 0 6.92657e-310 5
24 0 -268688 21168.3
25 0 6.92657e-310 5
26 0 -259472 24583.2
27 0 6.92657e-310 5
28 0 -121577 43.7409
29 0 -120500 0.25
30 0 -107498 4956.05
31 0 6.92657e-310 5
32 0 -145155 3272.46
33 0 6.92657e-310 5
34 0 -160798 3511.22
35 0 6.92657e-310 5
36 0 -158490 1917.39
37 0 6.92657e-310 5
38 0 -220975 20543.4
39 0 6.92657e-310 5
40 0 -224500 0.14915
41 0 6.92657e-310 5
42 0 -165723 6860.45
43 0 6.92657e-310 5
44 0 -104180 328.852
45 0 6.92657e-310 5
46 0 -199353 4367.82
47 0 6.92657e-310 5
48 0 -207574 15997.9
49 0 6.92657e-310 5
50 0 -72240.7 21090.5
51 0 6.92657e-310 5
52 0 -140832 1074.55
53 0 6.92657e-310 5
54 0 -174635 2844.45
55 0 6.92657e-310 5
56 0 -238301 1561.92
57 0 -230000 1201.14
58 0 -120844 996.134
59 0 -235071 6195.84
60 0 -210599 17130.4
61 0 -249500 0.163355
62 0 6.92657e-310 5
63 0 6.92657e-310 5
64 0 6.92657e-310 5
65 0 6.92657e-310 5
66 0 569982 2108.84
67 0 561885 2115.43
68 0 570540 2067.16
69 0 570270 2214.04
70 0 569762 1922.85
71 0 570132 1972.56
72 0 562958 1944.89
73 0 562485 2056.76
74 0 562878 1881.33
75 0 563263 2004.5
76 0 594958 1303.77
77 0 585946 1217.45
78 0 588164 1549.05
79 0 587717 853.15
80 0 6.92657e-310 5
81 0 6.92657e-310 5
82 0 614067 2063.81
83 0 616347 1138.46
84 0 587457 2070.06
85 0 612526 1809.08
86 0 587371 1506.94
87 0 620843 1718.62
88 0 579436 1336.03
89 0 609072 1846.01
90 0 580614 1496.56
91 0 579211 1348.08
92 0 580051 1722.39
93 0 580047 1571.47
94 0 580847 1881.16
95 0 578812 1757.68
96 0 6.92657e-310 5
97 0 6.92657e-310 5
98 0 605976 1936.37
99 0 605845 1862.57
100 0 606769 2242.52
101 0 605614 1950.96
102 0 629753 560.205
103 0 628809 770.583
104 0 621788 715.205
105 0 620153 1253.42
106 0 597162 2899.82
107 0 615789 1519.38
108 0 599990 2230.78
109 0 600180 3025.93
110 0 599124 2210.49
111 0 629483 1036.93
112 0 6.92657e-310 5
113 0 6.92657e-310 5
114 0 626206 2334.39
115 0 625044 2280.28
116 0 625808 2329.15
117 0 625108 2327.94
118 0 624775 1946.67
119 0 624658 2040.5
120 0 607271 1775.87
121 0 614989 1728.71
122 0 615917 1789.06
123 0 606978 1736.14
124 0 614451 2032.19
125 0 615152 1983.27
126 0 615752 2222.47
127 0 614969 2044.25
128 0 6.92657e-310 5
129 0 6.92657e-310 5
130 0 641640 1865.86
131 0 641757 2548.4
132 0 670793 960.762
133 0 640546 2626.42
134 0 668390 1591.05
135 0 667547 1761.46
136 0 658200 1726.4
137 0 633686 1046.58
138 0 643692 598.79
139 0 645081 632.092
140 0 645473 562.225
141 0 645922 763.937
142 0 645268 582.665
143 0 645610 648.596
144 0 6.92657e-310 5
145 0 6.92657e-310 5
146 0 673605 453.083
147 0 673382 619.598
148 0 672194 525.65
149 0 671764 377.526
150 0 671686 436.82
151 0 672874 445.508
152 0 664638 424.725
153 0 665717 511.914
154 0 664680 413.615
155 0 664699 641.68
156 0 6.92657e-310 5
157 0 6.92657e-310 5
158 0 6.92657e-310 5
159 0 6.92657e-310 5
