0 0 6.91883e-310 5
1 0 3.89246e-316 5
2 0 -188610 5341.05
3 0 -320350 13547.2
4 0 -101500 0.247939
5 0 -148935 2915.53
6 0 -248232 459.652
7 0 -149603 4045.4
8 0 -224364 9718.04
9 0 -311922 3026.52
10 0 -209180 20140.5
11 0 -262000 555.728
12 0 -205000 2941.86
13 0 -220428 1838.58
14 0 -195855 7134.13
15 0 -306911 3995.28
16 0 -157500 0.250031
17 0 -112270 815.441
18 0 -337655 20973.8
19 0 -162506 937.337
20 0 -253500 0.169192
21 0 -318587 2186.08
22 0 6.91883e-310 5
23 0 6.91883e-310 5
24 0 -196000 555.728
25 0 -104924 22944.5
26 0 -144500 0.250656
27 0 -141273 2387.06
28 0 6.91883e-310 5
29 0 6.91883e-310 5
30 0 6.91883e-310 5
31 0 6.91883e-310 5
32 0 -194812 1992.27
33 0 -226500 0.149154
34 0 -152500 1899.2
35 0 -316500 0.207017
36 0 -109000 1667.18
37 0 -145000 1201.14
38 0 -324500 0.211573
39 0 -183500 0.239839
40 0 -303500 0.184766
41 0 -261172 498.072
42 0 -270516 1494.2
43 0 -200183 21206.6
44 0 6.91883e-310 5
45 0 6.91883e-310 5
46 0 6.91883e-310 5
47 0 6.91883e-310 5
48 0 -279500 2222.91
49 0 -257500 0.186161
50 0 -120000 15124.8
51 0 -134417 8393.57
52 0 -241500 0.150456
53 0 -256500 0.183546
54 0 -95248.5 23681
55 0 -222500 0.14915
56 0 -225812 1992.27
57 0 -323000 555.728
58 0 -140500 0.250958
59 0 -192000 1698.66
60 0 6.91883e-310 5
61 0 6.91883e-310 5
62 0 6.91883e-310 5
63 0 6.91883e-310 5
64 0 6.91883e-310 5
65 0 6.91883e-310 5
66 0 569407 2208.15
67 0 569222 2192.51
68 0 569880 2106.51
69 0 569538 2168.8
70 0 569072 1946.71
71 0 569508 2046.34
72 0 554328 2107.61
73 0 561772 2134.75
74 0 562208 1923.5
75 0 554534 2123.52
76 0 562723 2005.87
77 0 561204 1812.7
78 0 554850 1994.27
79 0 562651 2080.83
80 0 6.91883e-310 5
81 0 6.91883e-310 5
82 0 587987 1875.92
83 0 587451 1700.66
84 0 586288 1292.07
85 0 586161 1512.64
86 0 586696 1561.81
87 0 587550 1637.02
88 0 578701 1312.34
89 0 579506 1499.26
90 0 572012 1601.62
91 0 578632 1622.25
92 0 579486 1894.25
93 0 579411 1643.12
94 0 580111 1833.75
95 0 578086 1872.58
96 0 6.91883e-310 5
97 0 6.91883e-310 5
98 0 597379 1993.38
99 0 605230 1979.08
100 0 606340 2304.19
101 0 604827 1878.29
102 0 602554 2908.39
103 0 603580 4327.69
104 0 596710 2635.05
105 0 595729 2899.54
106 0 596693 2374.6
107 0 596986 2658.39
108 0 598657 2654.91
109 0 599242 2947.46
110 0 598305 2311.61
111 0 598666 2410.96
112 0 6.91883e-310 5
113 0 6.91883e-310 5
114 0 625431 2330.52
115 0 623892 2191.99
116 0 625151 2229.71
117 0 624568 2431.62
118 0 624249 1956.17
119 0 624087 2157.67
120 0 614830 1996.4
121 0 614693 1893.83
122 0 615414 1985.36
123 0 614455 1924.61
124 0 605942 2020.12
125 0 614451 1983.66
126 0 614953 2171.39
127 0 606514 2432.55
128 0 6.91883e-310 5
129 0 6.91883e-310 5
130 0 640865 2518.17
131 0 641222 2510.25
132 0 642254 2495.82
133 0 639760 2719.91
134 0 643774 4598.91
135 0 640174 3883.47
136 0 630763 2875.31
137 0 604822 27198.9
138 0 643097 696.844
139 0 644537 581.542
140 0 644871 492.78
141 0 645413 1050.58
142 0 644638 640.289
143 0 644959 585.603
144 0 6.91883e-310 5
145 0 6.91883e-310 5
146 0 672867 405.216
147 0 672762 638.53
148 0 671610 455.176
149 0 670874 389.56
150 0 670809 392.587
151 0 672346 567.29
152 0 663959 530.109
153 0 665202 588.307
154 0 663913 469.023
155 0 664294 465.104
156 0 6.91883e-310 5
157 0 6.91883e-310 5
158 0 6.91883e-310 5
159 0 6.91883e-310 5
