0 0 6.93593e-310 5
1 0 3.8027e-316 5
2 0 -209392 2674.34
3 0 -186725 4528.81
4 0 -204926 2436.41
5 0 -224945 6395.37
6 0 -210281 2778.7
7 0 -176635 4745.53
8 0 -212390 2511.17
9 0 -181740 4872.92
10 0 -212035 2991
11 0 -188592 4588.24
12 0 -214823 2752.32
13 0 -197676 4591.06
14 0 -222667 2731.38
15 0 -195830 4031.04
16 0 -170884 2451.23
17 0 -152598 4608.55
18 0 -178329 2778.86
19 0 -148528 4450.35
20 0 -180746 2943.7
21 0 -147023 4552.09
22 0 6.93593e-310 5
23 0 6.93593e-310 5
24 0 -179212 2606.42
25 0 -150859 4140.58
26 0 -179578 2803.68
27 0 -141132 4289.78
28 0 -121436 32.8646
29 0 -117581 2250.34
30 0 -130437 5807.83
31 0 6.93593e-310 5
32 0 -158128 2815.9
33 0 -139049 4289.4
34 0 -161862 2680.98
35 0 -183319 5051.26
36 0 -171172 2668.99
37 0 -187402 5269
38 0 -168048 2646.03
39 0 -183485 5034.99
40 0 -164493 2706.09
41 0 -140881 4667.36
42 0 -171758 2852.66
43 0 -142848 4362.99
44 0 -104073 340.186
45 0 6.93593e-310 5
46 0 -229976 817.859
47 0 6.93593e-310 5
48 0 -152318 2716.23
49 0 -133850 4046.18
50 0 -155414 2403.7
51 0 -136406 3925.95
52 0 -154963 2471.13
53 0 -127770 3938.58
54 0 -154405 2676.67
55 0 -124598 5044.22
56 0 -150031 2567.92
57 0 -128003 4473.64
58 0 -150821 2419.42
59 0 -123708 5549.54
60 0 -117066 889.377
61 0 -163500 0.25
62 0 6.93593e-310 5
63 0 6.93593e-310 5
64 0 6.93593e-310 5
65 0 6.93593e-310 5
66 0 570543 2244.3
67 0 562378 2266.68
68 0 571134 2199.48
69 0 570777 2310.23
70 0 562431 2404.6
71 0 570861 2354.49
72 0 555285 2643.25
73 0 562913 2659.68
74 0 562915 2550.31
75 0 555322 2640.95
76 0 595674 1354.3
77 0 561851 2412.82
78 0 554926 2505.21
79 0 562944 2572.76
80 0 6.93593e-310 5
81 0 6.93593e-310 5
82 0 587732 2368.24
83 0 587769 2496.25
84 0 587359 2236.01
85 0 587120 2107.71
86 0 587308 2557.46
87 0 588225 2446.87
88 0 579676 2502.99
89 0 580246 2347.65
90 0 580743 2410.46
91 0 579470 2280.83
92 0 580231 2490.85
93 0 580420 2483.34
94 0 582082 2790.25
95 0 579487 2367.23
96 0 6.93593e-310 5
97 0 6.93593e-310 5
98 0 607394 2507.14
99 0 607396 2794.29
100 0 607656 2243.66
101 0 606395 1956.29
102 0 604883 2244
103 0 605037 1519.87
104 0 598093 2501.85
105 0 596965 2376.59
106 0 597193 2373.97
107 0 597441 2466.47
108 0 599275 2633.69
109 0 599641 2429.51
110 0 599032 2672.93
111 0 599036 2599.07
112 0 6.93593e-310 5
113 0 6.93593e-310 5
114 0 627226 2977.06
115 0 625316 2755.82
116 0 627025 2694.69
117 0 626545 2832.44
118 0 625396 2047.45
119 0 625834 2470.13
120 0 607184 1839.54
121 0 614743 1719.02
122 0 616175 1907.05
123 0 607102 1912.37
124 0 615568 2663.21
125 0 615728 2069.28
126 0 616036 2650.65
127 0 615673 2489.51
128 0 6.93593e-310 5
129 0 6.93593e-310 5
130 0 633779 2398.49
131 0 642285 2394.85
132 0 642930 2421.91
133 0 640933 2183.3
134 0 642665 2240.99
135 0 642225 2298.52
136 0 633435 2152.33
137 0 633565 2303.28
138 0 644010 647.78
139 0 645381 564.92
140 0 645546 531.722
141 0 646210 673.181
142 0 645503 618.226
143 0 645626 597.757
144 0 6.93593e-310 5
145 0 6.93593e-310 5
146 0 673718 550.807
147 0 673770 709.362
148 0 672485 508.454
149 0 663813 526.063
150 0 673149 1572.97
151 0 665326 551.018
152 0 664740 481.649
153 0 666083 639.491
154 0 664534 482.314
155 0 665258 539.415
156 0 6.93593e-310 5
157 0 6.93593e-310 5
158 0 6.93593e-310 5
159 0 6.93593e-310 5
