0 0 6.91131e-310 5
1 0 5.10018e-316 5
2 0 -210029 2736.63
3 0 -187471 4709.37
4 0 -205550 2636.53
5 0 -181534 3941.82
6 0 -211029 2724.4
7 0 -221840 5048.59
8 0 -212879 2567.01
9 0 -182118 4449.72
10 0 -212938 2868.38
11 0 -189327 3704.4
12 0 -215406 2439.96
13 0 -198336 3953.42
14 0 -223158 2509.56
15 0 -196378 4036.86
16 0 -171236 2404.38
17 0 -197122 4671.32
18 0 -178687 2649.84
19 0 -149064 5088.1
20 0 -181132 2615.48
21 0 -147347 4535.44
22 0 6.91131e-310 5
23 0 6.91131e-310 5
24 0 -179995 2765.92
25 0 -151499 4360.32
26 0 -180146 2909.39
27 0 -142058 4553.68
28 0 6.91131e-310 5
29 0 6.91131e-310 5
30 0 6.91131e-310 5
31 0 6.91131e-310 5
32 0 -158534 2808.73
33 0 -183768 4538.66
34 0 -162052 2864.76
35 0 -139521 4932.12
36 0 -171669 2616.96
37 0 -143961 4806.74
38 0 -168549 2463.82
39 0 -138467 5011.58
40 0 -165167 2742.74
41 0 -141604 4795.24
42 0 -172452 2753.68
43 0 -143389 4490.48
44 0 6.91131e-310 5
45 0 6.91131e-310 5
46 0 6.91131e-310 5
47 0 6.91131e-310 5
48 0 -152634 2559.16
49 0 -179044 4504.75
50 0 -156092 2470.05
51 0 -136918 3841.52
52 0 -200366 3331.32
53 0 -128032 3683.78
54 0 -154881 2673.77
55 0 -125006 5651.09
56 0 -150145 2500.69
57 0 -128125 4344.72
58 0 -151484 2514.85
59 0 -124530 4329.73
60 0 6.91131e-310 5
61 0 6.91131e-310 5
62 0 6.91131e-310 5
63 0 6.91131e-310 5
64 0 6.91131e-310 5
65 0 6.91131e-310 5
66 0 570011 2210.33
67 0 569866 2216.27
68 0 570708 2245.83
69 0 570337 2287.49
70 0 570063 2580.49
71 0 570288 2257.96
72 0 554630 2785.48
73 0 562480 2830
74 0 562327 2820.29
75 0 554733 2760.71
76 0 562522 2833.05
77 0 561495 2636.94
78 0 554232 2551.23
79 0 562354 2761.88
80 0 6.91131e-310 5
81 0 6.91131e-310 5
82 0 587135 2476.78
83 0 587179 2501.66
84 0 586730 2533.21
85 0 586670 2295.09
86 0 586666 2621.67
87 0 587219 2938.37
88 0 579085 2359.63
89 0 579479 2616.02
90 0 572554 2464.43
91 0 578749 2635.98
92 0 580011 2698.04
93 0 579789 2558.44
94 0 581637 2700.12
95 0 579070 2694.85
96 0 6.91131e-310 5
97 0 6.91131e-310 5
98 0 599133 2630.63
99 0 606848 2674.39
100 0 607052 2195.29
101 0 606022 1989.6
102 0 604402 2199.88
103 0 604755 1693.98
104 0 597301 2578.06
105 0 596146 2384.75
106 0 596726 2515.59
107 0 596989 2477.41
108 0 598756 2616.5
109 0 599061 2722.88
110 0 598729 2798.51
111 0 598561 2523.77
112 0 6.91131e-310 5
113 0 6.91131e-310 5
114 0 626462 3101.87
115 0 624842 2974.45
116 0 626701 2766.84
117 0 626367 3115.21
118 0 625157 2152.89
119 0 625597 2661.91
120 0 614961 1931.46
121 0 614487 1858.08
122 0 615982 1975.69
123 0 614896 1967.69
124 0 606557 2324.62
125 0 615271 2102.83
126 0 615479 2859.43
127 0 607067 2745.54
128 0 6.91131e-310 5
129 0 6.91131e-310 5
130 0 640984 2467.37
131 0 641696 2633.73
132 0 641958 2517.3
133 0 640499 2427.01
134 0 642170 2418.6
135 0 641575 2486.57
136 0 633296 2289.48
137 0 633054 2430.07
138 0 643579 619.156
139 0 644837 726.358
140 0 645087 636.63
141 0 645715 706.585
142 0 644901 710.31
143 0 645191 716.966
144 0 6.91131e-310 5
145 0 6.91131e-310 5
146 0 673372 548.474
147 0 673098 774.119
148 0 671841 501.2
149 0 671517 498.05
150 0 671253 529.983
151 0 672621 668.335
152 0 664870 925.216
153 0 665528 582.823
154 0 667164 2259.64
155 0 664498 603.558
156 0 6.91131e-310 5
157 0 6.91131e-310 5
158 0 6.91131e-310 5
159 0 6.91131e-310 5
