0 0 6.94214e-310 5
1 0 4.98851e-316 5
2 0 -222231 7511.33
3 0 -200685 6414.87
4 0 -204189 4695.69
5 0 -194417 9183.23
6 0 -224050 8156.23
7 0 -191243 7178.4
8 0 -224876 10406.2
9 0 -195210 6105.73
10 0 -226373 6211.47
11 0 -204860 4933.88
12 0 -231100 4750.61
13 0 -212872 5823.99
14 0 -236403 5719.16
15 0 -207341 8500.09
16 0 -185666 5592.71
17 0 -168028 6817.59
18 0 -192129 5985.49
19 0 -160273 7503.71
20 0 -196591 5052.09
21 0 -191821 4916.31
22 0 6.94214e-310 5
23 0 6.94214e-310 5
24 0 -179278 4534.3
25 0 -166269 7338.15
26 0 -194201 5648.52
27 0 -155317 5855.01
28 0 6.94214e-310 5
29 0 6.94214e-310 5
30 0 6.94214e-310 5
31 0 6.94214e-310 5
32 0 -173670 5037.47
33 0 -151678 8875.95
34 0 -160082 3915.17
35 0 -153024 6936.32
36 0 -187984 7611.6
37 0 -159085 5756.15
38 0 -183180 4719.71
39 0 -153473 5377.64
40 0 -179537 5314.17
41 0 -155141 5573.31
42 0 -188382 5732.23
43 0 -157599 7105.18
44 0 6.94214e-310 5
45 0 6.94214e-310 5
46 0 6.94214e-310 5
47 0 6.94214e-310 5
48 0 -167882 6724.97
49 0 -150122 5702.15
50 0 -154278 3101.92
51 0 -152301 6925.41
52 0 -153801 3357.33
53 0 -142975 5620.63
54 0 -170198 5214.55
55 0 -140843 5359.9
56 0 -165698 5598.72
57 0 -143910 7038
58 0 -167025 4240.44
59 0 -139866 6625.98
60 0 6.94214e-310 5
61 0 6.94214e-310 5
62 0 6.94214e-310 5
63 0 6.94214e-310 5
64 0 6.94214e-310 5
65 0 6.94214e-310 5
66 0 586232 2316.53
67 0 578138 2208.6
68 0 586827 2268.86
69 0 586463 2350.31
70 0 578030 2337.4
71 0 586491 2342.64
72 0 570905 2583.87
73 0 578584 2584.11
74 0 578891 2613.07
75 0 571087 2600.53
76 0 579040 2855.43
77 0 577951 2614.21
78 0 570835 2570.54
79 0 578890 2603.46
80 0 6.94214e-310 5
81 0 6.94214e-310 5
82 0 603729 2493.63
83 0 603735 2492.34
84 0 603340 2344.71
85 0 603167 2412.4
86 0 603364 2549.86
87 0 604179 2644.7
88 0 595489 2450.09
89 0 596141 2375.19
90 0 596895 2438.48
91 0 595489 2229.52
92 0 6.94214e-310 5
93 0 6.94214e-310 5
94 0 6.94214e-310 5
95 0 6.94214e-310 5
96 0 6.94214e-310 5
97 0 6.94214e-310 5
98 0 622853 2292.13
99 0 622766 2468.91
100 0 623652 2191.8
101 0 622138 1798.63
102 0 621013 2281.01
103 0 621072 2068.56
104 0 614026 2469.43
105 0 612804 2496.62
106 0 613120 2433.21
107 0 613273 2390.93
108 0 615261 2671.13
109 0 615444 2562.4
110 0 615183 2814.85
111 0 615164 2786.77
112 0 6.94214e-310 5
113 0 6.94214e-310 5
114 0 642683 3011.66
115 0 641141 2793.78
116 0 642810 2758.44
117 0 642095 2948.07
118 0 641421 2236.42
119 0 641654 2543.44
120 0 623299 2058.46
121 0 630838 1963.67
122 0 632220 2154.3
123 0 623126 2087.26
124 0 630932 2611.05
125 0 631680 2405.04
126 0 631534 2710.44
127 0 631158 2493.32
128 0 6.94214e-310 5
129 0 6.94214e-310 5
130 0 649459 2489.01
131 0 657892 2511.65
132 0 658599 2498.35
133 0 656806 2231.31
134 0 658632 2444.66
135 0 658230 2500.96
136 0 649615 2362.25
137 0 649487 2494.03
138 0 659895 676.128
139 0 661223 632.551
140 0 661465 545.486
141 0 662032 722.238
142 0 661327 672.002
143 0 661609 619.23
144 0 6.94214e-310 5
145 0 6.94214e-310 5
146 0 673657 519.426
147 0 673634 743.646
148 0 672375 569.761
149 0 663724 511.046
150 0 671400 531.695
151 0 665182 637.867
152 0 664602 512.913
153 0 665809 606.176
154 0 664440 498.63
155 0 665022 658.708
156 0 6.94214e-310 5
157 0 6.94214e-310 5
158 0 6.94214e-310 5
159 0 6.94214e-310 5
