0 0 6.91592e-310 5
1 0 5.20034e-316 5
2 0 -207955 2623.73
3 0 -228124 5221.69
4 0 -246077 3058.32
5 0 -222328 3988.01
6 0 -208862 2511.86
7 0 -217645 5236.48
8 0 -211275 2680.17
9 0 -180151 4464.33
10 0 -254425 2777.44
11 0 -230786 4133.82
12 0 -213375 2242.82
13 0 -196253 4204.16
14 0 -264549 3258.04
15 0 -237298 4801.64
16 0 -169683 2267.59
17 0 -193140 5123.22
18 0 -219844 2763.57
19 0 -147043 4647.32
20 0 -179037 2625.97
21 0 -187639 4897.97
22 0 6.91592e-310 5
23 0 6.91592e-310 5
24 0 -220358 3249.47
25 0 -191622 4950.96
26 0 -220417 3366.94
27 0 -182581 5132.11
28 0 6.91592e-310 5
29 0 6.91592e-310 5
30 0 6.91592e-310 5
31 0 6.91592e-310 5
32 0 -198357 3928.62
33 0 -179604 4998.89
34 0 -201701 3574.3
35 0 -179819 4694.89
36 0 -169630 2462.43
37 0 -183833 4919
38 0 -209892 2866.16
39 0 -178381 5262.65
40 0 -206342 2581.4
41 0 -139130 3621.57
42 0 -212614 3677.09
43 0 -183971 4756.23
44 0 6.91592e-310 5
45 0 6.91592e-310 5
46 0 6.91592e-310 5
47 0 6.91592e-310 5
48 0 -151002 2553.78
49 0 -175141 5001.61
50 0 -196341 2877.28
51 0 -177664 4566
52 0 -196368 3020.83
53 0 -126092 3571.47
54 0 -153200 2755.19
55 0 -165777 6243.17
56 0 -191321 2670.11
57 0 -126198 4062.77
58 0 -149622 2698.75
59 0 -165375 4405.54
60 0 6.91592e-310 5
61 0 6.91592e-310 5
62 0 6.91592e-310 5
63 0 6.91592e-310 5
64 0 6.91592e-310 5
65 0 6.91592e-310 5
66 0 586047 2501.28
67 0 585714 2442.95
68 0 587069 2825.49
69 0 586255 2534.13
70 0 587122 3030.12
71 0 587162 3171.45
72 0 580369 3495.72
73 0 580100 3501.94
74 0 579169 2826.28
75 0 579879 3146.11
76 0 579278 2765.77
77 0 570036 2650.73
78 0 579102 2675.76
79 0 579098 2720.96
80 0 6.91592e-310 5
81 0 6.91592e-310 5
82 0 603944 2570.99
83 0 604020 2661.33
84 0 603274 2859
85 0 603059 2481.08
86 0 603597 2712.05
87 0 604159 2757.49
88 0 595986 2648.44
89 0 588451 2727.6
90 0 597056 2756.64
91 0 595625 2684.46
92 0 596886 3028.11
93 0 596702 2920.71
94 0 598995 3563.43
95 0 596359 3023.09
96 0 6.91592e-310 5
97 0 6.91592e-310 5
98 0 623470 2868.05
99 0 623753 3114.74
100 0 623126 2378.48
101 0 622678 2591.45
102 0 620926 2393.13
103 0 620939 2118.98
104 0 614130 2622.51
105 0 612983 2574.33
106 0 613458 2692.31
107 0 613785 2703.62
108 0 607276 2716.07
109 0 615660 2838.3
110 0 615404 2936.94
111 0 607248 2781.59
112 0 6.91592e-310 5
113 0 6.91592e-310 5
114 0 643443 3319.72
115 0 641526 2975.14
116 0 643328 3276.61
117 0 643026 3587.4
118 0 641470 2443.39
119 0 642054 3037.15
120 0 631162 2209.85
121 0 630535 2075.2
122 0 632489 2491.27
123 0 631154 2317.23
124 0 632252 3075.02
125 0 632836 3131.1
126 0 632589 2928.31
127 0 632790 3297.85
128 0 6.91592e-310 5
129 0 6.91592e-310 5
130 0 658001 2588.04
131 0 658619 2880.83
132 0 658873 2579.43
133 0 657250 2448.15
134 0 659059 2520.15
135 0 658550 2667.73
136 0 649657 2378.19
137 0 649765 2459.63
138 0 660481 1355.79
139 0 661941 1498.19
140 0 662151 1460.77
141 0 662686 1406.3
142 0 661925 1469.45
143 0 662107 1456.83
144 0 6.91592e-310 5
145 0 6.91592e-310 5
146 0 674262 1395.71
147 0 673930 1414.43
148 0 672929 1392.15
149 0 672543 1394.45
150 0 672362 1389.11
151 0 674059 1540.31
152 0 665584 1435.31
153 0 666645 1429.11
154 0 665432 1448.31
155 0 665932 1528.31
156 0 6.91592e-310 5
157 0 6.91592e-310 5
158 0 6.91592e-310 5
159 0 6.91592e-310 5
