0 0 6.92265e-310 5
1 0 5.34901e-316 5
2 0 -211087 2923.32
3 0 -187930 5029.83
4 0 -206072 2601.19
5 0 -182296 4851.76
6 0 -211939 2690.72
7 0 -177897 5295.18
8 0 -213993 2748.66
9 0 -182958 4460.73
10 0 -213834 2933.75
11 0 -190420 4038.14
12 0 -216607 2938.61
13 0 -199204 4580.79
14 0 -224425 2745.35
15 0 -197191 3994.95
16 0 -217426 2515.8
17 0 -153747 4240.6
18 0 -179547 2762.04
19 0 -150104 5075.39
20 0 -182267 2631.59
21 0 -148535 4407.67
22 0 6.92265e-310 5
23 0 6.92265e-310 5
24 0 -180838 2883.19
25 0 -151946 3942.13
26 0 -180941 2701.98
27 0 -188690 4852.86
28 0 -122003 307.246
29 0 -118623 2911.27
30 0 -132458 10703.6
31 0 6.92265e-310 5
32 0 -205320 3103.51
33 0 -139823 4593.33
34 0 -162683 2810.05
35 0 -140418 5317.86
36 0 -172378 2590.15
37 0 -144840 5180.31
38 0 -169407 2410.18
39 0 -139288 4859.45
40 0 -165930 2607.05
41 0 -142985 4720.64
42 0 -172939 2612.64
43 0 -144487 4540.19
44 0 -104707 411.118
45 0 6.92265e-310 5
46 0 -251148 16575.5
47 0 6.92265e-310 5
48 0 -153594 2382.33
49 0 -136121 4516.38
50 0 -157178 2607.84
51 0 -137999 3880.57
52 0 -156063 2606.94
53 0 -128921 3516.64
54 0 -155489 2438.08
55 0 -126161 4741.46
56 0 -151082 2490.66
57 0 -129797 4045.34
58 0 -152393 2621.56
59 0 -125352 5082.21
60 0 -245596 3404.51
61 0 -249500 0.163355
62 0 6.92265e-310 5
63 0 6.92265e-310 5
64 0 6.92265e-310 5
65 0 6.92265e-310 5
66 0 586281 2533.52
67 0 578123 2397.8
68 0 586853 2339.56
69 0 586502 2447.94
70 0 577955 2395.1
71 0 586451 2491.74
72 0 570817 2676.73
73 0 578445 2688.67
74 0 578462 2835.45
75 0 570875 2782.13
76 0 611371 1396.64
77 0 577602 2548.95
78 0 570386 2623.93
79 0 578563 2749.86
80 0 6.92265e-310 5
81 0 6.92265e-310 5
82 0 603276 2486.84
83 0 603338 2539.43
84 0 602941 2454.27
85 0 602909 2292.48
86 0 602758 2646.92
87 0 603416 2850.97
88 0 595378 2329.48
89 0 595527 2543.72
90 0 596491 2534.46
91 0 594855 2629.43
92 0 595817 2363.64
93 0 595924 2385.98
94 0 597221 2479.16
95 0 594947 2404.15
96 0 6.92265e-310 5
97 0 6.92265e-310 5
98 0 622834 2391.64
99 0 622533 2394.16
100 0 623519 2446.13
101 0 622015 1955.87
102 0 620369 2164.99
103 0 620633 1786.52
104 0 613404 2519.82
105 0 612218 2402.18
106 0 612906 2635.58
107 0 613274 2479.14
108 0 615034 2517.03
109 0 615076 2680.36
110 0 614572 2757.21
111 0 614826 2373.9
112 0 6.92265e-310 5
113 0 6.92265e-310 5
114 0 642359 3048.66
115 0 640684 2919.74
116 0 642486 2743.88
117 0 642275 3147.17
118 0 641066 2161.56
119 0 641269 2503.14
120 0 623060 1983.08
121 0 630612 2018.65
122 0 632188 2102.84
123 0 623153 2155.62
124 0 630778 2313.88
125 0 631536 2237.41
126 0 631830 2612.55
127 0 631207 2608.27
128 0 6.92265e-310 5
129 0 6.92265e-310 5
130 0 649386 2688.6
131 0 657860 2729.75
132 0 658192 2633.63
133 0 656786 2495.05
134 0 658395 2483.66
135 0 657776 2489.32
136 0 649657 2269.65
137 0 649287 2478.34
138 0 659720 695.452
139 0 660962 799.836
140 0 661159 797.698
141 0 661812 765.736
142 0 661039 823.139
143 0 661294 877.609
144 0 6.92265e-310 5
145 0 6.92265e-310 5
146 0 673493 692.316
147 0 673304 915.605
148 0 671813 500.108
149 0 663566 516.499
150 0 671257 805.538
151 0 664773 728.725
152 0 664437 513.53
153 0 665632 633.21
154 0 664378 477.324
155 0 664561 629.663
156 0 6.92265e-310 5
157 0 6.92265e-310 5
158 0 6.92265e-310 5
159 0 6.92265e-310 5
