0 0 6.9379e-310 5
1 0 4.1062e-316 5
2 0 -210121 2649.92
3 0 -233478 5163.69
4 0 -205689 2738.06
5 0 -181799 4193.62
6 0 -255466 2503.63
7 0 -177566 4341.94
8 0 -212979 2444.57
9 0 -181775 4684.75
10 0 -212884 2576.29
11 0 -189309 4070.47
12 0 -215275 2421.02
13 0 -243439 4306.28
14 0 -223348 2664.23
15 0 -196457 3943.5
16 0 -171674 2681.35
17 0 -153291 4208.97
18 0 -179002 2639.44
19 0 -149517 4706.43
20 0 -181458 2921.26
21 0 -193096 4772.27
22 0 6.9379e-310 5
23 0 6.9379e-310 5
24 0 -179779 2632.55
25 0 -150888 3985.17
26 0 -180166 2398.16
27 0 -187809 4369.55
28 0 6.9379e-310 5
29 0 6.9379e-310 5
30 0 6.9379e-310 5
31 0 6.9379e-310 5
32 0 -203075 2732.62
33 0 -183841 4674.11
34 0 -207048 3721.53
35 0 -184502 4969.01
36 0 -215849 2482.64
37 0 -188414 5605.34
38 0 -168773 2919.67
39 0 -184033 5442.51
40 0 -165585 3325.83
41 0 -188039 4879.97
42 0 -172436 2661.88
43 0 -143485 4479.23
44 0 6.9379e-310 5
45 0 6.9379e-310 5
46 0 6.9379e-310 5
47 0 6.9379e-310 5
48 0 -152698 2918.14
49 0 -179531 3829.47
50 0 -156110 2536.71
51 0 -137016 4100.61
52 0 -201282 4027.88
53 0 -173422 4461.6
54 0 -155040 2698.81
55 0 -124877 5498.45
56 0 -195896 3238.34
57 0 -128469 4153.64
58 0 -151368 2483.42
59 0 -170113 5145.58
60 0 6.9379e-310 5
61 0 6.9379e-310 5
62 0 6.9379e-310 5
63 0 6.9379e-310 5
64 0 6.9379e-310 5
65 0 6.9379e-310 5
66 0 585835 2672.11
67 0 585536 2686.95
68 0 586858 2851.06
69 0 586108 2698.59
70 0 586547 3207.64
71 0 586626 2907.03
72 0 578899 3017.97
73 0 578792 3292.39
74 0 570600 3043.37
75 0 578975 2980.51
76 0 570732 3011.07
77 0 577536 2870.45
78 0 578519 2950.84
79 0 570682 3071.43
80 0 6.9379e-310 5
81 0 6.9379e-310 5
82 0 595323 2735.59
83 0 603296 2937.07
84 0 602596 2986.27
85 0 602575 2813.12
86 0 602816 2786.56
87 0 603529 2923.89
88 0 595377 2870.14
89 0 595775 2824.42
90 0 596606 3020.09
91 0 595050 2801.07
92 0 596059 3026.7
93 0 596009 2950.13
94 0 598472 3652.89
95 0 595555 3051.99
96 0 6.9379e-310 5
97 0 6.9379e-310 5
98 0 623249 3179.8
99 0 623558 3577.93
100 0 622992 2659.08
101 0 622160 2586.94
102 0 620308 2508.83
103 0 620326 2379.42
104 0 605548 2859.55
105 0 612330 2827.57
106 0 612866 2856.07
107 0 605177 2843.23
108 0 614827 3003.91
109 0 615136 3015.31
110 0 615141 3409.6
111 0 614847 3109.32
112 0 6.9379e-310 5
113 0 6.9379e-310 5
114 0 643479 3840.43
115 0 641547 3579.64
116 0 642611 3066.65
117 0 634771 3543.16
118 0 640914 2503.38
119 0 641160 2782.78
120 0 630908 2357.25
121 0 630165 2148.9
122 0 632073 2497.45
123 0 630880 2450.66
124 0 631462 2974.27
125 0 631544 2544.09
126 0 631766 2904.64
127 0 631453 2883.91
128 0 6.9379e-310 5
129 0 6.9379e-310 5
130 0 657495 2867.82
131 0 649908 2835.29
132 0 658365 2897.07
133 0 656780 2689.52
134 0 658471 2777.75
135 0 657961 2727.39
136 0 649008 2603.5
137 0 649343 2782.08
138 0 659947 1402.8
139 0 661343 1489.73
140 0 661540 1404.25
141 0 662185 1458.26
142 0 661320 1453.56
143 0 661514 1417.03
144 0 6.9379e-310 5
145 0 6.9379e-310 5
146 0 673770 1449.39
147 0 673533 1458.11
148 0 672469 1429.04
149 0 672204 1521.69
150 0 671914 1570.5
151 0 673497 1585.25
152 0 665039 1488.39
153 0 666243 1477.43
154 0 656887 1500.74
155 0 665267 1499.83
156 0 6.9379e-310 5
157 0 6.9379e-310 5
158 0 6.9379e-310 5
159 0 6.9379e-310 5
