0 0 6.94072e-310 5
1 0 4.70502e-316 5
2 0 -112500 0.247312
3 0 -184601 3456.01
4 0 -260000 2942.09
5 0 -108516 1494.2
6 0 -321000 1698.63
7 0 -108949 2104.22
8 0 -283516 1494.2
9 0 -269947 3397.05
10 0 -230500 0.149337
11 0 -137000 1667.18
12 0 -113500 0.247309
13 0 -255254 12885.1
14 0 -230172 498.071
15 0 -331650 18706.4
16 0 -246500 0.175709
17 0 -229500 0.149267
18 0 -240844 996.136
19 0 -316500 1471.08
20 0 -321500 0.2117
21 0 -166986 15400.5
22 0 6.94072e-310 5
23 0 6.94072e-310 5
24 0 -323500 0.211797
25 0 -301500 0.172154
26 0 -311500 0.196609
27 0 -283500 0.17988
28 0 6.94072e-310 5
29 0 6.94072e-310 5
30 0 6.94072e-310 5
31 0 6.94072e-310 5
32 0 -288500 0.174076
33 0 -321500 1899.86
34 0 -196500 0.131016
35 0 -320500 0.211384
36 0 -319500 0.210767
37 0 -307500 0.188815
38 0 -204000 555.728
39 0 -321500 0.2117
40 0 -202500 3396.45
41 0 -229500 0.149267
42 0 -324500 0.211573
43 0 -276500 0.16596
44 0 6.94072e-310 5
45 0 6.94072e-310 5
46 0 6.94072e-310 5
47 0 6.94072e-310 5
48 0 -270500 0.177021
49 0 -294500 0.169803
50 0 -249500 0.163355
51 0 -127500 0.246274
52 0 -220500 0.158548
53 0 -118516 1494.2
54 0 -202500 0.16284
55 0 -133000 555.728
56 0 -221500 0.157547
57 0 -178500 0.236702
58 0 -253500 0.169192
59 0 -223500 0.14915
60 0 6.94072e-310 5
61 0 6.94072e-310 5
62 0 6.94072e-310 5
63 0 6.94072e-310 5
64 0 6.94072e-310 5
65 0 6.94072e-310 5
66 0 571704 2315.88
67 0 571562 2517.94
68 0 572046 2205.47
69 0 571740 2302.74
70 0 563354 2062.25
71 0 571711 2209.69
72 0 564459 2178.73
73 0 563949 2100.28
74 0 564547 2160.52
75 0 600828 2162.85
76 0 587927 1285.01
77 0 563649 2038.92
78 0 564934 2075.64
79 0 581074 2176.72
80 0 6.94072e-310 5
81 0 6.94072e-310 5
82 0 616111 1833.9
83 0 617100 1036.93
84 0 588851 1801.51
85 0 613625 1873.36
86 0 589195 1730.54
87 0 623109 1232.04
88 0 581180 1680.01
89 0 581813 1540.9
90 0 582544 1693.71
91 0 573032 1794.59
92 0 573548 1730.16
93 0 581856 1487.24
94 0 582656 2018.07
95 0 572529 1804.49
96 0 6.94072e-310 5
97 0 6.94072e-310 5
98 0 607746 2112.62
99 0 607693 2035.49
100 0 609179 2964.79
101 0 607425 2083.45
102 0 606045 3529.5
103 0 605754 3010.33
104 0 623639 1544.22
105 0 629508 1793.98
106 0 599089 2634.48
107 0 625423 1748.39
108 0 602212 2261.87
109 0 644293 19685
110 0 601158 2324.51
111 0 630571 943.829
112 0 6.94072e-310 5
113 0 6.94072e-310 5
114 0 628529 2742.52
115 0 625896 1746.84
116 0 627650 2552.85
117 0 626977 2519.14
118 0 627030 2233.9
119 0 626654 2398.16
120 0 617511 2328.84
121 0 617198 2061.38
122 0 617860 2027.66
123 0 617034 2108.07
124 0 616188 2010.78
125 0 616963 1984.67
126 0 617887 2337.88
127 0 616881 2103.74
128 0 6.94072e-310 5
129 0 6.94072e-310 5
130 0 644020 2316.59
131 0 644401 2256.83
132 0 671787 1064.42
133 0 642317 2801.29
134 0 661857 2163.88
135 0 644193 2848.25
136 0 659931 951.344
137 0 631318 4954.18
138 0 6.94072e-310 5
139 0 646910 814.354
140 0 647315 775.612
141 0 647851 1230.13
142 0 646805 727.506
143 0 647364 861.869
144 0 6.94072e-310 5
145 0 6.94072e-310 5
146 0 674957 436.692
147 0 674940 750.98
148 0 673740 439.928
149 0 673218 575.655
150 0 672981 466.17
151 0 674507 608.161
152 0 666374 695.407
153 0 667504 676.592
154 0 666406 679.172
155 0 666710 614.801
156 0 6.94072e-310 5
157 0 6.94072e-310 5
158 0 6.94072e-310 5
159 0 6.94072e-310 5
