0 0 6.94953e-310 5
1 0 5.50656e-316 5
2 0 -213110 2800.09
3 0 -190304 5022.34
4 0 -208269 2762.82
5 0 -184487 4428.77
6 0 -213676 2530.13
7 0 -180242 4363.35
8 0 -215861 2775.33
9 0 -185050 5168.44
10 0 -216012 2984.82
11 0 -191948 4046.52
12 0 -218335 2671.06
13 0 -201504 4215.28
14 0 -226231 2653.79
15 0 -199724 4191.28
16 0 -174603 2853.29
17 0 -156017 5743.09
18 0 -181513 2836.38
19 0 -152584 4896.39
20 0 -183959 2709.04
21 0 -150570 5174.85
22 0 6.94953e-310 5
23 0 6.94953e-310 5
24 0 -182560 2632.14
25 0 -154645 3976.34
26 0 -183111 2946.3
27 0 -145305 5146.66
28 0 -103127 26.746
29 0 -121723 3816.49
30 0 -134513 5670.4
31 0 6.94953e-310 5
32 0 -161729 3286.58
33 0 -143096 4641.88
34 0 -165270 3247.14
35 0 -142291 4400.71
36 0 -174766 2861.09
37 0 -146880 5225.64
38 0 -171521 2496.09
39 0 -141513 4208.18
40 0 -167895 2528.23
41 0 -144787 4410.92
42 0 -174905 2736.55
43 0 -146368 4716.53
44 0 -105028 297.906
45 0 6.94953e-310 5
46 0 -136527 3238.09
47 0 6.94953e-310 5
48 0 -155739 3002.21
49 0 -137960 5065.33
50 0 -159079 2193.09
51 0 -139990 4246.98
52 0 -158168 2278.44
53 0 -131119 4174.6
54 0 -157756 2787.2
55 0 -128492 5404.07
56 0 -152973 2941.85
57 0 -131719 4498.88
58 0 -153917 2465.42
59 0 -127254 5293.55
60 0 -112377 4052.72
61 0 -144500 0.250656
62 0 6.94953e-310 5
63 0 6.94953e-310 5
64 0 6.94953e-310 5
65 0 6.94953e-310 5
66 0 585969 2605.97
67 0 585785 2534.65
68 0 586694 2626.65
69 0 586209 2691.96
70 0 585710 2678.35
71 0 586189 2548.53
72 0 570417 3276.74
73 0 578247 3206.28
74 0 577947 3125.64
75 0 570534 3252.44
76 0 611134 1406.36
77 0 576829 2914.92
78 0 569711 2916.01
79 0 577835 2983.57
80 0 6.94953e-310 5
81 0 6.94953e-310 5
82 0 602352 2597.59
83 0 602680 2840.04
84 0 602049 2940.89
85 0 602015 2344.45
86 0 602076 2947.25
87 0 602732 3144.35
88 0 594408 2737.54
89 0 595099 2760.87
90 0 587892 2642.53
91 0 594422 2698.26
92 0 595498 2687.45
93 0 595280 2894.14
94 0 596785 2528.73
95 0 594226 2659.67
96 0 6.94953e-310 5
97 0 6.94953e-310 5
98 0 614168 2262.02
99 0 621918 2413.79
100 0 623343 2840.81
101 0 621646 2053.22
102 0 619806 2344.63
103 0 620428 1697
104 0 612871 2911.14
105 0 611843 2666.11
106 0 612222 2654.44
107 0 612352 2698.73
108 0 614410 2919.34
109 0 614674 2791.76
110 0 613985 2698.04
111 0 614056 2823.76
112 0 6.94953e-310 5
113 0 6.94953e-310 5
114 0 641599 2784.37
115 0 639904 2636.43
116 0 641629 2368.48
117 0 641207 2697.66
118 0 641091 2285.03
119 0 640807 2433.06
120 0 630869 2426.36
121 0 630416 2207.44
122 0 632043 2498.18
123 0 630853 2474.79
124 0 622292 2425.78
125 0 631307 2397.57
126 0 631462 3319.92
127 0 622903 3026.5
128 0 6.94953e-310 5
129 0 6.94953e-310 5
130 0 657055 2991.77
131 0 657855 3034.79
132 0 658090 3008.07
133 0 655960 2607.54
134 0 657681 2738.66
135 0 657266 2823.3
136 0 648634 2602.21
137 0 648409 2740.16
138 0 659370 977.673
139 0 660772 1038.16
140 0 660588 697.899
141 0 661584 1013.69
142 0 660750 994.582
143 0 660534 673.913
144 0 6.94953e-310 5
145 0 6.94953e-310 5
146 0 673230 982.85
147 0 673043 1112.93
148 0 671549 577.154
149 0 671095 824.366
150 0 670668 734.62
151 0 672414 871.23
152 0 664053 820.295
153 0 665372 899.476
154 0 663830 779.295
155 0 664465 759.286
156 0 6.94953e-310 5
157 0 6.94953e-310 5
158 0 6.94953e-310 5
159 0 6.94953e-310 5
