0 0 6.92771e-310 5
1 0 4.89613e-316 5
2 0 -211316 2609.36
3 0 -188732 5052.05
4 0 -206933 2682.09
5 0 -183412 4059.66
6 0 -212395 2673.04
7 0 -178767 4416.58
8 0 -214299 2590.82
9 0 -183675 4456.57
10 0 -214253 2703.79
11 0 -190657 3848.05
12 0 -216972 2590.45
13 0 -199908 4273.62
14 0 -224899 2811.5
15 0 -197774 4164.48
16 0 -172988 2498.07
17 0 -154886 4732.14
18 0 -180020 2691.82
19 0 -150426 4775.7
20 0 -182316 2556.35
21 0 -148788 4621.8
22 0 6.92771e-310 5
23 0 6.92771e-310 5
24 0 -181390 2571.2
25 0 -152679 4374.63
26 0 -181645 3039.5
27 0 -143625 4781.39
28 0 6.92771e-310 5
29 0 6.92771e-310 5
30 0 6.92771e-310 5
31 0 6.92771e-310 5
32 0 -160112 3172.98
33 0 -140705 4079.51
34 0 -163369 2779.79
35 0 -140621 4715.21
36 0 -173214 2670.38
37 0 -144984 4895.19
38 0 -170024 2585.82
39 0 -139628 4834.6
40 0 -166458 2649.03
41 0 -143116 4620.2
42 0 -173882 2777.63
43 0 -144696 4464.73
44 0 6.92771e-310 5
45 0 6.92771e-310 5
46 0 6.92771e-310 5
47 0 6.92771e-310 5
48 0 -154137 2626.42
49 0 -135924 4225.21
50 0 -157449 2386.74
51 0 -138500 3943.1
52 0 -156851 2512.24
53 0 -129430 3841.32
54 0 -156274 2672.47
55 0 -126334 5452.72
56 0 -151464 2483.35
57 0 -129673 4078.15
58 0 -152907 2577.49
59 0 -125733 4684.18
60 0 6.92771e-310 5
61 0 6.92771e-310 5
62 0 6.92771e-310 5
63 0 6.92771e-310 5
64 0 6.92771e-310 5
65 0 6.92771e-310 5
66 0 570740 2516.63
67 0 562517 2664.99
68 0 571362 2579.47
69 0 570919 2541.58
70 0 562410 2500.01
71 0 570843 2465.33
72 0 555450 2728.36
73 0 562993 2677.86
74 0 563078 2661.57
75 0 555597 2720.54
76 0 563242 2652.19
77 0 562051 2536.02
78 0 555015 2658.94
79 0 563101 2683.39
80 0 6.92771e-310 5
81 0 6.92771e-310 5
82 0 587928 2457.61
83 0 587962 2629.18
84 0 587623 2366.35
85 0 587641 2297.86
86 0 587664 2500.15
87 0 588473 2600.59
88 0 579813 2447.55
89 0 580429 2499.56
90 0 581042 2364.36
91 0 579742 2382
92 0 580406 2405.38
93 0 580476 2467.04
94 0 581676 2301.41
95 0 579363 2312.13
96 0 6.92771e-310 5
97 0 6.92771e-310 5
98 0 607024 2204.18
99 0 606841 2266.78
100 0 608169 2664.79
101 0 606513 2008.84
102 0 605455 2019.31
103 0 605553 1610.22
104 0 598503 2554.89
105 0 597303 2496.99
106 0 597618 2458.84
107 0 597805 2609.13
108 0 599723 2673.53
109 0 599982 2449.38
110 0 599292 2451.29
111 0 599320 2585.99
112 0 6.92771e-310 5
113 0 6.92771e-310 5
114 0 626555 2512.81
115 0 624999 2502.95
116 0 626454 2423.02
117 0 626059 2607.94
118 0 625834 2295.43
119 0 625452 2330.93
120 0 607423 2221.35
121 0 615217 2170.51
122 0 616954 2496.92
123 0 607669 2403.27
124 0 615285 2314.31
125 0 616210 2360.25
126 0 616663 2805.7
127 0 616089 2655.05
128 0 6.92771e-310 5
129 0 6.92771e-310 5
130 0 634105 2650.61
131 0 643044 2638.14
132 0 643469 2652.79
133 0 641343 2528.43
134 0 643170 2587.84
135 0 642529 2651.38
136 0 634182 2417.3
137 0 634014 2601.88
138 0 644228 941.256
139 0 645654 1018.47
140 0 645658 654.331
141 0 646507 1049.94
142 0 645551 946.375
143 0 645711 774.291
144 0 6.92771e-310 5
145 0 6.92771e-310 5
146 0 673919 750.577
147 0 673751 967.111
148 0 672471 566.14
149 0 663954 682.793
150 0 671680 678.067
151 0 665353 879.367
152 0 664949 774.968
153 0 666199 865.211
154 0 664769 698.491
155 0 665402 810.944
156 0 6.92771e-310 5
157 0 6.92771e-310 5
158 0 6.92771e-310 5
159 0 6.92771e-310 5
