0 0 6.9451e-310 5
1 0 5.1642e-316 5
2 0 -212246 2592.26
3 0 -189982 4905.43
4 0 -207722 2607.66
5 0 -184152 4161.8
6 0 -213432 2568.92
7 0 -179927 4306.66
8 0 -215213 2484.8
9 0 -184629 4496.28
10 0 -215275 2667.83
11 0 -191766 3885.34
12 0 -218020 2497.38
13 0 -201029 3967.86
14 0 -225694 2476.98
15 0 -198807 3860.43
16 0 -173969 2535.05
17 0 -155638 4604.92
18 0 -181007 2569.99
19 0 -151778 5040.21
20 0 -183365 2494.73
21 0 -149692 4313.78
22 0 6.9451e-310 5
23 0 6.9451e-310 5
24 0 -182265 2584.31
25 0 -153885 3957.41
26 0 -182674 2700.67
27 0 -144572 4813.32
28 0 6.9451e-310 5
29 0 6.9451e-310 5
30 0 6.9451e-310 5
31 0 6.9451e-310 5
32 0 -161159 2936.24
33 0 -142010 4441.87
34 0 -164264 2779.94
35 0 -141674 4489.2
36 0 -174122 2545.02
37 0 -146235 4790.53
38 0 -170769 2402.39
39 0 -140679 4743.33
40 0 -167413 2540.57
41 0 -144066 4711.12
42 0 -174856 2710.83
43 0 -145832 4647.81
44 0 6.9451e-310 5
45 0 6.9451e-310 5
46 0 6.9451e-310 5
47 0 6.9451e-310 5
48 0 -155291 2661.26
49 0 -137289 3973.18
50 0 -158424 2282.06
51 0 -139389 3816.93
52 0 -157726 2426.48
53 0 -130509 3680.63
54 0 -157145 2507.13
55 0 -127352 5702.83
56 0 -152458 2344.68
57 0 -130735 4342.28
58 0 -153841 2464.01
59 0 -127021 4972.77
60 0 6.9451e-310 5
61 0 6.9451e-310 5
62 0 6.9451e-310 5
63 0 6.9451e-310 5
64 0 6.9451e-310 5
65 0 6.9451e-310 5
66 0 586071 2533.6
67 0 578018 2569.05
68 0 586717 2534.46
69 0 586328 2784.05
70 0 577710 2505.28
71 0 586192 2432.51
72 0 570642 2803.77
73 0 578331 2847.14
74 0 578357 2812.68
75 0 570708 2837.01
76 0 578413 3003.36
77 0 577101 2633.14
78 0 570093 2679.68
79 0 578199 3090.66
80 0 6.9451e-310 5
81 0 6.9451e-310 5
82 0 602783 2907.34
83 0 602928 2606.92
84 0 602704 2355.53
85 0 602635 2471.8
86 0 602610 2685.01
87 0 603399 2746.68
88 0 594776 2619.7
89 0 595513 2495.72
90 0 596282 2624.09
91 0 594815 2485.49
92 0 595902 2398.14
93 0 595673 2552.99
94 0 596947 2416.48
95 0 594566 2400.09
96 0 6.9451e-310 5
97 0 6.9451e-310 5
98 0 622286 2169.97
99 0 622124 2338.57
100 0 623412 2690.75
101 0 621796 2002.37
102 0 620475 2084.86
103 0 620713 1607.11
104 0 613407 2571.98
105 0 612175 2464.27
106 0 612414 2508.13
107 0 612856 2754.41
108 0 614994 2563.79
109 0 614969 2798.93
110 0 614206 2678.66
111 0 614508 2774.08
112 0 6.9451e-310 5
113 0 6.9451e-310 5
114 0 641820 2749.6
115 0 639960 2562.48
116 0 641976 2529.2
117 0 641220 2749.62
118 0 641282 2367.61
119 0 640966 2442.49
120 0 623144 2397.13
121 0 630667 2279.57
122 0 632298 2438.94
123 0 623029 2453.61
124 0 630620 2635.16
125 0 631636 2436.33
126 0 631875 2710.75
127 0 631134 2783.74
128 0 6.9451e-310 5
129 0 6.9451e-310 5
130 0 649531 2654.38
131 0 657869 2843.82
132 0 658374 2801.72
133 0 656316 2540.44
134 0 658409 2900.77
135 0 657973 2855.34
136 0 649647 2842.75
137 0 649237 2846.09
138 0 659586 912.034
139 0 660913 953.688
140 0 660668 674.849
141 0 661784 1009.33
142 0 660776 794.748
143 0 660668 676.137
144 0 6.9451e-310 5
145 0 6.9451e-310 5
146 0 673166 866.826
147 0 673012 891.78
148 0 671647 533.202
149 0 663183 698.063
150 0 670824 758.859
151 0 664551 704.737
152 0 664356 714.191
153 0 665603 768.723
154 0 664145 780.721
155 0 664602 714.001
156 0 6.9451e-310 5
157 0 6.9451e-310 5
158 0 6.9451e-310 5
159 0 6.9451e-310 5
