0 0 6.93079e-310 5
1 0 6.13221e-316 5
2 0 -252270 26860.4
3 0 -202464 2656.68
4 0 -117711 6113.36
5 0 -160368 7862.93
6 0 -291968 8064.01
7 0 -164178 12780.1
8 0 -383394 13434.3
9 0 -169058 3024.1
10 0 -112624 5246.84
11 0 -191564 26167.7
12 0 -261000 2080.38
13 0 -293176 7554.45
14 0 -171234 3383.52
15 0 -190820 6449.07
16 0 -315946 27189.8
17 0 -136726 3241.98
18 0 -205469 10140.5
19 0 -205604 2957.19
20 0 -315839 15704.9
21 0 -109877 2846.36
22 0 6.93079e-310 5
23 0 6.93079e-310 5
24 0 -104000 1698.63
25 0 -296123 1879.73
26 0 -268178 19389.7
27 0 -298500 0.179898
28 0 6.93079e-310 5
29 0 6.93079e-310 5
30 0 6.93079e-310 5
31 0 6.93079e-310 5
32 0 -288580 4074.35
33 0 -132676 4159.25
34 0 -146975 3368.93
35 0 -114763 2321.59
36 0 -245696 1378.93
37 0 -246500 0.175708
38 0 -280500 1471.08
39 0 -200439 2630.27
40 0 -183027 5933.13
41 0 -105198 3291.64
42 0 -190035 5828.66
43 0 -153315 4613.27
44 0 6.93079e-310 5
45 0 6.93079e-310 5
46 0 6.93079e-310 5
47 0 6.93079e-310 5
48 0 -222812 1992.27
49 0 -124579 2926.22
50 0 -275722 2415.27
51 0 -124955 9683.02
52 0 -232000 2685.76
53 0 -48881.8 20686.8
54 0 -320378 3959.77
55 0 -186645 3005.42
56 0 -145260 8288.08
57 0 -308535 10080
58 0 -140844 996.134
59 0 -270039 1630.78
60 0 6.93079e-310 5
61 0 6.93079e-310 5
62 0 6.93079e-310 5
63 0 6.93079e-310 5
64 0 6.93079e-310 5
65 0 6.93079e-310 5
66 0 571875 2540.02
67 0 571765 2727.28
68 0 572299 2553.48
69 0 572019 2466.23
70 0 571430 2266.34
71 0 571817 2288.1
72 0 564703 2350.27
73 0 564033 2326.9
74 0 564649 2186.89
75 0 595599 1430.08
76 0 595901 1314.34
77 0 563559 2017.54
78 0 589072 1483.11
79 0 591125 2364.17
80 0 6.93079e-310 5
81 0 6.93079e-310 5
82 0 615578 2045.13
83 0 617246 1097.75
84 0 588938 1718.74
85 0 613436 1749.41
86 0 589493 2015.53
87 0 623106 1254.49
88 0 573592 1772.26
89 0 582155 1692.34
90 0 582582 1973.5
91 0 573263 1727.92
92 0 581754 1935.14
93 0 581895 1835.56
94 0 582776 2104.04
95 0 580623 1943.31
96 0 6.93079e-310 5
97 0 6.93079e-310 5
98 0 607914 2196.55
99 0 607761 2085.31
100 0 609442 2978.92
101 0 607575 2238.32
102 0 607140 2062.28
103 0 629544 955.439
104 0 614618 748.526
105 0 629105 1402.37
106 0 600328 2825.96
107 0 617045 1279.88
108 0 602510 2753.86
109 0 602440 2783.41
110 0 601603 2595.74
111 0 630552 989.123
112 0 6.93079e-310 5
113 0 6.93079e-310 5
114 0 628028 2766.43
115 0 626769 2597.25
116 0 628011 2561.49
117 0 619384 2723.17
118 0 627114 2438.54
119 0 626831 2475.34
120 0 617766 2480.59
121 0 617588 2465.64
122 0 618129 2403.26
123 0 617419 2414.74
124 0 616539 2320.93
125 0 617356 2459.51
126 0 618050 2276.79
127 0 617118 2541.36
128 0 6.93079e-310 5
129 0 6.93079e-310 5
130 0 635686 2973.98
131 0 644432 2588.18
132 0 671859 938.55
133 0 671769 948.559
134 0 669840 1335.37
135 0 645259 2828.5
136 0 660057 738.342
137 0 695174 14894
138 0 645696 1037.58
139 0 647246 1097.88
140 0 647672 1004.1
141 0 648118 1328.29
142 0 647047 855.415
143 0 639685 1063
144 0 6.93079e-310 5
145 0 6.93079e-310 5
146 0 675447 724.812
147 0 667129 880.077
148 0 673780 499.253
149 0 673300 610.904
150 0 673343 682.824
151 0 674662 733.874
152 0 666599 874.661
153 0 667737 910.078
154 0 666749 833.897
155 0 666991 842.059
156 0 6.93079e-310 5
157 0 6.93079e-310 5
158 0 6.93079e-310 5
159 0 6.93079e-310 5
