0 0 6.9386e-310 5
1 0 3.98117e-316 5
2 0 -197102 8078.92
3 0 -322310 5208.91
4 0 -375574 30846
5 0 -203126 4409.34
6 0 -196348 15295.6
7 0 -171545 16555.3
8 0 -112711 9225.23
9 0 -318414 8468.05
10 0 -197434 5651.78
11 0 -322189 6550.13
12 0 -254598 16269.8
13 0 -189818 31410.2
14 0 -116446 4952.1
15 0 -343956 20337.1
16 0 -158863 5527.71
17 0 -141623 7719.47
18 0 -165522 5098.46
19 0 -306473 21810.1
20 0 -88814 31737.2
21 0 -338181 19932.5
22 0 6.9386e-310 5
23 0 6.9386e-310 5
24 0 -384317 12951.7
25 0 -251299 28350.8
26 0 -221464 3407.91
27 0 -272187 29681.5
28 0 6.9386e-310 5
29 0 6.9386e-310 5
30 0 6.9386e-310 5
31 0 6.9386e-310 5
32 0 -143808 2783.75
33 0 -90809.6 32932.7
34 0 -221765 5393.18
35 0 -122031 3823.7
36 0 -157758 3366.72
37 0 -154949 4640.96
38 0 -152829 3224.26
39 0 -206063 31665.8
40 0 -151224 2771.03
41 0 -126079 5715.29
42 0 -159108 2409.34
43 0 -270214 768.256
44 0 6.9386e-310 5
45 0 6.9386e-310 5
46 0 6.9386e-310 5
47 0 6.9386e-310 5
48 0 -219554 4676.58
49 0 -200191 3351.48
50 0 -169312 6349.6
51 0 -161371 6512.27
52 0 -137263 14157.6
53 0 -193470 30689.6
54 0 -142260 4301.47
55 0 -111045 6329.02
56 0 -253559 5416.44
57 0 -122829 32188.8
58 0 -166168 5903.32
59 0 -137330 6783.04
60 0 6.9386e-310 5
61 0 6.9386e-310 5
62 0 6.9386e-310 5
63 0 6.9386e-310 5
64 0 6.9386e-310 5
65 0 6.9386e-310 5
66 0 586252 2331.27
67 0 586067 2197.51
68 0 586750 2134.96
69 0 586428 2245.13
70 0 585978 2009.57
71 0 586360 2117.81
72 0 571147 2043.23
73 0 578658 2116.29
74 0 579154 1963.75
75 0 571387 2048.94
76 0 579632 2030.01
77 0 578135 1885.61
78 0 571610 2046.68
79 0 579572 2020.03
80 0 6.9386e-310 5
81 0 6.9386e-310 5
82 0 604663 1787.65
83 0 604489 1933.68
84 0 603362 1520.3
85 0 603062 1368.74
86 0 603429 1411.01
87 0 604185 1489.4
88 0 595631 1395.87
89 0 596225 1382.83
90 0 588823 1584.9
91 0 595424 1401.62
92 0 596253 1759.1
93 0 596193 1626.63
94 0 596971 1896.77
95 0 594931 1765.85
96 0 6.9386e-310 5
97 0 6.9386e-310 5
98 0 614211 2002.48
99 0 622009 1901.24
100 0 623098 2353.77
101 0 621718 1967.7
102 0 620666 3521.44
103 0 619892 3221.17
104 0 614550 2773.56
105 0 613021 3118.2
106 0 614089 2471.94
107 0 614281 2434.1
108 0 616163 2412.73
109 0 616300 2589.62
110 0 615513 2261.26
111 0 615759 2319.27
112 0 6.9386e-310 5
113 0 6.9386e-310 5
114 0 642224 2343.75
115 0 640959 2213.82
116 0 641924 2203.97
117 0 641420 2406.91
118 0 641108 2013.82
119 0 640987 2134.89
120 0 631591 1841.83
121 0 631344 1864.3
122 0 632128 1812.93
123 0 631173 1769.54
124 0 622619 1806.8
125 0 631307 1862.28
126 0 631872 1973.27
127 0 623171 1963.34
128 0 6.9386e-310 5
129 0 6.9386e-310 5
130 0 657834 2219.63
131 0 658136 2110.05
132 0 658991 2561.61
133 0 657117 2310.51
134 0 659317 3012.25
135 0 658459 2882.28
136 0 648577 5847.48
137 0 649096 4048.86
138 0 659894 637.867
139 0 661227 654.008
140 0 661662 615.469
141 0 662168 827.671
142 0 661499 651.496
143 0 661786 691.41
144 0 6.9386e-310 5
145 0 6.9386e-310 5
146 0 673772 463.22
147 0 673684 715.769
148 0 672334 570.74
149 0 671842 379.32
150 0 671719 421.846
151 0 672994 458.975
152 0 664709 423.635
153 0 665828 503.742
154 0 664770 387.42
155 0 664818 595.745
156 0 6.9386e-310 5
157 0 6.9386e-310 5
158 0 6.9386e-310 5
159 0 6.9386e-310 5
