0 0 6.94611e-310 5
1 0 5.26935e-316 5
2 0 -212953 2620.02
3 0 -190825 4761.4
4 0 -208391 2646.47
5 0 -184738 4152.37
6 0 -214008 2582.5
7 0 -180580 4419.97
8 0 -215949 2642.98
9 0 -185046 4533.4
10 0 -215920 2804.82
11 0 -192438 3968.81
12 0 -218574 2587.18
13 0 -201542 4059.35
14 0 -226229 2534.49
15 0 -199291 3972.58
16 0 -174480 2434.16
17 0 -156326 4594.28
18 0 -181430 2544.89
19 0 -152549 5093.72
20 0 -183992 2695.71
21 0 -150448 4863.24
22 0 6.94611e-310 5
23 0 6.94611e-310 5
24 0 -183084 2650.53
25 0 -154582 4277.09
26 0 -183262 2943.29
27 0 -145094 4563.77
28 0 6.94611e-310 5
29 0 6.94611e-310 5
30 0 6.94611e-310 5
31 0 6.94611e-310 5
32 0 -161913 3141.5
33 0 -142834 4209.79
34 0 -164995 2863.09
35 0 -142422 4935.52
36 0 -174571 2468.46
37 0 -146188 4731.31
38 0 -171552 2521.71
39 0 -141318 4810.4
40 0 -168212 2680.46
41 0 -144655 4561.31
42 0 -175453 2540.57
43 0 -146488 4592.48
44 0 6.94611e-310 5
45 0 6.94611e-310 5
46 0 6.94611e-310 5
47 0 6.94611e-310 5
48 0 -155788 2652.4
49 0 -137791 4080.85
50 0 -159077 2462.13
51 0 -140225 3827.38
52 0 -158283 2447.81
53 0 -131051 3776.49
54 0 -157792 2564.63
55 0 -127896 5577.45
56 0 -153097 2491.61
57 0 -131168 4311.61
58 0 -154353 2513.66
59 0 -127348 4575.89
60 0 6.94611e-310 5
61 0 6.94611e-310 5
62 0 6.94611e-310 5
63 0 6.94611e-310 5
64 0 6.94611e-310 5
65 0 6.94611e-310 5
66 0 569447 2662.95
67 0 569290 2532.54
68 0 570072 2456.94
69 0 569701 2575.06
70 0 569109 2468.43
71 0 561682 2502.22
72 0 562057 2979.65
73 0 561630 2977.93
74 0 561457 3170.28
75 0 562051 3087.32
76 0 561494 3183.14
77 0 560508 2906.34
78 0 561230 2979.92
79 0 561408 3073.81
80 0 6.94611e-310 5
81 0 6.94611e-310 5
82 0 586230 2734.28
83 0 586176 2811.02
84 0 585820 2631.45
85 0 586015 2481.35
86 0 585624 3054.14
87 0 586315 3150.57
88 0 570376 2504.82
89 0 578508 2851.58
90 0 579574 2835.41
91 0 569866 2893.72
92 0 579199 2704.38
93 0 578951 2550.36
94 0 580489 2530.28
95 0 577899 2367.61
96 0 6.94611e-310 5
97 0 6.94611e-310 5
98 0 605821 2283.63
99 0 605663 2447.02
100 0 606763 2682.09
101 0 605130 1971.24
102 0 603815 2337.66
103 0 604274 1633.85
104 0 588426 2730.46
105 0 595304 2576.6
106 0 595880 2792.17
107 0 588030 2632.55
108 0 598053 2743.92
109 0 598130 2885.91
110 0 597710 2803.08
111 0 597999 2671.73
112 0 6.94611e-310 5
113 0 6.94611e-310 5
114 0 625029 3057.06
115 0 623287 2719.94
116 0 625285 2478.96
117 0 624566 2587.83
118 0 624759 2490.19
119 0 624314 2410.17
120 0 614397 2276.66
121 0 614147 2309.26
122 0 615762 2463.47
123 0 614551 2381.11
124 0 613938 2531.69
125 0 614868 2463.52
126 0 614902 3118.65
127 0 614400 3117.66
128 0 6.94611e-310 5
129 0 6.94611e-310 5
130 0 640245 3130.51
131 0 641057 3078.03
132 0 641122 3354.87
133 0 639806 2715.65
134 0 641399 2710.06
135 0 640800 2801.22
136 0 632643 2671.86
137 0 632363 2727.89
138 0 634660 705.555
139 0 644326 986.9
140 0 644407 913.499
141 0 644650 718.001
142 0 644182 926.034
143 0 644473 971.572
144 0 6.94611e-310 5
145 0 6.94611e-310 5
146 0 672660 788.783
147 0 672458 1010.76
148 0 671081 664.609
149 0 670607 587.795
150 0 670418 672.669
151 0 671833 787.934
152 0 663657 712.678
153 0 664863 790.096
154 0 663560 667.415
155 0 663874 807.429
156 0 6.94611e-310 5
157 0 6.94611e-310 5
158 0 6.94611e-310 5
159 0 6.94611e-310 5
