0 0 6.89851e-310 5
1 0 4.31197e-316 5
2 0 -210839 2656.56
3 0 -188496 4846.24
4 0 -206291 2623.76
5 0 -182632 4103.11
6 0 -212002 2735.19
7 0 -178264 4629.91
8 0 -213830 2671.5
9 0 -183230 4747.75
10 0 -213967 3158.18
11 0 -190446 3994.75
12 0 -216195 2506.14
13 0 -199474 4198.68
14 0 -224111 2747.96
15 0 -197262 4209.56
16 0 -172305 2551.28
17 0 -154264 4421.84
18 0 -179671 2788.16
19 0 -150165 4922.06
20 0 -182120 2799.61
21 0 -148327 4560.65
22 0 6.89851e-310 5
23 0 6.89851e-310 5
24 0 -181081 2889.84
25 0 -152454 4361.02
26 0 -181021 2945.95
27 0 -143407 4925.46
28 0 6.89851e-310 5
29 0 6.89851e-310 5
30 0 6.89851e-310 5
31 0 6.89851e-310 5
32 0 -159615 3084.7
33 0 -140325 4584.04
34 0 -163050 3038.86
35 0 -140317 5095.93
36 0 -172435 2631.58
37 0 -144802 4340.18
38 0 -169414 2544.53
39 0 -139325 4636.05
40 0 -166077 2929.32
41 0 -142799 4639.67
42 0 -173222 2722.88
43 0 -144219 4821.26
44 0 6.89851e-310 5
45 0 6.89851e-310 5
46 0 6.89851e-310 5
47 0 6.89851e-310 5
48 0 -199048 3911.81
49 0 -135797 4188.19
50 0 -157091 2537.08
51 0 -138035 3780.36
52 0 -156264 2467.06
53 0 -129107 3530.9
54 0 -155783 2802.96
55 0 -126037 5457.55
56 0 -151086 2605.74
57 0 -129194 4176
58 0 -152290 2528.24
59 0 -125424 4906.26
60 0 6.89851e-310 5
61 0 6.89851e-310 5
62 0 6.89851e-310 5
63 0 6.89851e-310 5
64 0 6.89851e-310 5
65 0 6.89851e-310 5
66 0 586175 2373.51
67 0 586084 2376.89
68 0 586919 2377.6
69 0 586541 2450.12
70 0 585986 2405.68
71 0 586578 2447.79
72 0 570762 3029.65
73 0 578511 2917.45
74 0 578272 3119.37
75 0 570745 3116.64
76 0 578431 3067.46
77 0 577505 2869.17
78 0 570098 2669.03
79 0 578296 2811.58
80 0 6.89851e-310 5
81 0 6.89851e-310 5
82 0 602988 2577.18
83 0 603156 2694.75
84 0 602280 3098.14
85 0 602592 2290.08
86 0 602504 2842.72
87 0 603060 3124.49
88 0 595080 2386.29
89 0 595354 2812.83
90 0 588483 2601.09
91 0 594616 2838.8
92 0 595850 2720.09
93 0 595767 2581.31
94 0 597374 2574.46
95 0 594844 2596.75
96 0 6.89851e-310 5
97 0 6.89851e-310 5
98 0 614882 2410.61
99 0 622884 2694.42
100 0 623466 2468.48
101 0 622030 1960.53
102 0 620116 2275.86
103 0 620699 1970.99
104 0 613199 2629.99
105 0 612073 2445.62
106 0 612730 2667.38
107 0 612966 2514.41
108 0 614791 2699.51
109 0 614968 2790.36
110 0 614594 2824.62
111 0 614602 2541.15
112 0 6.89851e-310 5
113 0 6.89851e-310 5
114 0 642427 3160.71
115 0 640600 2948.16
116 0 642828 2932.16
117 0 642286 3141.71
118 0 641189 2165.78
119 0 641142 2374.45
120 0 631224 2104.92
121 0 630679 1998.99
122 0 632155 2099.38
123 0 631112 2108.96
124 0 622714 2340.05
125 0 631523 2252.84
126 0 631515 3079.21
127 0 623095 2704.05
128 0 6.89851e-310 5
129 0 6.89851e-310 5
130 0 657043 2873.03
131 0 657793 2887.31
132 0 658004 2693.05
133 0 656534 2560.76
134 0 658150 2509.55
135 0 657530 2575.29
136 0 649109 2506.99
137 0 649009 2465.12
138 0 659691 712.05
139 0 660965 812.755
140 0 661229 777.894
141 0 661780 769.026
142 0 661104 857.349
143 0 661403 887.642
144 0 6.89851e-310 5
145 0 6.89851e-310 5
146 0 673618 710.25
147 0 673368 946.294
148 0 672002 630.997
149 0 671582 574.766
150 0 671261 554.012
151 0 672783 755.317
152 0 664438 603.78
153 0 665676 705.72
154 0 664377 550.095
155 0 664622 698.012
156 0 6.89851e-310 5
157 0 6.89851e-310 5
158 0 6.89851e-310 5
159 0 6.89851e-310 5
