0 0 6.91143e-310 5
1 0 4.94256e-316 5
2 0 -211395 2703.37
3 0 -189017 4693.85
4 0 -206796 2758.68
5 0 -183083 4446.58
6 0 -212609 2811.69
7 0 -178923 4842.96
8 0 -214335 2626.02
9 0 -183729 4666.06
10 0 -214436 2891.46
11 0 -190761 3984.76
12 0 -216920 2683.77
13 0 -199957 4264.78
14 0 -224869 2783.92
15 0 -197747 4003.09
16 0 -172931 2702.73
17 0 -154892 4832.11
18 0 -180155 2760.93
19 0 -150466 4811.37
20 0 -182718 2877.14
21 0 -148781 4477.02
22 0 6.91143e-310 5
23 0 6.91143e-310 5
24 0 -181347 2816.11
25 0 -153000 4030.47
26 0 -181696 2671.74
27 0 -143739 5138.97
28 0 6.91143e-310 5
29 0 6.91143e-310 5
30 0 6.91143e-310 5
31 0 6.91143e-310 5
32 0 -160365 3000.41
33 0 -141291 4333.94
34 0 -163729 3102.18
35 0 -141058 4765.74
36 0 -173103 2616.28
37 0 -145528 4863.22
38 0 -170041 2687.83
39 0 -139779 4652.19
40 0 -166903 2924.32
41 0 -143045 4852.86
42 0 -173887 2850.27
43 0 -144795 4280.18
44 0 6.91143e-310 5
45 0 6.91143e-310 5
46 0 6.91143e-310 5
47 0 6.91143e-310 5
48 0 -154193 2710.19
49 0 -136160 4142.38
50 0 -157736 2682.37
51 0 -138600 3812.21
52 0 -156737 2442.31
53 0 -129751 3791.33
54 0 -156220 2744.82
55 0 -126611 5636.86
56 0 -151600 2628.23
57 0 -129855 4338.09
58 0 -152969 2732.55
59 0 -126156 4596.18
60 0 6.91143e-310 5
61 0 6.91143e-310 5
62 0 6.91143e-310 5
63 0 6.91143e-310 5
64 0 6.91143e-310 5
65 0 6.91143e-310 5
66 0 586132 2484.99
67 0 586054 2450.58
68 0 586884 2444.53
69 0 586486 2571.06
70 0 585942 2467.78
71 0 586510 2515.82
72 0 570762 3046.11
73 0 578446 3060.58
74 0 578231 3197.08
75 0 570682 3177.12
76 0 578219 3299.48
77 0 577229 2748.42
78 0 570033 2747.22
79 0 578233 2876.14
80 0 6.91143e-310 5
81 0 6.91143e-310 5
82 0 602884 2630.92
83 0 602829 2638.79
84 0 602273 3003.23
85 0 602538 2297.37
86 0 602247 2975.97
87 0 603032 3135.56
88 0 595016 2441.63
89 0 595213 2788.21
90 0 588193 2919.91
91 0 594559 2768.41
92 0 595844 2635.9
93 0 595751 2512.42
94 0 597183 2602.05
95 0 594752 2450.78
96 0 6.91143e-310 5
97 0 6.91143e-310 5
98 0 614765 2408.17
99 0 622422 2446.98
100 0 623470 2582.35
101 0 621902 1977.41
102 0 619940 2325.45
103 0 620464 1849
104 0 613085 2604.85
105 0 611939 2388.06
106 0 612443 2673.32
107 0 612812 2655.53
108 0 614899 2694.83
109 0 614769 2738.86
110 0 614292 2934.3
111 0 614729 2587.18
112 0 6.91143e-310 5
113 0 6.91143e-310 5
114 0 642105 3176.66
115 0 640151 2870.06
116 0 641955 2418.97
117 0 642127 3374.94
118 0 641102 2219.46
119 0 640929 2325.53
120 0 631094 2086.51
121 0 630610 2092.45
122 0 632165 2197.43
123 0 631061 2230.45
124 0 622663 2358.04
125 0 631507 2281.74
126 0 631749 2971.36
127 0 622985 2831.3
128 0 6.91143e-310 5
129 0 6.91143e-310 5
130 0 657063 2733.97
131 0 657535 3139.97
132 0 657846 2738.76
133 0 656500 2618.05
134 0 658196 2595.98
135 0 657581 2690.35
136 0 649077 2687.67
137 0 648917 2566.81
138 0 659638 722.486
139 0 660878 797.975
140 0 660961 813.847
141 0 661683 760.833
142 0 660907 813.078
143 0 661237 939.251
144 0 6.91143e-310 5
145 0 6.91143e-310 5
146 0 673493 867.146
147 0 673301 966.593
148 0 671727 577.677
149 0 671488 596.838
150 0 671083 647.31
151 0 672653 719.499
152 0 664384 576.45
153 0 665603 685.67
154 0 664336 545.057
155 0 664521 665.462
156 0 6.91143e-310 5
157 0 6.91143e-310 5
158 0 6.91143e-310 5
159 0 6.91143e-310 5
