0 0 6.90397e-310 5
1 0 6.01037e-316 5
2 0 -252854 3383.08
3 0 -230815 5455.32
4 0 -248406 2864.51
5 0 -180935 2934.3
6 0 -254253 3448.02
7 0 -220738 7004.48
8 0 -256620 2748.32
9 0 -224657 5613.41
10 0 -256561 3311.15
11 0 -233189 4229.6
12 0 -257486 2916.67
13 0 -197853 3171.9
14 0 -266258 2686.01
15 0 -195813 3766.15
16 0 -213552 2027.22
17 0 -195657 3711.13
18 0 -221252 3119.65
19 0 -148879 3941.36
20 0 -180189 2533.6
21 0 -188919 5374.53
22 0 6.90397e-310 5
23 0 6.90397e-310 5
24 0 -178945 2917.21
25 0 -194656 3932.76
26 0 -179122 2840.26
27 0 -183499 5565.89
28 0 6.90397e-310 5
29 0 6.90397e-310 5
30 0 6.90397e-310 5
31 0 6.90397e-310 5
32 0 -202478 3059
33 0 -181886 3654.13
34 0 -205670 2414.88
35 0 -138660 4408.47
36 0 -212697 2717.11
37 0 -143463 4063.32
38 0 -167732 2200.22
39 0 -180849 4608.58
40 0 -209253 2646.58
41 0 -185906 4933.77
42 0 -215287 3017.93
43 0 -186410 5022.18
44 0 6.90397e-310 5
45 0 6.90397e-310 5
46 0 6.90397e-310 5
47 0 6.90397e-310 5
48 0 -152607 2869.08
49 0 -133960 3354.21
50 0 -154920 2297.79
51 0 -136328 3289.34
52 0 -154430 3475.86
53 0 -126890 4356.56
54 0 -197315 3832.89
55 0 -169289 5075.3
56 0 -193716 2453.32
57 0 -128357 2998.5
58 0 -195200 2943.32
59 0 -168317 4379.47
60 0 6.90397e-310 5
61 0 6.90397e-310 5
62 0 6.90397e-310 5
63 0 6.90397e-310 5
64 0 6.90397e-310 5
65 0 6.90397e-310 5
66 0 569764 2491.35
67 0 569503 2448.25
68 0 570432 2798.06
69 0 561886 2594.29
70 0 570346 3040.02
71 0 570173 2818.34
72 0 563237 3175.34
73 0 562739 3132.97
74 0 562467 2830.81
75 0 562968 2957.29
76 0 562676 2797.84
77 0 553381 2737.1
78 0 562530 2866.83
79 0 562529 2787.44
80 0 6.90397e-310 5
81 0 6.90397e-310 5
82 0 587386 2608.22
83 0 587298 2669.64
84 0 586572 2710.89
85 0 586439 2632.6
86 0 586840 2704.73
87 0 587607 2734.83
88 0 571372 2755.6
89 0 579861 2676.63
90 0 580562 2755.66
91 0 571040 2573.89
92 0 580071 2810.13
93 0 579964 2745.07
94 0 582100 3195.65
95 0 579500 2969.65
96 0 6.90397e-310 5
97 0 6.90397e-310 5
98 0 606955 2908
99 0 599113 3174.52
100 0 606843 2362.98
101 0 605899 2281.32
102 0 604163 2408.68
103 0 604371 2235.08
104 0 597413 2707.78
105 0 596399 2616.82
106 0 596909 2768.8
107 0 597119 2791.92
108 0 598746 2814.36
109 0 598968 2856.17
110 0 598947 3339.94
111 0 598763 2911.76
112 0 6.90397e-310 5
113 0 6.90397e-310 5
114 0 627099 3687.16
115 0 617150 3209.51
116 0 626666 3046.01
117 0 626619 3501.24
118 0 624981 2574.79
119 0 625258 2905.15
120 0 606697 2257.5
121 0 613968 2109.17
122 0 616020 2660.06
123 0 606589 2305.99
124 0 615207 2842.26
125 0 615648 2787.87
126 0 615866 2929.11
127 0 615806 3273.59
128 0 6.90397e-310 5
129 0 6.90397e-310 5
130 0 641228 2655.31
131 0 641867 2880.62
132 0 642067 2622.7
133 0 640669 2637.7
134 0 642352 2665.84
135 0 641713 2661.95
136 0 633162 2542.55
137 0 632976 2532.42
138 0 643907 1438.9
139 0 645099 1426.16
140 0 645415 1423.95
141 0 638106 1476.13
142 0 645132 1390.95
143 0 645347 1411.33
144 0 6.90397e-310 5
145 0 6.90397e-310 5
146 0 673592 1358.39
147 0 673260 1376.4
148 0 672349 1363.21
149 0 671974 1395.01
150 0 671752 1507.53
151 0 673251 1499.52
152 0 664942 1482.6
153 0 666097 1450.28
154 0 664796 1462.8
155 0 665131 1504.99
156 0 6.90397e-310 5
157 0 6.90397e-310 5
158 0 6.90397e-310 5
159 0 6.90397e-310 5
