0 0 6.92318e-310 5
1 0 5.01287e-316 5
2 0 -210700 2601.97
3 0 -188259 4865.59
4 0 -206086 2603.35
5 0 -182469 3993.53
6 0 -211803 2678.09
7 0 -178073 4458.16
8 0 -213728 2679.15
9 0 -183030 4365.18
10 0 -213597 2812.07
11 0 -190128 4175.55
12 0 -216129 2556.36
13 0 -199037 3971.65
14 0 -224094 2603.24
15 0 -197321 4069.89
16 0 -172248 2517.89
17 0 -154091 4275.41
18 0 -179460 2726.45
19 0 -149864 4910.19
20 0 -181917 2643.31
21 0 -148143 4603.5
22 0 6.92318e-310 5
23 0 6.92318e-310 5
24 0 -180672 2645.25
25 0 -152185 4175.23
26 0 -180918 2547.23
27 0 -142775 4289.06
28 0 6.92318e-310 5
29 0 6.92318e-310 5
30 0 6.92318e-310 5
31 0 6.92318e-310 5
32 0 -159274 2635.06
33 0 -139958 4410.42
34 0 -162763 2861.73
35 0 -140123 4586.1
36 0 -172494 2680.61
37 0 -144774 4691.56
38 0 -169277 2498.11
39 0 -139276 4674.04
40 0 -165828 2807.23
41 0 -142381 4495.45
42 0 -173147 2722.94
43 0 -144145 4648.08
44 0 6.92318e-310 5
45 0 6.92318e-310 5
46 0 6.92318e-310 5
47 0 6.92318e-310 5
48 0 -153598 2699.04
49 0 -135020 3844.86
50 0 -156835 2451.38
51 0 -137942 3856.74
52 0 -156132 2430.72
53 0 -128965 3583.59
54 0 -155483 2501.32
55 0 -125702 5564.36
56 0 -151020 2594.59
57 0 -129066 4312.96
58 0 -152250 2588.62
59 0 -125187 4252.89
60 0 6.92318e-310 5
61 0 6.92318e-310 5
62 0 6.92318e-310 5
63 0 6.92318e-310 5
64 0 6.92318e-310 5
65 0 6.92318e-310 5
66 0 586357 2461.13
67 0 578181 2385.91
68 0 586921 2334.14
69 0 586556 2425.33
70 0 577959 2390.83
71 0 586541 2448.08
72 0 570876 2706.46
73 0 578536 2708.82
74 0 578544 2767.44
75 0 570943 2747.11
76 0 578688 2747.59
77 0 577598 2582.08
78 0 570421 2630.35
79 0 578606 2743.56
80 0 6.92318e-310 5
81 0 6.92318e-310 5
82 0 603340 2538.72
83 0 603402 2566.9
84 0 602927 2427.86
85 0 602939 2279.24
86 0 602809 2675.96
87 0 603526 2849.53
88 0 595346 2419.21
89 0 595554 2612.85
90 0 596561 2449.97
91 0 594989 2540.7
92 0 595884 2401.55
93 0 595878 2404.29
94 0 597344 2425.67
95 0 594948 2416.06
96 0 6.92318e-310 5
97 0 6.92318e-310 5
98 0 622960 2449.02
99 0 622914 2673.57
100 0 623584 2428.65
101 0 622089 1957.85
102 0 620389 2205.01
103 0 620755 1740.89
104 0 613478 2565.67
105 0 612279 2395.4
106 0 612849 2544.11
107 0 613209 2499.23
108 0 615008 2558.6
109 0 615121 2713.92
110 0 614695 2750.64
111 0 614830 2415.79
112 0 6.92318e-310 5
113 0 6.92318e-310 5
114 0 642478 3038.74
115 0 640720 2846.39
116 0 642489 2673.2
117 0 642353 3117.16
118 0 641126 2158.2
119 0 641277 2471.46
120 0 623251 2121.27
121 0 630681 2004.26
122 0 632215 2091.28
123 0 623177 2128.07
124 0 630801 2303.61
125 0 631574 2255.17
126 0 631801 2667.04
127 0 631240 2571.25
128 0 6.92318e-310 5
129 0 6.92318e-310 5
130 0 649382 2674.56
131 0 658000 2686.3
132 0 658287 2731.11
133 0 656759 2469.69
134 0 658527 2526.41
135 0 657803 2507.2
136 0 649524 2280.4
137 0 649278 2493.17
138 0 659740 698.572
139 0 660997 800.881
140 0 661249 765.553
141 0 661824 764.68
142 0 661098 839.124
143 0 661385 858.849
144 0 6.92318e-310 5
145 0 6.92318e-310 5
146 0 673548 661.94
147 0 673361 924.495
148 0 671893 513.83
149 0 663593 514.314
150 0 673841 2094.04
151 0 664822 747.031
152 0 664458 532.027
153 0 665667 652.262
154 0 664395 488.05
155 0 664612 655.304
156 0 6.92318e-310 5
157 0 6.92318e-310 5
158 0 6.92318e-310 5
159 0 6.92318e-310 5
146 0 673548 661.94
147 0 673361 924.495
