0 0 6.91042e-310 5
1 0 5.86616e-316 5
2 0 -210216 2585.94
3 0 -187846 4722.62
4 0 -205495 2603.99
5 0 -182181 4005.65
6 0 -211207 2535.08
7 0 -177632 4551.98
8 0 -213082 2687.5
9 0 -182348 4686.12
10 0 -213169 2857.56
11 0 -189641 4020.02
12 0 -215785 2584.21
13 0 -198896 4325.63
14 0 -223751 2741.84
15 0 -196436 3972.92
16 0 -171718 2435.07
17 0 -153684 4791.44
18 0 -178810 2823.09
19 0 -149345 5397.63
20 0 -181291 2632.86
21 0 -147444 4392.65
22 0 6.91042e-310 5
23 0 6.91042e-310 5
24 0 -180352 2731.34
25 0 6.91042e-310 5
26 0 -180453 2915.43
27 0 6.91042e-310 5
28 0 6.91042e-310 5
29 0 6.91042e-310 5
30 0 6.91042e-310 5
31 0 6.91042e-310 5
32 0 -158790 2828.68
33 0 6.91042e-310 5
34 0 -162236 2735.15
35 0 6.91042e-310 5
36 0 -171859 2663.93
37 0 6.91042e-310 5
38 0 -168928 2573.77
39 0 6.91042e-310 5
40 0 -165503 2624.53
41 0 6.91042e-310 5
42 0 -172726 2701.44
43 0 6.91042e-310 5
44 0 6.91042e-310 5
45 0 6.91042e-310 5
46 0 6.91042e-310 5
47 0 6.91042e-310 5
48 0 -153101 2961.78
49 0 6.91042e-310 5
50 0 -156335 2427.33
51 0 6.91042e-310 5
52 0 -155678 2580.98
53 0 6.91042e-310 5
54 0 -155030 2552.14
55 0 6.91042e-310 5
56 0 -150148 2441.54
57 0 -128500 4084.55
58 0 -151732 2580.18
59 0 -124613 4485.33
60 0 6.91042e-310 5
61 0 6.91042e-310 5
62 0 6.91042e-310 5
63 0 6.91042e-310 5
64 0 6.91042e-310 5
65 0 6.91042e-310 5
66 0 586036 2258.54
67 0 585896 2264.93
68 0 586766 2265.09
69 0 586348 2338.24
70 0 586005 2442.18
71 0 578525 2411.8
72 0 578641 2894.61
73 0 578481 2862.95
74 0 578291 2933.63
75 0 578707 2930.63
76 0 578481 2889.9
77 0 577458 2745.2
78 0 578132 2649.23
79 0 578298 2798.46
80 0 6.91042e-310 5
81 0 6.91042e-310 5
82 0 603028 2467.52
83 0 603172 2551.48
84 0 602574 2674.83
85 0 602680 2217.96
86 0 602590 2703.67
87 0 603056 3073.27
88 0 587039 2409.6
89 0 595435 2685.62
90 0 596508 2554.56
91 0 586688 2712.41
92 0 595940 2763.75
93 0 595747 2652.78
94 0 597663 2777.27
95 0 595010 2730.05
96 0 6.91042e-310 5
97 0 6.91042e-310 5
98 0 623033 2553.66
99 0 622754 2625.2
100 0 623122 2237.91
101 0 622033 1982.66
102 0 620426 2233.02
103 0 620862 1684.79
104 0 605291 2583.54
105 0 612105 2432.64
106 0 612686 2570.53
107 0 604916 2453.07
108 0 614719 2677.77
109 0 615050 2782.55
110 0 614698 2806.82
111 0 614533 2593.51
112 0 6.91042e-310 5
113 0 6.91042e-310 5
114 0 642374 3135.89
115 0 640630 2931.59
116 0 642762 2820.22
117 0 642251 3111.09
118 0 641206 2157.23
119 0 641562 2648.76
120 0 631003 1976.15
121 0 630601 1933.34
122 0 632021 1993.43
123 0 630957 1980.2
124 0 630848 2721.68
125 0 631298 2094.73
126 0 631389 3009.24
127 0 631027 2716.39
128 0 6.91042e-310 5
129 0 6.91042e-310 5
130 0 657062 2714.83
131 0 657702 2720.1
132 0 657988 2569.26
133 0 656460 2487.25
134 0 658061 2449.31
135 0 657494 2510.28
136 0 649213 2322
137 0 649008 2457.23
138 0 651614 661.598
139 0 660877 754.779
140 0 661143 647.474
141 0 661743 730.6
142 0 660935 740.271
143 0 661261 754.305
144 0 6.91042e-310 5
145 0 6.91042e-310 5
146 0 673446 576.963
147 0 673150 817.059
148 0 671922 539.82
149 0 671511 509.516
150 0 671244 521.067
151 0 672644 689.176
152 0 664386 550.812
153 0 665586 654.404
154 0 664322 495.022
155 0 664583 666.782
156 0 6.91042e-310 5
157 0 6.91042e-310 5
158 0 6.91042e-310 5
159 0 6.91042e-310 5
