0 0 6.94392e-310 5
1 0 4.9791e-316 5
2 0 -208957 2582.98
3 0 -186268 4700.18
4 0 -248524 3593.09
5 0 -180646 4211.46
6 0 -210023 2626.25
7 0 -176233 4689.75
8 0 -211986 2572.35
9 0 -181224 4578.44
10 0 -211911 2824.36
11 0 -188208 3855.79
12 0 -214244 2411.44
13 0 -197462 4207.65
14 0 -222242 2597.86
15 0 -195150 3978.45
16 0 -170457 2562.69
17 0 -152022 4869.97
18 0 -177798 2712.52
19 0 -148095 4774.73
20 0 -225302 4185.18
21 0 -146235 4757.56
22 0 6.94392e-310 5
23 0 6.94392e-310 5
24 0 -179023 2671.28
25 0 -150322 4041.75
26 0 -222419 3771.2
27 0 -184287 5166.35
28 0 6.94392e-310 5
29 0 6.94392e-310 5
30 0 6.94392e-310 5
31 0 6.94392e-310 5
32 0 -157612 2945.42
33 0 -138068 4094.3
34 0 -161016 2826.23
35 0 -138313 4450.75
36 0 -170602 2620.86
37 0 -142967 4857
38 0 -167735 2561.82
39 0 -137311 4640.98
40 0 -164202 2698.46
41 0 -140539 4551.31
42 0 -171214 2622.69
43 0 -142316 4636.54
44 0 6.94392e-310 5
45 0 6.94392e-310 5
46 0 6.94392e-310 5
47 0 6.94392e-310 5
48 0 -151489 2594.58
49 0 -133287 4060.72
50 0 -155073 2444.71
51 0 -135933 3832.81
52 0 -154196 2267.9
53 0 -127052 3639.45
54 0 -153791 2578.85
55 0 -123699 5445.53
56 0 -149027 2486.12
57 0 -171547 4664.53
58 0 -150418 2595.08
59 0 -123451 4813.61
60 0 6.94392e-310 5
61 0 6.94392e-310 5
62 0 6.94392e-310 5
63 0 6.94392e-310 5
64 0 6.94392e-310 5
65 0 6.94392e-310 5
66 0 570572 2209.42
67 0 562391 2140.65
68 0 571152 2145.51
69 0 570771 2241.93
70 0 562583 2420.19
71 0 570972 2405.78
72 0 555388 2614.34
73 0 563044 2701.68
74 0 562977 2488.91
75 0 555389 2650.97
76 0 563221 2719.88
77 0 561996 2398.3
78 0 555035 2497.38
79 0 563128 2532.01
80 0 6.94392e-310 5
81 0 6.94392e-310 5
82 0 587776 2234.71
83 0 587857 2392.54
84 0 587504 2235.99
85 0 587455 2095.03
86 0 587391 2577.23
87 0 588293 2517.04
88 0 579922 2368.94
89 0 580334 2375.77
90 0 580856 2525.81
91 0 579579 2421.4
92 0 580606 2462.14
93 0 580545 2274.63
94 0 582225 2755.38
95 0 579847 2450.91
96 0 6.94392e-310 5
97 0 6.94392e-310 5
98 0 607503 2436.32
99 0 607613 2763.48
100 0 607714 2155.02
101 0 606491 1878.11
102 0 604867 2167.04
103 0 605078 1579.51
104 0 598227 2413.38
105 0 596975 2318.09
106 0 597246 2385.43
107 0 597686 2475.37
108 0 599689 2344.52
109 0 599606 2387.1
110 0 599181 2721.98
111 0 599404 2625.8
112 0 6.94392e-310 5
113 0 6.94392e-310 5
114 0 627599 3333.3
115 0 625550 2888.88
116 0 627235 2639.91
117 0 627012 3128.02
118 0 625458 1967.29
119 0 625865 2383.26
120 0 607303 1769.11
121 0 614855 1674.08
122 0 616228 1869.59
123 0 607132 1870.65
124 0 616399 3138.23
125 0 615919 2156.94
126 0 616401 2732.88
127 0 616769 3420.19
128 0 6.94392e-310 5
129 0 6.94392e-310 5
130 0 633944 2408.64
131 0 642280 2403.18
132 0 642902 2396.66
133 0 641052 2169.59
134 0 642870 2223.81
135 0 642488 2413.86
136 0 633510 2145.84
137 0 633653 2214.55
138 0 644526 344.694
139 0 645500 504.736
140 0 645579 538.372
141 0 646403 529.088
142 0 645593 554.68
143 0 645686 612.343
144 0 6.94392e-310 5
145 0 6.94392e-310 5
146 0 673820 574
147 0 673751 611.002
148 0 672569 473.279
149 0 664137 615.784
150 0 671562 503.804
151 0 665429 515.705
152 0 665178 602.479
153 0 666324 567.814
154 0 664845 537.899
155 0 666626 1549.58
156 0 6.94392e-310 5
157 0 6.94392e-310 5
158 0 6.94392e-310 5
159 0 6.94392e-310 5
