0 0 6.94057e-310 5
1 0 4.2858e-316 5
2 0 -274500 0.136141
3 0 -211068 20267.6
4 0 -204516 1494.2
5 0 -321500 0.2117
6 0 -312500 0.199485
7 0 -224000 2079.73
8 0 -152000 2079.73
9 0 -249172 498.072
10 0 -319500 0.210767
11 0 -299500 0.181183
12 0 -251500 0.166355
13 0 -156172 498.069
14 0 -319500 0.210767
15 0 -309478 21380.9
16 0 -215500 0.142467
17 0 -176172 498.069
18 0 -154500 0.255306
19 0 -318127 1943.78
20 0 -321500 0.2117
21 0 -204500 0.20635
22 0 6.94057e-310 5
23 0 6.94057e-310 5
24 0 -257500 0.186161
25 0 -107500 0.2473
26 0 -212500 0.136672
27 0 -298500 0.17989
28 0 6.94057e-310 5
29 0 6.94057e-310 5
30 0 6.94057e-310 5
31 0 6.94057e-310 5
32 0 -157500 0.250024
33 0 -245500 0.175266
34 0 -294500 0.169803
35 0 -295500 0.167958
36 0 -230500 0.149337
37 0 -303500 0.184766
38 0 -296500 0.155697
39 0 -244500 0.174919
40 0 -276500 0.16596
41 0 -166500 0.25
42 0 -267000 2778.64
43 0 -264500 0.172955
44 0 6.94057e-310 5
45 0 6.94057e-310 5
46 0 6.94057e-310 5
47 0 6.94057e-310 5
48 0 -201500 0.148645
49 0 -148500 0.262299
50 0 -294500 0.169803
51 0 -188500 0.218871
52 0 -245500 0.175266
53 0 -146500 0.241187
54 0 -145500 0.24382
55 0 -230500 0.149337
56 0 -135500 0.251451
57 0 -241500 0.150456
58 0 -319500 0.210767
59 0 -317500 0.208726
60 0 6.94057e-310 5
61 0 6.94057e-310 5
62 0 6.94057e-310 5
63 0 6.94057e-310 5
64 0 6.94057e-310 5
65 0 6.94057e-310 5
66 0 577965 2157.61
67 0 585763 2078.76
68 0 578491 1940.77
69 0 586126 2169.65
70 0 585706 1931.97
71 0 578058 1974.91
72 0 578866 1885.24
73 0 578522 2097.25
74 0 578761 1741.2
75 0 578772 1680.41
76 0 579311 2234.81
77 0 577934 2121.54
78 0 579384 1886.1
79 0 578844 2041.96
80 0 6.94057e-310 5
81 0 6.94057e-310 5
82 0 595583 1786.94
83 0 604945 2252.77
84 0 602742 907.672
85 0 603642 1664.61
86 0 602871 1683.22
87 0 604303 1889.13
88 0 595581 1318.58
89 0 588382 1718.31
90 0 596717 1672.5
91 0 595494 1535.51
92 0 595746 1566.1
93 0 595946 1791.86
94 0 596671 1826.81
95 0 594728 1477.59
96 0 6.94057e-310 5
97 0 6.94057e-310 5
98 0 621928 1824.54
99 0 613641 1744.26
100 0 622668 2221.51
101 0 621467 1942.99
102 0 619124 4474.62
103 0 618162 2414.39
104 0 625850 25740.9
105 0 611440 3130.34
106 0 589706 27910.6
107 0 612060 3921.62
108 0 606818 3129.82
109 0 616117 2546.67
110 0 615272 2777.46
111 0 607608 2117.61
112 0 6.94057e-310 5
113 0 6.94057e-310 5
114 0 641834 2364.43
115 0 640954 2251.83
116 0 641420 2318.25
117 0 641102 2323.17
118 0 640709 1947.78
119 0 640455 1948.93
120 0 631177 1670.21
121 0 630865 1722.77
122 0 631960 2115.57
123 0 630902 1771.72
124 0 622264 1959.64
125 0 630932 1458.98
126 0 631782 2100.44
127 0 622722 1276.55
128 0 6.94057e-310 5
129 0 6.94057e-310 5
130 0 657493 2120.14
131 0 657945 1716.69
132 0 683225 11145.5
133 0 655986 2578.12
134 0 656036 3031.92
135 0 657402 3895.81
136 0 635952 2862.44
137 0 650272 2897.59
138 0 659597 543.241
139 0 653004 630.328
140 0 661381 579.448
141 0 661809 766.396
142 0 661183 560.342
143 0 661500 582.17
144 0 6.94057e-310 5
145 0 6.94057e-310 5
146 0 673502 473.299
147 0 673275 601.131
148 0 663974 399.236
149 0 671716 385.446
150 0 671598 476.833
151 0 664806 432.315
152 0 664554 402.476
153 0 665650 495.953
154 0 664623 402.037
155 0 664574 527.373
156 0 6.94057e-310 5
157 0 6.94057e-310 5
158 0 6.94057e-310 5
159 0 6.94057e-310 5
