0 0 6.90324e-310 5
1 0 5.75042e-316 5
2 0 -209866 2670.57
3 0 -187590 4717.9
4 0 -205114 2580.18
5 0 -225248 4577.89
6 0 -211010 2703.01
7 0 -176946 4451.68
8 0 -256476 3937.19
9 0 -225904 5002.03
10 0 -212728 2770.77
11 0 -189153 3783.97
12 0 -215258 2551.59
13 0 -198175 4382.11
14 0 -223170 2499.52
15 0 -196083 4195.17
16 0 -171277 2418.51
17 0 -153324 4681.77
18 0 -178420 2856.57
19 0 -192736 5646.97
20 0 -180831 2782.04
21 0 -147332 4651.38
22 0 6.90324e-310 5
23 0 6.90324e-310 5
24 0 -179504 2411.67
25 0 -151286 4241.89
26 0 -180042 2726.4
27 0 -142035 4520.73
28 0 6.90324e-310 5
29 0 6.90324e-310 5
30 0 6.90324e-310 5
31 0 6.90324e-310 5
32 0 -158287 2787.36
33 0 -139140 4229.01
34 0 -161865 2875.37
35 0 -182678 4625.61
36 0 -171550 2680.64
37 0 -143544 5041.03
38 0 -168354 2468.05
39 0 -138205 4346.36
40 0 -210174 2981.64
41 0 -141600 4579.21
42 0 -172191 2626.1
43 0 -143289 4604.21
44 0 6.90324e-310 5
45 0 6.90324e-310 5
46 0 6.90324e-310 5
47 0 6.90324e-310 5
48 0 -152563 2619.84
49 0 -134688 4487.47
50 0 -155911 2469.31
51 0 -136833 3604.38
52 0 -155163 2494.41
53 0 -127848 3560.8
54 0 -154610 2631.23
55 0 -124837 6496.09
56 0 -150013 2525.52
57 0 -127937 4090.11
58 0 -151185 2511.95
59 0 -124416 4779.4
60 0 6.90324e-310 5
61 0 6.90324e-310 5
62 0 6.90324e-310 5
63 0 6.90324e-310 5
64 0 6.90324e-310 5
65 0 6.90324e-310 5
66 0 577754 2205.23
67 0 585611 2167.14
68 0 578573 2282.61
69 0 585996 2187.11
70 0 586348 2967.85
71 0 578258 2380.22
72 0 578365 3025.98
73 0 578156 3006.43
74 0 577960 2638.71
75 0 578331 2936.51
76 0 578163 2980.65
77 0 577109 2574.79
78 0 577792 2509.52
79 0 578038 2652.4
80 0 6.90324e-310 5
81 0 6.90324e-310 5
82 0 594712 2372.26
83 0 602763 2366.78
84 0 602627 2395.53
85 0 602509 2224.26
86 0 602221 2757.65
87 0 602901 3033.94
88 0 594912 2385.05
89 0 587112 2718.52
90 0 596141 2537.66
91 0 594371 2778.73
92 0 595778 2823.28
93 0 595583 2599.89
94 0 597627 2915.77
95 0 594925 2740.47
96 0 6.90324e-310 5
97 0 6.90324e-310 5
98 0 622781 2519.79
99 0 614929 2871.34
100 0 622742 2101.62
101 0 621972 2112.33
102 0 620351 2144.51
103 0 620489 1571.66
104 0 613102 2528.4
105 0 611883 2397.32
106 0 612414 2575.47
107 0 612530 2389.06
108 0 606377 2533.02
109 0 614502 2574.09
110 0 614307 2839.96
111 0 606397 2589.6
112 0 6.90324e-310 5
113 0 6.90324e-310 5
114 0 642249 3258.91
115 0 640175 2826.95
116 0 642513 2740.41
117 0 642247 3390.55
118 0 641097 2257.71
119 0 641305 2507.76
120 0 630663 1810.26
121 0 630098 1786.58
122 0 631729 2064.79
123 0 630553 1969.94
124 0 622876 2962.48
125 0 631432 2572.1
126 0 631074 2698.64
127 0 622840 3170.23
128 0 6.90324e-310 5
129 0 6.90324e-310 5
130 0 656672 2503.49
131 0 657168 2735.23
132 0 657503 2507.81
133 0 656055 2363.53
134 0 657790 2347.58
135 0 657252 2457.9
136 0 640950 2257.92
137 0 648735 2331.88
138 0 659380 521.401
139 0 652571 648.077
140 0 660754 628.989
141 0 661494 625.682
142 0 660713 671.553
143 0 660902 700.979
144 0 6.90324e-310 5
145 0 6.90324e-310 5
146 0 673173 575.282
147 0 672849 715.683
148 0 663675 477.887
149 0 671412 525.191
150 0 671116 605.364
151 0 664416 595.196
152 0 664311 510.534
153 0 665387 548.678
154 0 664261 476.645
155 0 664322 529.981
156 0 6.90324e-310 5
157 0 6.90324e-310 5
158 0 6.90324e-310 5
159 0 6.90324e-310 5
