0 0 6.89928e-310 5
1 0 5.98503e-316 5
2 0 -212200 2691.3
3 0 -189787 4785.04
4 0 -207374 2661.59
5 0 -183832 4308.16
6 0 -213214 2747
7 0 -179390 4523.86
8 0 -215074 2648.22
9 0 -184293 4614.51
10 0 -215178 2998.29
11 0 -191450 4143.43
12 0 -217616 2622.33
13 0 -200565 4050.76
14 0 -225590 2800.54
15 0 -198529 3954.56
16 0 -173486 2565.02
17 0 -155322 4341.35
18 0 -180764 2772.03
19 0 -151265 4946.09
20 0 -183315 2773.98
21 0 -149441 4482.21
22 0 6.89928e-310 5
23 0 6.89928e-310 5
24 0 -182102 2826.22
25 0 -153648 4068.98
26 0 -182286 2901.19
27 0 -144272 5014.05
28 0 6.89928e-310 5
29 0 6.89928e-310 5
30 0 6.89928e-310 5
31 0 6.89928e-310 5
32 0 -160832 3183.19
33 0 -141816 4341.14
34 0 -164302 2962.5
35 0 -141360 4862.92
36 0 -173665 2692.54
37 0 -145324 4551.65
38 0 -170681 2621.84
39 0 -140382 4723.29
40 0 -167268 2811.34
41 0 -144058 4811.16
42 0 -174431 2717.95
43 0 -145620 4335.55
44 0 6.89928e-310 5
45 0 6.89928e-310 5
46 0 6.89928e-310 5
47 0 6.89928e-310 5
48 0 -154830 2779.78
49 0 -137035 4256.08
50 0 -158231 2451.41
51 0 -139170 3946.93
52 0 -157418 2407.98
53 0 -130042 3444.02
54 0 -156994 2750.87
55 0 -127066 5024.98
56 0 -152220 2439.34
57 0 -130281 4139.17
58 0 -153653 2736.74
59 0 -126707 4493.98
60 0 6.89928e-310 5
61 0 6.89928e-310 5
62 0 6.89928e-310 5
63 0 6.89928e-310 5
64 0 6.89928e-310 5
65 0 6.89928e-310 5
66 0 585745 2473.52
67 0 585761 2622.79
68 0 586527 2576.46
69 0 586010 2546.42
70 0 585528 2567.87
71 0 585992 2457.64
72 0 570387 2989.99
73 0 578104 3033.18
74 0 577921 3019.05
75 0 570442 2934.77
76 0 578016 3027.53
77 0 576822 2776.01
78 0 569759 2827.86
79 0 577807 2846.3
80 0 6.89928e-310 5
81 0 6.89928e-310 5
82 0 602441 2633.66
83 0 602660 2745.4
84 0 601805 2691.08
85 0 601818 2225.41
86 0 602117 2744.35
87 0 602605 2904.26
88 0 594429 2568.69
89 0 594948 2498.62
90 0 587825 2489.57
91 0 594329 2640.63
92 0 595436 2750.54
93 0 594999 2647.78
94 0 596873 2664.96
95 0 594090 2555.9
96 0 6.89928e-310 5
97 0 6.89928e-310 5
98 0 614117 2376.74
99 0 622134 2655.84
100 0 622545 2367.75
101 0 621237 1895.24
102 0 619665 2297.16
103 0 620100 1613.94
104 0 612718 2718.95
105 0 611589 2494.9
106 0 612302 2633.69
107 0 612192 2502.3
108 0 614122 2730.97
109 0 614636 2770.42
110 0 613926 2599.81
111 0 613930 2756.99
112 0 6.89928e-310 5
113 0 6.89928e-310 5
114 0 641998 3150.61
115 0 639814 2719.53
116 0 641888 2800.87
117 0 641443 2971.06
118 0 640488 2141.08
119 0 640384 2334.02
120 0 630547 2195.12
121 0 630118 2004.98
122 0 631703 2333.15
123 0 630459 2236.72
124 0 622052 2285.29
125 0 630960 2240.17
126 0 631200 3063.51
127 0 622782 2749.6
128 0 6.89928e-310 5
129 0 6.89928e-310 5
130 0 656799 2820.77
131 0 657663 2786.08
132 0 657958 2802.68
133 0 655895 2554.34
134 0 657567 2622.41
135 0 657049 2631.6
136 0 648431 2445.64
137 0 648399 2573.81
138 0 659041 836.523
139 0 660495 900.159
140 0 660628 690.046
141 0 661316 940.052
142 0 660683 956.823
143 0 660657 743.55
144 0 6.89928e-310 5
145 0 6.89928e-310 5
146 0 672809 699.801
147 0 672980 1073.6
148 0 671358 543.702
149 0 670702 579.833
150 0 670429 595.885
151 0 672190 760.431
152 0 663718 671.839
153 0 665049 761.012
154 0 663563 630.216
155 0 664219 561.319
156 0 6.89928e-310 5
157 0 6.89928e-310 5
158 0 6.89928e-310 5
159 0 6.89928e-310 5
