0 0 6.9246e-310 5
1 0 5.17246e-316 5
2 0 -218338 8091.06
3 0 -196307 9854.96
4 0 -214145 6737.99
5 0 -192074 7578.01
6 0 -220996 5594.34
7 0 -186232 8405.81
8 0 -221678 6499.28
9 0 -192551 24522.7
10 0 -223448 6425.84
11 0 -200294 7036.02
12 0 -213234 5367.14
13 0 -252154 31293.2
14 0 -232804 7170.67
15 0 -207099 6634.71
16 0 -182020 6627.29
17 0 -162771 8423.37
18 0 -189965 5366.05
19 0 -158641 7872.64
20 0 -191764 5189.41
21 0 -157116 6881.97
22 0 6.9246e-310 5
23 0 6.9246e-310 5
24 0 -176232 9605.42
25 0 -162909 6951.59
26 0 -220109 3192.68
27 0 -152389 7236.94
28 0 6.9246e-310 5
29 0 6.9246e-310 5
30 0 6.9246e-310 5
31 0 6.9246e-310 5
32 0 -167211 10835.7
33 0 -150783 6422.64
34 0 -171422 6538.68
35 0 -178879 4824.1
36 0 -211646 3433.45
37 0 -153325 9332.65
38 0 -179470 3816.38
39 0 -149193 5952.21
40 0 -176804 7408.81
41 0 -151778 7615.09
42 0 -183470 9532.06
43 0 -183740 4346.31
44 0 6.9246e-310 5
45 0 6.9246e-310 5
46 0 6.9246e-310 5
47 0 6.9246e-310 5
48 0 -193686 2936.81
49 0 -132631 6800.33
50 0 -197837 2591.44
51 0 -149494 6688.82
52 0 -166632 5666.01
53 0 -140992 6311.19
54 0 -196117 3396.54
55 0 -137968 7485.99
56 0 -190404 2898.62
57 0 -138400 5661.08
58 0 -164532 5148.66
59 0 -134856 6749.91
60 0 6.9246e-310 5
61 0 6.9246e-310 5
62 0 6.9246e-310 5
63 0 6.9246e-310 5
64 0 6.9246e-310 5
65 0 6.9246e-310 5
66 0 586487 2806.96
67 0 586089 2461.66
68 0 587350 2748.71
69 0 586806 2876.57
70 0 586897 3239.43
71 0 587171 2941.07
72 0 579838 3629.36
73 0 579326 3317.63
74 0 579436 3179.65
75 0 579950 3563.93
76 0 579353 3116.12
77 0 578382 3033.27
78 0 579010 2743.35
79 0 579135 2832.52
80 0 6.9246e-310 5
81 0 6.9246e-310 5
82 0 603785 2736.18
83 0 595866 2776.78
84 0 603161 3059.27
85 0 602961 2797.59
86 0 595482 2833.15
87 0 604221 2981.63
88 0 596001 2733.31
89 0 596382 2719.24
90 0 597325 2949.48
91 0 595921 2872.49
92 0 589045 3039.2
93 0 596960 3049.35
94 0 598347 3096.43
95 0 588200 2975.7
96 0 6.9246e-310 5
97 0 6.9246e-310 5
98 0 623813 2971.57
99 0 623690 3109.13
100 0 615711 2476.99
101 0 614977 2502.02
102 0 620908 2500.19
103 0 612605 2432.52
104 0 614041 2770.34
105 0 612800 2667.28
106 0 605484 2811.25
107 0 613708 2773.25
108 0 615964 3400.44
109 0 615999 3148.49
110 0 615857 3362.3
111 0 615954 3317.27
112 0 6.9246e-310 5
113 0 6.9246e-310 5
114 0 643371 3290.63
115 0 641734 3305.22
116 0 643320 3081.41
117 0 634868 3249.63
118 0 642145 2791.34
119 0 642322 2960.32
120 0 631761 2479.21
121 0 630907 2189.23
122 0 633118 2821.13
123 0 631763 2663.68
124 0 631984 2933.77
125 0 632581 2831.54
126 0 632554 3305.57
127 0 632534 3428.63
128 0 6.9246e-310 5
129 0 6.9246e-310 5
130 0 658338 3181.96
131 0 658913 3580.24
132 0 658997 3036.77
133 0 657554 2774.53
134 0 659012 2673.92
135 0 658543 2779.61
136 0 649472 2604.76
137 0 649743 2596.51
138 0 660806 1373.9
139 0 662190 1451.79
140 0 662379 1339.05
141 0 662986 1438.63
142 0 662154 1415.04
143 0 662273 1319.61
144 0 6.9246e-310 5
145 0 6.9246e-310 5
146 0 674432 1320.91
147 0 666166 1373.6
148 0 673153 1313.65
149 0 672784 1328.65
150 0 672491 1300.35
151 0 674286 1441.87
152 0 665873 1443.66
153 0 666971 1418.52
154 0 665749 1428.29
155 0 666155 1475.37
156 0 6.9246e-310 5
157 0 6.9246e-310 5
158 0 6.9246e-310 5
159 0 6.9246e-310 5
