0 0 6.93876e-310 5
1 0 6.2689e-316 5
2 0 -209180 2502.68
3 0 -229806 7339.43
4 0 -204305 2455.07
5 0 -225288 3649.98
6 0 -254040 3095.72
7 0 -176497 5129.23
8 0 -255997 2796.95
9 0 -224334 4021.32
10 0 -256129 3229.22
11 0 -232427 4299.78
12 0 -214469 2416.22
13 0 -197613 3910.06
14 0 -266776 3117.95
15 0 -239753 3546.31
16 0 -213392 2399.42
17 0 -195793 4714
18 0 -178010 2546.27
19 0 -148520 4345.44
20 0 -180391 2657.72
21 0 -146200 4557.25
22 0 6.93876e-310 5
23 0 6.93876e-310 5
24 0 -223142 2741.55
25 0 -150220 5536.01
26 0 -179300 2429.38
27 0 -184174 6297.5
28 0 6.93876e-310 5
29 0 6.93876e-310 5
30 0 6.93876e-310 5
31 0 6.93876e-310 5
32 0 -200663 2922.3
33 0 -183028 4145.1
34 0 -204656 2921.24
35 0 -181320 3817.29
36 0 -214151 2743.61
37 0 -142124 4170.38
38 0 -167776 3342.2
39 0 -181475 4273.51
40 0 -209218 2788.09
41 0 -185311 4770.92
42 0 -215120 4397.51
43 0 -185775 3961.88
44 0 6.93876e-310 5
45 0 6.93876e-310 5
46 0 6.93876e-310 5
47 0 6.93876e-310 5
48 0 -152140 2285.19
49 0 -132770 5190.7
50 0 -198985 3094.46
51 0 -136407 4480.72
52 0 -154400 2097.41
53 0 -170463 4193.92
54 0 -153515 2526.06
55 0 -168195 6410.22
56 0 -192964 2867.9
57 0 -127452 3920.8
58 0 -195379 2755.4
59 0 -167704 4167.78
60 0 6.93876e-310 5
61 0 6.93876e-310 5
62 0 6.93876e-310 5
63 0 6.93876e-310 5
64 0 6.93876e-310 5
65 0 6.93876e-310 5
66 0 561789 2541.2
67 0 569467 2447.67
68 0 570269 2553.66
69 0 569818 2657.9
70 0 570398 3166.66
71 0 570241 2910.16
72 0 563209 3136.17
73 0 562792 3057.87
74 0 554532 2769.02
75 0 563028 3025.89
76 0 554677 2748.98
77 0 561462 2744.33
78 0 562602 2792.44
79 0 554633 2827.16
80 0 6.93876e-310 5
81 0 6.93876e-310 5
82 0 587222 2574.47
83 0 587351 2704.66
84 0 586641 2739.02
85 0 586558 2480.77
86 0 586819 2773.32
87 0 587549 2784.47
88 0 579281 2660.56
89 0 571748 2734.25
90 0 580369 2719.66
91 0 579004 2663.78
92 0 580206 2871.92
93 0 579863 2631.05
94 0 582091 3300.92
95 0 579606 2998.48
96 0 6.93876e-310 5
97 0 6.93876e-310 5
98 0 606928 2925.5
99 0 607006 3254.33
100 0 606849 2334.75
101 0 605896 2296.75
102 0 604291 2526.11
103 0 604325 2282.86
104 0 589553 2818.2
105 0 596316 2681.43
106 0 596780 2814.97
107 0 589032 2844.75
108 0 598688 2860.84
109 0 598954 2862.1
110 0 598869 3123.66
111 0 598660 2899.32
112 0 6.93876e-310 5
113 0 6.93876e-310 5
114 0 626861 3554
115 0 625087 3352.17
116 0 626627 3032.76
117 0 626371 3524.69
118 0 624894 2465.52
119 0 625212 2896.26
120 0 614743 2327.89
121 0 613980 2105.63
122 0 615932 2568.64
123 0 614599 2416.42
124 0 615767 3279.41
125 0 615736 2785.34
126 0 615990 3050.54
127 0 615736 3223.31
128 0 6.93876e-310 5
129 0 6.93876e-310 5
130 0 641258 2701.13
131 0 641909 2782.12
132 0 634056 2683.34
133 0 640725 2608.95
134 0 642332 2697.57
135 0 633778 2597.81
136 0 632913 2412.09
137 0 625210 2619.83
138 0 643947 1450.74
139 0 645124 1433.28
140 0 645477 1438.83
141 0 646121 1503.86
142 0 645101 1379.07
143 0 645350 1411.75
144 0 6.93876e-310 5
145 0 6.93876e-310 5
146 0 673648 1361.57
147 0 673260 1385.49
148 0 664342 1368.44
149 0 672029 1417.8
150 0 671725 1489.29
151 0 665292 1472.6
152 0 664920 1457.05
153 0 666110 1451.67
154 0 664830 1461.55
155 0 665107 1506.1
156 0 6.93876e-310 5
157 0 6.93876e-310 5
158 0 6.93876e-310 5
159 0 6.93876e-310 5
