0 0 6.90682e-310 5
1 0 6.40355e-316 5
2 0 -210500 2377.9
3 0 -231359 5930.19
4 0 -205178 2420.84
5 0 -182063 4523.64
6 0 -210908 2756.94
7 0 -221087 6020.59
8 0 -212593 2823.1
9 0 -226644 5933.7
10 0 -213570 3334.43
11 0 -188676 3515.22
12 0 -215390 2788.33
13 0 -199318 4269.7
14 0 -223047 3003.8
15 0 -242384 6278.23
16 0 -213924 2342.71
17 0 -152741 4296.3
18 0 -178340 2198.38
19 0 -150038 4336.94
20 0 -180182 2489
21 0 -146635 3752.17
22 0 6.90682e-310 5
23 0 6.90682e-310 5
24 0 -180119 3087.59
25 0 -150585 3777.47
26 0 -179118 1808.53
27 0 -141268 4675.84
28 0 -121610 69.8016
29 0 -118008 2630.32
30 0 -129403 10597.1
31 0 6.90682e-310 5
32 0 -154596 6037.96
33 0 -182245 3582.9
34 0 -161594 2217.32
35 0 -97247.1 26018
36 0 -170613 2117.11
37 0 -142811 4752.04
38 0 -214818 2681.82
39 0 -137110 3891.39
40 0 -209703 3596.12
41 0 -141757 4365.25
42 0 -171870 2480.61
43 0 -185944 3553.84
44 0 -104189 352.718
45 0 6.90682e-310 5
46 0 -107494 7791.92
47 0 6.90682e-310 5
48 0 -152273 2660.77
49 0 -134728 3821.94
50 0 -155873 2461.53
51 0 -137216 4710.7
52 0 -154296 2651.03
53 0 -127966 4901.74
54 0 -154212 2032.84
55 0 -167985 4589.7
56 0 -190803 6326.79
57 0 -128069 3865.9
58 0 -150831 2149.09
59 0 -168064 5735.06
60 0 -239500 0.157979
61 0 6.90682e-310 5
62 0 6.90682e-310 5
63 0 6.90682e-310 5
64 0 6.90682e-310 5
65 0 6.90682e-310 5
66 0 586081 2110.79
67 0 585894 2141.6
68 0 586864 2238.59
69 0 586391 2202.81
70 0 586201 2643.09
71 0 586710 2552.12
72 0 570619 2710.72
73 0 578498 2816.49
74 0 578457 2877.61
75 0 570745 2814.56
76 0 611749 1333.48
77 0 577401 2651.58
78 0 570469 2611.7
79 0 578482 2814.17
80 0 6.90682e-310 5
81 0 6.90682e-310 5
82 0 602904 2378.3
83 0 603244 2617.51
84 0 603036 2264.92
85 0 602693 2460.37
86 0 602791 2572.04
87 0 603373 2727.64
88 0 595147 2853.79
89 0 595877 2553.99
90 0 588590 2616.54
91 0 595119 2454.69
92 0 596204 2726.3
93 0 595700 2836.19
94 0 598105 3055.83
95 0 594937 2738.88
96 0 6.90682e-310 5
97 0 6.90682e-310 5
98 0 615153 2625.78
99 0 623251 3004.86
100 0 623182 2111.55
101 0 622232 1984.28
102 0 620677 1994.55
103 0 621041 1463.52
104 0 613483 2421.41
105 0 612331 2410.41
106 0 612963 2406.12
107 0 612954 2409.8
108 0 614635 2658.68
109 0 615043 2569.11
110 0 614620 2674.01
111 0 614459 2650.98
112 0 6.90682e-310 5
113 0 6.90682e-310 5
114 0 642738 2798.2
115 0 640750 2898.12
116 0 642760 2729.86
117 0 642529 3164.18
118 0 641364 2070.21
119 0 641836 2634.07
120 0 630936 1817.16
121 0 630616 1732.53
122 0 632107 2027.71
123 0 630959 1899.98
124 0 623647 3099.05
125 0 631583 2241.04
126 0 631548 2884.42
127 0 623177 2806.25
128 0 6.90682e-310 5
129 0 6.90682e-310 5
130 0 657167 2575.97
131 0 657773 2699.89
132 0 658386 2469.14
133 0 656495 2265.76
134 0 658151 2337.92
135 0 657760 2424.83
136 0 649387 2322.25
137 0 648985 2246.36
138 0 659691 656.916
139 0 661015 696.604
140 0 661330 531.483
141 0 661823 715.007
142 0 661151 685.052
143 0 661412 601.394
144 0 6.90682e-310 5
145 0 6.90682e-310 5
146 0 673491 513.133
147 0 673378 702.266
148 0 672258 583.401
149 0 671583 535.832
150 0 671286 528.251
151 0 672970 719.047
152 0 664531 544.236
153 0 665639 582.321
154 0 664384 527.163
155 0 664896 693.235
156 0 6.90682e-310 5
157 0 6.90682e-310 5
158 0 6.90682e-310 5
159 0 6.90682e-310 5
