0 0 6.90711e-310 5
1 0 3.96169e-316 5
2 0 -212204 2658.46
3 0 -190351 5592.65
4 0 -207881 2728.82
5 0 -184248 3999.22
6 0 -213165 2817.61
7 0 -179979 4273.22
8 0 -215151 2639.69
9 0 -184611 4717.95
10 0 -215596 3251.33
11 0 -191830 4198.27
12 0 -217639 2659.87
13 0 -199930 5393.17
14 0 -225603 2693.67
15 0 -198651 3813.74
16 0 -173679 2716.16
17 0 -155657 4913.04
18 0 -181477 2975.9
19 0 -151862 4822.29
20 0 -183859 3001.73
21 0 -149620 4419.62
22 0 6.90711e-310 5
23 0 6.90711e-310 5
24 0 -181878 2794.67
25 0 -153827 4349.48
26 0 -183077 3299.91
27 0 -144433 4309.66
28 0 -101702 25.0325
29 0 -121255 4316.22
30 0 -247389 23291.5
31 0 -188781 11305.4
32 0 -160801 4037.04
33 0 -141759 3871.71
34 0 -164160 3112.78
35 0 -142077 5020.78
36 0 -173851 2586.6
37 0 -145653 4558.67
38 0 -171328 3213.45
39 0 -141077 4565.33
40 0 -167539 2567.8
41 0 -143999 4407.65
42 0 -175002 3140.88
43 0 -145994 5127.84
44 0 -105021 290.124
45 0 6.90711e-310 5
46 0 -205226 19873.4
47 0 6.90711e-310 5
48 0 -155110 2750.72
49 0 -137268 5332.36
50 0 -158419 2575.46
51 0 -139384 4044.25
52 0 -157593 2709.62
53 0 -130556 3605.44
54 0 -157441 3284.71
55 0 -127288 5879.69
56 0 -152513 2348.78
57 0 -130791 4253.11
58 0 -153607 2408.7
59 0 -127354 6078.55
60 0 -177071 30121.1
61 0 -161500 0.25
62 0 6.90711e-310 5
63 0 6.90711e-310 5
64 0 6.90711e-310 5
65 0 6.90711e-310 5
66 0 585851 2502.77
67 0 585803 2590.25
68 0 586589 2551.63
69 0 586046 2936.93
70 0 585498 2565.01
71 0 586047 2507.75
72 0 570427 3026.87
73 0 578169 3142.93
74 0 577965 3041.45
75 0 570499 2997.99
76 0 611112 1440.9
77 0 576865 2804.4
78 0 569844 2847.16
79 0 577870 2901.6
80 0 6.90711e-310 5
81 0 6.90711e-310 5
82 0 602682 2685.28
83 0 602553 2786.25
84 0 601976 2829.96
85 0 601904 2280.51
86 0 602137 2747.35
87 0 602732 2866.59
88 0 594376 2578.05
89 0 595029 2518.65
90 0 587925 2460.19
91 0 594455 2658.75
92 0 595470 2616.18
93 0 595235 2705.57
94 0 596711 2509.94
95 0 594140 2526.25
96 0 6.90711e-310 5
97 0 6.90711e-310 5
98 0 614151 2340.87
99 0 622015 2533.28
100 0 622736 2497.72
101 0 621320 1903.26
102 0 619605 2299.03
103 0 620223 1663.9
104 0 612863 2880.71
105 0 611600 2502.4
106 0 612286 2573.69
107 0 612268 2540.02
108 0 614303 2770.85
109 0 614610 2746.7
110 0 614089 2773.14
111 0 613977 2810.48
112 0 6.90711e-310 5
113 0 6.90711e-310 5
114 0 641858 3012.51
115 0 639775 2606.9
116 0 641607 2562.61
117 0 640966 2611.47
118 0 640608 2118.85
119 0 640404 2260.93
120 0 630648 2278.84
121 0 630269 2065.15
122 0 631829 2361.3
123 0 630574 2317.95
124 0 622067 2267.6
125 0 631154 2308.25
126 0 631250 3162.16
127 0 622897 2712.68
128 0 6.90711e-310 5
129 0 6.90711e-310 5
130 0 656898 2817.4
131 0 657789 2792.56
132 0 658109 2866.55
133 0 655959 2531.21
134 0 657659 2600.09
135 0 657103 2706.17
136 0 648558 2464.48
137 0 648392 2590.29
138 0 659226 918.945
139 0 660621 930.199
140 0 660644 700.173
141 0 661453 985.902
142 0 660744 972.845
143 0 660604 701.444
144 0 6.90711e-310 5
145 0 6.90711e-310 5
146 0 672909 769.258
147 0 673004 1067.4
148 0 671423 524.886
149 0 670831 674.688
150 0 670521 650.065
151 0 672303 793.713
152 0 663806 701.088
153 0 665179 814.342
154 0 663649 680.577
155 0 664317 582.01
156 0 6.90711e-310 5
157 0 6.90711e-310 5
158 0 6.90711e-310 5
159 0 6.90711e-310 5
