0 0 6.92688e-310 5
1 0 4.95468e-316 5
2 0 -212838 2793.39
3 0 -190545 4771.64
4 0 -208232 2688.49
5 0 -184380 4042.67
6 0 -213807 2754.99
7 0 -180029 4673.09
8 0 -215495 2639.42
9 0 -185257 4427.42
10 0 -215781 3024.81
11 0 -192126 4265.4
12 0 -218223 2598.12
13 0 -201321 4093.08
14 0 -226038 2636.11
15 0 -199188 4295.67
16 0 -174237 2545.29
17 0 -156311 4798.58
18 0 -181544 2745.46
19 0 -152100 5236.51
20 0 -183973 2732.54
21 0 -150126 4614.35
22 0 6.92688e-310 5
23 0 6.92688e-310 5
24 0 -182657 2567.32
25 0 -154301 4292.38
26 0 -182828 2650.1
27 0 -145053 4662.99
28 0 6.92688e-310 5
29 0 6.92688e-310 5
30 0 6.92688e-310 5
31 0 6.92688e-310 5
32 0 -161821 3395.66
33 0 -142141 4766.73
34 0 -164616 2832.76
35 0 -141984 4758.13
36 0 -174318 2601.59
37 0 -146433 4522.89
38 0 -171319 2449.75
39 0 -141368 4984.33
40 0 -168057 2646.31
41 0 -144596 4702.2
42 0 -175135 2809.95
43 0 -146250 4700.76
44 0 6.92688e-310 5
45 0 6.92688e-310 5
46 0 6.92688e-310 5
47 0 6.92688e-310 5
48 0 -155361 2652.48
49 0 -137620 4236.17
50 0 -158995 2563.45
51 0 -139935 3948.66
52 0 -158105 2556.95
53 0 -130891 3532.08
54 0 -157587 2716.9
55 0 -127932 5602.04
56 0 -152960 2575.64
57 0 -131084 4481.5
58 0 -154214 2543.01
59 0 -127404 4729.12
60 0 6.92688e-310 5
61 0 6.92688e-310 5
62 0 6.92688e-310 5
63 0 6.92688e-310 5
64 0 6.92688e-310 5
65 0 6.92688e-310 5
66 0 585847 2598.54
67 0 585653 2539.87
68 0 586544 2623.82
69 0 586064 2613.99
70 0 585555 2667.87
71 0 586034 2514.18
72 0 570354 3134.44
73 0 578084 3139.6
74 0 577823 3170.94
75 0 570439 3080.91
76 0 577962 3171.91
77 0 576779 2936.55
78 0 569651 2916.68
79 0 577762 3054.85
80 0 6.92688e-310 5
81 0 6.92688e-310 5
82 0 602314 2618.03
83 0 602614 2831.63
84 0 601971 2885.68
85 0 601961 2353.33
86 0 602042 2975.79
87 0 602584 3141.82
88 0 594393 2634.23
89 0 594900 2696.99
90 0 587810 2580.84
91 0 594294 2832.5
92 0 595386 2779.68
93 0 595206 2721.8
94 0 596667 2463.77
95 0 594001 2499.94
96 0 6.92688e-310 5
97 0 6.92688e-310 5
98 0 614055 2262.21
99 0 621875 2438.59
100 0 623118 2764.63
101 0 621497 2045.93
102 0 619757 2324.55
103 0 620274 1569.64
104 0 612770 2834.9
105 0 611635 2611.41
106 0 612239 2680.65
107 0 612152 2561.78
108 0 614175 2817.97
109 0 614655 2793.81
110 0 614092 2728.92
111 0 613948 2774.18
112 0 6.92688e-310 5
113 0 6.92688e-310 5
114 0 641541 2898.8
115 0 639658 2595.97
116 0 641482 2430.19
117 0 641212 2808.85
118 0 640900 2302.85
119 0 640479 2325.8
120 0 630497 2263.85
121 0 630371 2165.06
122 0 631883 2449.4
123 0 630707 2415.51
124 0 622149 2409.72
125 0 631129 2336.31
126 0 631265 3218.77
127 0 622890 2855.03
128 0 6.92688e-310 5
129 0 6.92688e-310 5
130 0 656773 3003.25
131 0 657666 3037.11
132 0 657977 3005.5
133 0 655854 2666.9
134 0 657541 2719.04
135 0 657080 2810.57
136 0 648521 2557.25
137 0 648399 2660.52
138 0 659208 946.964
139 0 660626 1014.94
140 0 660606 724.986
141 0 661465 1023.05
142 0 660663 1009.6
143 0 660561 715.339
144 0 6.92688e-310 5
145 0 6.92688e-310 5
146 0 672978 836.666
147 0 672893 1087.81
148 0 671435 569.625
149 0 670934 752.226
150 0 670572 688.352
151 0 672283 875.816
152 0 663851 761.841
153 0 665197 880.763
154 0 663684 717.383
155 0 664322 760.811
156 0 6.92688e-310 5
157 0 6.92688e-310 5
158 0 6.92688e-310 5
159 0 6.92688e-310 5
