0 0 6.91914e-310 5
1 0 5.20499e-316 5
2 0 -207873 2675.56
3 0 -185612 4480.77
4 0 -245616 3069.07
5 0 -222128 3882.09
6 0 -209029 2365.71
7 0 -217363 4755.76
8 0 -210874 2476.75
9 0 -223151 5271.34
10 0 -254043 3020.58
11 0 -230140 4146
12 0 -254985 3426.89
13 0 -238677 4281.76
14 0 -221333 2470.53
15 0 -236897 4515.21
16 0 -169645 2496.77
17 0 -151246 4354.32
18 0 -176951 2775.02
19 0 -189497 4597.39
20 0 -179313 2515.57
21 0 -187896 4470.8
22 0 6.91914e-310 5
23 0 6.91914e-310 5
24 0 -220228 2861.48
25 0 -191320 5034.67
26 0 -178030 2764.67
27 0 -139745 4315.23
28 0 6.91914e-310 5
29 0 6.91914e-310 5
30 0 6.91914e-310 5
31 0 6.91914e-310 5
32 0 -198524 3167.76
33 0 -179190 5050.63
34 0 -201998 2958.37
35 0 -178825 5005.82
36 0 -211185 2813.49
37 0 -141396 4756.53
38 0 -166595 2237.39
39 0 -178903 4889.09
40 0 -206245 2719.75
41 0 -182344 5306.94
42 0 -212855 3328.26
43 0 -184091 4240.21
44 0 6.91914e-310 5
45 0 6.91914e-310 5
46 0 6.91914e-310 5
47 0 6.91914e-310 5
48 0 -150791 2590.76
49 0 -132333 4830.75
50 0 -154099 2717.52
51 0 -135079 3996.76
52 0 -195987 3021.4
53 0 -126136 3716.18
54 0 -152667 2680.69
55 0 -165949 5610.03
56 0 -190845 2785.79
57 0 -169432 4893.4
58 0 -149606 2554.44
59 0 -165242 4714.34
60 0 6.91914e-310 5
61 0 6.91914e-310 5
62 0 6.91914e-310 5
63 0 6.91914e-310 5
64 0 6.91914e-310 5
65 0 6.91914e-310 5
66 0 586115 2520.67
67 0 585770 2457.62
68 0 587399 2858.69
69 0 586415 2556.42
70 0 587666 3716.35
71 0 587696 3443.39
72 0 579865 3538.05
73 0 579852 3637.49
74 0 578837 2886.95
75 0 579456 3226.12
76 0 578886 2929.18
77 0 577890 2805.93
78 0 578783 2769.66
79 0 578896 2836.24
80 0 6.91914e-310 5
81 0 6.91914e-310 5
82 0 603557 2560.82
83 0 595671 2694.67
84 0 602851 2914.09
85 0 602973 2541.33
86 0 603354 2878.27
87 0 603872 2849.75
88 0 595785 2800.01
89 0 596076 2744.83
90 0 596797 2837.05
91 0 595556 2839.59
92 0 596769 3254.66
93 0 596453 3071.53
94 0 599025 3650.23
95 0 596223 3138.21
96 0 6.91914e-310 5
97 0 6.91914e-310 5
98 0 623647 2923.58
99 0 624041 3551.37
100 0 623184 2463.66
101 0 622771 2721
102 0 620709 2453.91
103 0 620680 2244.76
104 0 605920 2769.32
105 0 612759 2732.47
106 0 613192 2665
107 0 605499 2842.97
108 0 615235 3035.58
109 0 615467 3055.9
110 0 615417 3211.94
111 0 615211 3066.21
112 0 6.91914e-310 5
113 0 6.91914e-310 5
114 0 643528 3321.05
115 0 641756 3376.41
116 0 643201 3141.65
117 0 643009 3606.01
118 0 641391 2368.89
119 0 641653 2666.72
120 0 631179 2185.54
121 0 630567 2062.66
122 0 632536 2509.89
123 0 631187 2277.51
124 0 632845 3538.34
125 0 632851 3054.21
126 0 624600 3240.13
127 0 632964 3608.34
128 0 6.91914e-310 5
129 0 6.91914e-310 5
130 0 657793 2788.72
131 0 658455 3113.07
132 0 658546 2788.74
133 0 649076 2554.23
134 0 658815 2621.94
135 0 658316 2831.8
136 0 649352 2496.91
137 0 649632 2705.01
138 0 660529 1376.54
139 0 661982 1525.12
140 0 662175 1458.23
141 0 662722 1435.71
142 0 653966 1473.99
143 0 662115 1450.9
144 0 6.91914e-310 5
145 0 6.91914e-310 5
146 0 674318 1401.96
147 0 673957 1433.24
148 0 672979 1420.56
149 0 672589 1420.15
150 0 672388 1360.16
151 0 674052 1527.59
152 0 665603 1452.54
153 0 666690 1447.1
154 0 665492 1470.04
155 0 665910 1536.13
156 0 6.91914e-310 5
157 0 6.91914e-310 5
158 0 6.91914e-310 5
159 0 6.91914e-310 5
