0 0 6.89898e-310 5
1 0 3.68118e-316 5
2 0 -209630 2701.68
3 0 -186999 4658.08
4 0 -205089 2662.12
5 0 -181315 4415.17
6 0 -210566 2809.06
7 0 -176638 4375.88
8 0 -212532 2536.82
9 0 -181754 4574.73
10 0 -212550 2839.07
11 0 -188990 3973.6
12 0 -215136 2530.95
13 0 -197869 4432.75
14 0 -222935 2675.61
15 0 -195739 4153.99
16 0 -171041 2497.86
17 0 -152930 4102.5
18 0 -178279 2584.56
19 0 -148554 5191.69
20 0 -180749 2739.46
21 0 -146716 4626.82
22 0 6.89898e-310 5
23 0 6.89898e-310 5
24 0 -179502 2633.43
25 0 -150927 4211
26 0 -179649 2770.28
27 0 -141715 4517.96
28 0 6.89898e-310 5
29 0 6.89898e-310 5
30 0 6.89898e-310 5
31 0 6.89898e-310 5
32 0 -158233 2895.5
33 0 -138823 4238.82
34 0 -161853 2931.08
35 0 -138858 4603.19
36 0 -171127 2544.38
37 0 -142372 4934.84
38 0 -168248 2547.03
39 0 -137911 4791.42
40 0 -164896 2814.8
41 0 -141199 4486.06
42 0 -172006 2658.9
43 0 -143030 4493.32
44 0 6.89898e-310 5
45 0 6.89898e-310 5
46 0 6.89898e-310 5
47 0 6.89898e-310 5
48 0 -152368 2639.8
49 0 -134230 4289.89
50 0 -155868 2599.64
51 0 -136628 3870.89
52 0 -155031 2555.95
53 0 -127636 3695.76
54 0 -154393 2579.46
55 0 -124358 5197.4
56 0 -149813 2670.51
57 0 -127680 3958.58
58 0 -151235 2584.08
59 0 -124079 4635.68
60 0 6.89898e-310 5
61 0 6.89898e-310 5
62 0 6.89898e-310 5
63 0 6.89898e-310 5
64 0 6.89898e-310 5
65 0 6.89898e-310 5
66 0 571317 2417.92
67 0 571071 2285.26
68 0 571930 2326.93
69 0 571589 2410.69
70 0 571056 2269.2
71 0 571574 2400.13
72 0 564117 2415.33
73 0 563764 2454.19
74 0 563947 2424.57
75 0 564346 2488.75
76 0 564196 2367.32
77 0 562965 2292.23
78 0 564028 2372.62
79 0 564105 2383.16
80 0 6.89898e-310 5
81 0 6.89898e-310 5
82 0 589066 2310.49
83 0 580974 2368.93
84 0 588295 2214.9
85 0 588192 2214.95
86 0 588532 2333.59
87 0 589128 2379.47
88 0 580729 2194.4
89 0 581133 2271.12
90 0 581869 2224.81
91 0 580529 2298.29
92 0 581106 2188.28
93 0 581190 2215.11
94 0 582393 2195.99
95 0 580104 2141.27
96 0 6.89898e-310 5
97 0 6.89898e-310 5
98 0 608032 2425.33
99 0 599679 2279.77
100 0 608442 2327.37
101 0 607061 1891.94
102 0 606204 2114.38
103 0 606042 1689.6
104 0 599170 2378.19
105 0 598051 2361.84
106 0 598418 2404.38
107 0 598706 2162.04
108 0 600379 2271.27
109 0 600616 2483.46
110 0 600079 2508.26
111 0 600251 2318.34
112 0 6.89898e-310 5
113 0 6.89898e-310 5
114 0 627697 2915.71
115 0 625647 2402
116 0 627669 2808.89
117 0 627030 2736.52
118 0 626166 2129.23
119 0 626112 2309.16
120 0 616199 2085.15
121 0 615559 1948.76
122 0 609339 2130.32
123 0 616201 2125.94
124 0 607958 2144.67
125 0 616714 2255.26
126 0 617237 2288.1
127 0 608706 2426.92
128 0 6.89898e-310 5
129 0 6.89898e-310 5
130 0 642932 2338.12
131 0 643449 2340.49
132 0 643923 2324.86
133 0 642303 2211.29
134 0 644349 2180.72
135 0 643503 2278.86
136 0 635304 1869.98
137 0 635255 2194.64
138 0 644798 614.275
139 0 646115 791.79
140 0 646360 774.674
141 0 646961 774.248
142 0 646241 847.124
143 0 646448 836.775
144 0 6.89898e-310 5
145 0 6.89898e-310 5
146 0 666455 608.685
147 0 674501 904.411
148 0 672952 495.08
149 0 664627 467.998
150 0 672466 499.011
151 0 674045 774.961
152 0 657674 531.533
153 0 666817 623.231
154 0 665563 473.697
155 0 657881 674.388
156 0 6.89898e-310 5
157 0 6.89898e-310 5
158 0 6.89898e-310 5
159 0 6.89898e-310 5
