0 0 6.94844e-310 5
1 0 5.13972e-316 5
2 0 -196725 3416.53
3 0 -320968 22902.3
4 0 -191198 5335.67
5 0 -297931 5529.07
6 0 -198127 4837.97
7 0 -322298 12419
8 0 -199491 3768.69
9 0 -318942 8586.29
10 0 -152675 20556.9
11 0 -320272 6436.06
12 0 -202959 4487.51
13 0 -184453 31392.8
14 0 -272747 16098.2
15 0 -230815 6547.9
16 0 -276477 4015.74
17 0 -112071 4279.7
18 0 -165579 3368.92
19 0 -322225 4591.98
20 0 -166913 3078.07
21 0 -320236 4740.5
22 0 6.94844e-310 5
23 0 6.94844e-310 5
24 0 -165120 2641.43
25 0 -308396 2678.51
26 0 -166682 2419.64
27 0 -253374 3838.32
28 0 6.94844e-310 5
29 0 6.94844e-310 5
30 0 6.94844e-310 5
31 0 6.94844e-310 5
32 0 -145870 2713.89
33 0 -210258 30628.3
34 0 -149226 2381.31
35 0 -125201 31395.4
36 0 -143002 19840.2
37 0 -132436 2907.94
38 0 -154897 1891.39
39 0 -210319 28585.3
40 0 -152695 2803.1
41 0 -303747 3513.55
42 0 -158663 3414.91
43 0 -149135 13039.8
44 0 6.94844e-310 5
45 0 6.94844e-310 5
46 0 6.94844e-310 5
47 0 6.94844e-310 5
48 0 -138978 1875.54
49 0 -196417 6061.17
50 0 -168096 5132.83
51 0 -133852 25880.1
52 0 -287442 2403.75
53 0 -149224 1403.15
54 0 -141732 2185.18
55 0 -131539 4179.6
56 0 -320350 3066.43
57 0 -171413 2713.65
58 0 -138058 1661.48
59 0 -135122 5834.52
60 0 6.94844e-310 5
61 0 6.94844e-310 5
62 0 6.94844e-310 5
63 0 6.94844e-310 5
64 0 6.94844e-310 5
65 0 6.94844e-310 5
66 0 570001 2291.61
67 0 569997 2363.02
68 0 570467 2227.15
69 0 570091 2274.75
70 0 569638 2081.88
71 0 561987 2154.96
72 0 562786 2115.04
73 0 562362 2217.81
74 0 562775 2036.14
75 0 562999 2082.72
76 0 563379 2128.79
77 0 561860 1932.15
78 0 563263 2015.68
79 0 563175 1992.78
80 0 6.94844e-310 5
81 0 6.94844e-310 5
82 0 588408 2030.2
83 0 588075 1906.93
84 0 587119 1568.82
85 0 587060 1684.06
86 0 587150 1582.2
87 0 588024 1682.7
88 0 571346 1370.63
89 0 579987 1601.98
90 0 580576 1592.38
91 0 571143 1591.55
92 0 579963 1809.37
93 0 579899 1689.27
94 0 580764 1960.14
95 0 578619 1880.97
96 0 6.94844e-310 5
97 0 6.94844e-310 5
98 0 605880 2075.71
99 0 605764 2031.66
100 0 607088 2686.58
101 0 605544 1977.71
102 0 603791 4458.55
103 0 603259 4411.88
104 0 590393 3000.91
105 0 597094 3606.12
106 0 597640 2862.65
107 0 590102 2913.29
108 0 600132 2610.73
109 0 600336 2777.92
110 0 599261 2435.48
111 0 599629 2540.74
112 0 6.94844e-310 5
113 0 6.94844e-310 5
114 0 626012 2423.05
115 0 624728 2353.22
116 0 625626 2364.54
117 0 625178 2429.72
118 0 625007 2154.97
119 0 624679 2226.78
120 0 615592 2094.17
121 0 615436 2152.19
122 0 616026 2109.86
123 0 615093 2083.4
124 0 614414 2115.85
125 0 615200 2032.97
126 0 615734 2273.15
127 0 615078 2148.99
128 0 6.94844e-310 5
129 0 6.94844e-310 5
130 0 641661 2455.01
131 0 642053 2205.81
132 0 643026 2540.52
133 0 640858 2746.93
134 0 643015 3244.21
135 0 642555 2709.17
136 0 633927 2685.57
137 0 633535 3476.31
138 0 635717 654.108
139 0 645087 700.973
140 0 645485 756.726
141 0 646027 971.128
142 0 644957 472.111
143 0 645702 788.574
144 0 6.94844e-310 5
145 0 6.94844e-310 5
146 0 673395 636.404
147 0 673292 659.477
148 0 671844 381.297
149 0 671425 571.7
150 0 671318 596.366
151 0 672747 435.143
152 0 664529 515.186
153 0 665718 506.731
154 0 664484 578.602
155 0 664645 605.366
156 0 6.94844e-310 5
157 0 6.94844e-310 5
158 0 6.94844e-310 5
159 0 6.94844e-310 5
