0 0 6.94975e-310 5
1 0 4.31151e-316 5
2 0 -209525 2634.99
3 0 -186894 5040.38
4 0 -205056 2496.44
5 0 -224920 4553.01
6 0 -210621 2602.86
7 0 -176812 4578.76
8 0 -212340 2359.19
9 0 -225470 5076.49
10 0 -212420 2706.84
11 0 -188886 3867.04
12 0 -214972 2493.87
13 0 -197815 4196.07
14 0 -222892 2525.97
15 0 -196010 3944.96
16 0 -171005 2528.93
17 0 -152838 4490.72
18 0 -178089 2637.32
19 0 -148764 4762.25
20 0 -180773 2658.31
21 0 -146977 4449.62
22 0 6.94975e-310 5
23 0 6.94975e-310 5
24 0 -179446 2579.86
25 0 -151007 3885.23
26 0 -222498 3633.87
27 0 -141724 4587.53
28 0 6.94975e-310 5
29 0 6.94975e-310 5
30 0 6.94975e-310 5
31 0 6.94975e-310 5
32 0 -158338 3011.04
33 0 -138810 4397.3
34 0 -161710 3004.61
35 0 -182428 5111.77
36 0 -171221 2562.95
37 0 -143588 4969.05
38 0 -168229 2423.49
39 0 -137927 4600.81
40 0 -164895 2771.16
41 0 -141133 4693.83
42 0 -172028 2635.72
43 0 -143124 4476.4
44 0 6.94975e-310 5
45 0 6.94975e-310 5
46 0 6.94975e-310 5
47 0 6.94975e-310 5
48 0 -194848 3590.91
49 0 -134264 4048.82
50 0 -155828 2494.53
51 0 -136785 3963.4
52 0 -154922 2369.92
53 0 -127741 3745.58
54 0 -154334 2508.23
55 0 -124184 5079.99
56 0 -149774 2453.43
57 0 -127859 4025.35
58 0 -150992 2470.48
59 0 -124052 4567.74
60 0 6.94975e-310 5
61 0 6.94975e-310 5
62 0 6.94975e-310 5
63 0 6.94975e-310 5
64 0 6.94975e-310 5
65 0 6.94975e-310 5
66 0 569898 2216.34
67 0 561787 2201.21
68 0 570596 2252.27
69 0 570095 2158.6
70 0 562176 2709.42
71 0 570239 2346.41
72 0 554567 2747.77
73 0 562514 2914.82
74 0 562266 2767.81
75 0 554634 2693.33
76 0 562492 2733.41
77 0 561427 2551.8
78 0 554101 2473.68
79 0 562413 2778.76
80 0 6.94975e-310 5
81 0 6.94975e-310 5
82 0 587066 2386.14
83 0 587032 2327.59
84 0 586666 2514.43
85 0 586681 2219.68
86 0 586547 2678.11
87 0 587214 2909.68
88 0 579102 2294.05
89 0 579355 2612.71
90 0 580372 2432.82
91 0 578710 2569.97
92 0 579762 2449.29
93 0 579704 2430.42
94 0 581494 2682.18
95 0 578931 2562.6
96 0 6.94975e-310 5
97 0 6.94975e-310 5
98 0 606700 2385.08
99 0 606786 2674.67
100 0 606959 2118.12
101 0 605959 2042.56
102 0 604124 2208.87
103 0 604311 1745.71
104 0 597234 2524.64
105 0 596058 2331.34
106 0 596644 2511.61
107 0 597050 2451.4
108 0 598613 2404.86
109 0 598728 2486.83
110 0 598683 2808.34
111 0 598651 2510.66
112 0 6.94975e-310 5
113 0 6.94975e-310 5
114 0 626753 3370.56
115 0 624807 2891
116 0 626667 2760.91
117 0 626435 3177.91
118 0 624938 2142.97
119 0 625099 2357.07
120 0 606683 1752.36
121 0 614011 1680.23
122 0 615659 1909.02
123 0 606555 1841.95
124 0 615631 3045.23
125 0 615119 2152.51
126 0 615472 2651.62
127 0 615737 3268.57
128 0 6.94975e-310 5
129 0 6.94975e-310 5
130 0 632912 2345.67
131 0 641523 2598.4
132 0 641807 2376.44
133 0 640442 2402.59
134 0 642104 2309.69
135 0 641554 2422.5
136 0 632918 2239.39
137 0 632901 2281.03
138 0 643481 515.962
139 0 644675 604.235
140 0 644902 607.046
141 0 645584 601.663
142 0 644817 660.364
143 0 645024 686.731
144 0 6.94975e-310 5
145 0 6.94975e-310 5
146 0 673296 571.267
147 0 673119 796.476
148 0 671755 460.981
149 0 663538 506.5
150 0 671233 614.89
151 0 664558 614.755
152 0 664409 511.804
153 0 665483 513.515
154 0 664351 511.068
155 0 666196 1670.6
156 0 6.94975e-310 5
157 0 6.94975e-310 5
158 0 6.94975e-310 5
159 0 6.94975e-310 5
