0 0 6.92954e-310 5
1 0 6.05612e-316 5
2 0 -229398 6015.07
3 0 -216241 26268.1
4 0 -192298 1011.38
5 0 -222519 15161.3
6 0 -275190 5453.57
7 0 -330320 31747
8 0 -198979 4166.23
9 0 -189134 4024.42
10 0 -196435 6651.53
11 0 -269845 29856.9
12 0 -174344 2538.17
13 0 -137532 31997.3
14 0 -253480 33461.4
15 0 -183546 3550.5
16 0 -159119 2964.57
17 0 -116683 2648.13
18 0 -199257 23146.4
19 0 -113171 4848.35
20 0 -166803 3778.32
21 0 -113849 29326.5
22 0 6.92954e-310 5
23 0 6.92954e-310 5
24 0 -228467 4789.48
25 0 -137987 5571.63
26 0 -141504 8530.76
27 0 -126852 5643.11
28 0 -122035 287.409
29 0 -119974 1667.78
30 0 -106694 31326.9
31 0 6.92954e-310 5
32 0 -108069 5220.64
33 0 -133905 3095.59
34 0 -148008 2150.63
35 0 -125087 5632.83
36 0 -241000 555.728
37 0 -163667 3404.09
38 0 -115500 0.247276
39 0 -238215 936.321
40 0 -198965 3770.75
41 0 -155378 5581.45
42 0 -241323 3356.61
43 0 -158029 2833.62
44 0 -104745 439.758
45 0 6.92954e-310 5
46 0 -221990 16749.3
47 0 6.92954e-310 5
48 0 -218844 996.135
49 0 -140696 1378.93
50 0 -142748 3086.93
51 0 -123282 3952.67
52 0 -171448 4985.02
53 0 -137040 31382.9
54 0 -102500 0.247831
55 0 -72734.2 23890.6
56 0 -170020 1480.91
57 0 -37669.5 31273.2
58 0 -177002 9419.59
59 0 -136219 6181.72
60 0 -132000 1698.63
61 0 -144500 0.250656
62 0 6.92954e-310 5
63 0 6.92954e-310 5
64 0 6.92954e-310 5
65 0 6.92954e-310 5
66 0 569563 2136.16
67 0 561413 2127.4
68 0 570017 2028.37
69 0 569710 2134.35
70 0 561305 1941.57
71 0 569621 2016.76
72 0 554442 1973.38
73 0 561958 2012.85
74 0 562485 2041.84
75 0 586153 1414.06
76 0 594462 1311.84
77 0 585511 1140.33
78 0 579661 1445.58
79 0 562867 2017.21
80 0 6.92954e-310 5
81 0 6.92954e-310 5
82 0 615017 2142.28
83 0 615742 1160.75
84 0 587253 2160.72
85 0 611614 1714.98
86 0 586773 1499.39
87 0 621414 1291.03
88 0 579149 1346.66
89 0 579549 1526.62
90 0 580131 1371.18
91 0 579024 1653.35
92 0 579460 1839.64
93 0 579668 1783.22
94 0 580386 1982.47
95 0 578408 1883.14
96 0 6.92954e-310 5
97 0 6.92954e-310 5
98 0 605492 2007.79
99 0 605343 2035.87
100 0 606459 2368.16
101 0 605057 1849.3
102 0 602273 2267.8
103 0 628233 783.267
104 0 621391 790.162
105 0 627560 1356.55
106 0 596852 2743.46
107 0 623559 1588.68
108 0 599171 2622.7
109 0 599353 3219.36
110 0 598760 2618.71
111 0 629001 1044.28
112 0 6.92954e-310 5
113 0 6.92954e-310 5
114 0 625620 2466.81
115 0 624528 2338.48
116 0 625292 2226.14
117 0 624682 2259.5
118 0 624363 1944.06
119 0 624227 2084.4
120 0 606884 1759.02
121 0 614408 1661.15
122 0 615424 1994.15
123 0 606430 1808.72
124 0 613828 1950.42
125 0 614637 1871.92
126 0 615077 2479.1
127 0 614487 2057.28
128 0 6.92954e-310 5
129 0 6.92954e-310 5
130 0 632887 2844.34
131 0 641393 2417.05
132 0 670386 1107.64
133 0 640394 2791.63
134 0 667760 1613.6
135 0 667048 1513.52
136 0 658516 879.244
137 0 631200 5012.49
138 0 680561 1938.07
139 0 644656 472.842
140 0 644944 494.62
141 0 645566 633.095
142 0 644851 435.181
143 0 645020 502.967
144 0 6.92954e-310 5
145 0 6.92954e-310 5
146 0 672998 472.768
147 0 672967 481.701
148 0 671755 405.133
149 0 663418 580.984
150 0 670891 412.069
151 0 664684 419.416
152 0 664280 478.914
153 0 665467 463.293
154 0 664181 552.142
155 0 664343 428.558
156 0 6.92954e-310 5
157 0 6.92954e-310 5
158 0 6.92954e-310 5
159 0 6.92954e-310 5
