0 0 3.16815e-316 5
1 0 2.88805e-316 5
2 0 -197325 2990.89
3 0 -173792 7596.91
4 0 -193317 5823.93
5 0 -280802 32043.9
6 0 -320812 3466.06
7 0 -302068 22973.4
8 0 -199982 3590.47
9 0 -169225 7560.25
10 0 -199723 2644.29
11 0 -177288 5337.41
12 0 -257447 32469.7
13 0 -191383 11459.3
14 0 -209837 4864.68
15 0 -354097 20094.5
16 0 -159362 4091.62
17 0 -333165 20401.2
18 0 -165947 3136.08
19 0 -326318 16148.2
20 0 -168499 3453.37
21 0 -132517 7031.98
22 0 3.20093e-316 5
23 0 3.65608e-316 5
24 0 -167033 2229.11
25 0 -139064 5602.49
26 0 -166571 2207.94
27 0 -128519 4601.43
28 0 5.04191e-316 5
29 0 3.65455e-316 5
30 0 2.88401e-316 5
31 0 3.20493e-316 5
32 0 -145311 2055.06
33 0 -127261 5809.92
34 0 -149087 2483.63
35 0 -125881 7953.78
36 0 -158454 3251.59
37 0 -131298 7427.84
38 0 -155719 2605.57
39 0 -242119 25825
40 0 -152474 2120.37
41 0 -127166 8700.91
42 0 -159430 2077.58
43 0 -130752 3533.92
44 0 6.89898e-310 5
45 0 6.89898e-310 5
46 0 6.89898e-310 5
47 0 6.89898e-310 5
48 0 -140160 1900.33
49 0 -155986 3349.46
50 0 -143905 2773.21
51 0 -125753 5472.38
52 0 -143005 1992.66
53 0 -115287 4724.84
54 0 -142265 1984.81
55 0 -146705 30406.7
56 0 -137532 2565.04
57 0 -114778 2120
58 0 -138280 2232.32
59 0 -233482 30122.5
60 0 6.89898e-310 5
61 0 6.89898e-310 5
62 0 6.89898e-310 5
63 0 6.89898e-310 5
64 0 6.89898e-310 5
65 0 6.89898e-310 5
66 0 586749 2897.78
67 0 578680 3185.5
68 0 587142 2487.46
69 0 586869 2797.69
70 0 578217 2312.88
71 0 586623 2567.13
72 0 571433 2542.21
73 0 578897 2476.81
74 0 579450 2438.48
75 0 571731 2458.33
76 0 579969 2408.85
77 0 578444 2246.03
78 0 571841 2376.62
79 0 579901 2379.29
80 0 6.89898e-310 5
81 0 6.89898e-310 5
82 0 604791 2347.09
83 0 604661 2279.83
84 0 603982 1936.53
85 0 603910 2149.55
86 0 603987 2000.5
87 0 604815 2089.91
88 0 596213 1838.16
89 0 596792 2017.23
90 0 597311 1948.44
91 0 596031 1966.99
92 0 596449 2146.94
93 0 596656 2068.96
94 0 597486 2339.65
95 0 595267 2044.67
96 0 6.89898e-310 5
97 0 6.89898e-310 5
98 0 622626 2426.53
99 0 622460 2400.48
100 0 624277 3365.59
101 0 622261 2213.37
102 0 620658 3889.09
103 0 621020 5129.37
104 0 613239 3431.31
105 0 611497 3140.56
106 0 614342 3475.75
107 0 615113 3282.37
108 0 617293 3057.73
109 0 617369 3387.56
110 0 616065 2849.96
111 0 616584 2873.63
112 0 6.89898e-310 5
113 0 6.89898e-310 5
114 0 642927 2832.16
115 0 641545 2813.21
116 0 642628 2863.79
117 0 642090 2847.59
118 0 642054 2521.91
119 0 641685 2699.78
120 0 624681 2598.91
121 0 632157 3322.62
122 0 632962 2610.49
123 0 624157 2756.61
124 0 631105 2616.59
125 0 632089 2524.08
126 0 632617 2737.17
127 0 631909 2698.61
128 0 6.89898e-310 5
129 0 6.89898e-310 5
130 0 650700 2828.69
131 0 659094 2751.33
132 0 660323 2861.38
133 0 657989 3160.61
134 0 660415 3271.18
135 0 657855 3714.93
136 0 645083 980.946
137 0 645373 1587.29
138 0 660450 1182.24
139 0 661987 1157.47
140 0 662435 1214.72
141 0 662957 1488.29
142 0 662103 1024.32
143 0 662661 1226.71
144 0 6.89898e-310 5
145 0 6.89898e-310 5
146 0 674159 943.278
147 0 674172 1053.41
148 0 672477 689.33
149 0 664013 666.619
150 0 672008 846.733
151 0 665491 833.608
152 0 665336 880.925
153 0 666432 957.593
154 0 665511 968.147
155 0 665577 1048.96
156 0 6.89898e-310 5
157 0 6.89898e-310 5
158 0 6.89898e-310 5
159 0 6.89898e-310 5
