0 0 6.9268e-310 5
1 0 6.27692e-316 5
2 0 -210945 2623.07
3 0 -188480 4624.98
4 0 -206335 2620.67
5 0 -182512 4002.06
6 0 -211965 2634.87
7 0 -178131 4480.54
8 0 -213780 2571.98
9 0 -183277 4477.61
10 0 -213802 2937.35
11 0 -190186 4064.24
12 0 -216217 2416.75
13 0 -199143 4026.49
14 0 -224208 2584.13
15 0 -197213 3854.85
16 0 -172315 2460.26
17 0 -154299 4825.88
18 0 -179590 2693.92
19 0 -150197 4910.68
20 0 -181964 2691.76
21 0 -148287 4890.35
22 0 6.9268e-310 5
23 0 6.9268e-310 5
24 0 -180532 2489.54
25 0 -152317 3939.72
26 0 -181140 2759.56
27 0 -142929 4579.79
28 0 6.9268e-310 5
29 0 6.9268e-310 5
30 0 6.9268e-310 5
31 0 6.9268e-310 5
32 0 -159606 3013.93
33 0 -140402 4347.58
34 0 -207234 4499.01
35 0 -140319 4731.93
36 0 -172457 2505.36
37 0 -144604 4850.46
38 0 -169425 2430.32
39 0 -139466 5465.31
40 0 -166084 2674.56
41 0 -142373 4499.73
42 0 -173266 2665.83
43 0 -144268 4886.62
44 0 6.9268e-310 5
45 0 6.9268e-310 5
46 0 6.9268e-310 5
47 0 6.9268e-310 5
48 0 -153642 2637.04
49 0 -135870 4320.24
50 0 -156977 2415.37
51 0 -137978 3842.54
52 0 -156268 2302.68
53 0 -128991 3667.29
54 0 -155724 2723.63
55 0 -125827 5196.73
56 0 -151009 2447.06
57 0 -129258 4264.34
58 0 -152314 2371.41
59 0 -125414 4494.86
60 0 6.9268e-310 5
61 0 6.9268e-310 5
62 0 6.9268e-310 5
63 0 6.9268e-310 5
64 0 6.9268e-310 5
65 0 6.9268e-310 5
66 0 569539 2258.62
67 0 561427 2248.08
68 0 570114 2213.23
69 0 569775 2320.94
70 0 561279 2437.37
71 0 569835 2440.91
72 0 554133 2683.47
73 0 561724 2712.63
74 0 561778 2676.97
75 0 554192 2749.17
76 0 561831 2721.62
77 0 560734 2545.85
78 0 553679 2597.12
79 0 561767 2609.61
80 0 6.9268e-310 5
81 0 6.9268e-310 5
82 0 586529 2443.51
83 0 586551 2539.19
84 0 586389 2213.3
85 0 586373 2171.62
86 0 586205 2679.96
87 0 587052 2703.72
88 0 578522 2609.4
89 0 579018 2360.23
90 0 579695 2561.44
91 0 578399 2423.29
92 0 579130 2555.05
93 0 579311 2632.54
94 0 580977 2863.51
95 0 578395 2453.55
96 0 6.9268e-310 5
97 0 6.9268e-310 5
98 0 606406 2573.22
99 0 606415 2913.21
100 0 606696 2278.3
101 0 605446 1987.03
102 0 604028 2164.97
103 0 604163 1365.91
104 0 597026 2483.88
105 0 595851 2424.44
106 0 596109 2457.84
107 0 596281 2509.4
108 0 598389 2696.05
109 0 598532 2586.62
110 0 597730 2617.19
111 0 598029 2777.35
112 0 6.9268e-310 5
113 0 6.9268e-310 5
114 0 626093 3152.7
115 0 623878 2717.85
116 0 626232 2822.9
117 0 625463 3013.86
118 0 624466 1984.81
119 0 624844 2514.16
120 0 606357 1943.41
121 0 613945 1785.69
122 0 615452 2149.53
123 0 606237 2024.02
124 0 614192 2608.16
125 0 614892 2217.11
126 0 614974 2720.98
127 0 614618 2917.08
128 0 6.9268e-310 5
129 0 6.9268e-310 5
130 0 632779 2529.48
131 0 641180 2546.57
132 0 641796 2558.84
133 0 639783 2295.25
134 0 641535 2403.47
135 0 641087 2433.39
136 0 632771 2387.9
137 0 632471 2442.4
138 0 643098 684.949
139 0 644435 584.783
140 0 644567 604.225
141 0 645320 690.387
142 0 644522 645.792
143 0 644652 669.153
144 0 6.9268e-310 5
145 0 6.9268e-310 5
146 0 672685 580.632
147 0 672689 685.11
148 0 671482 485.931
149 0 662773 531.445
150 0 670432 567.951
151 0 664319 549.155
152 0 663934 594.116
153 0 665156 606.525
154 0 663642 563.017
155 0 664272 473.917
156 0 6.9268e-310 5
157 0 6.9268e-310 5
158 0 6.9268e-310 5
159 0 6.9268e-310 5
