0 0 6.94013e-310 5
1 0 3.41129e-316 5
2 0 -213390 2708.43
3 0 -190918 4616.14
4 0 -208949 2578.83
5 0 -185481 4486.16
6 0 -214580 2773.87
7 0 -180799 4883.75
8 0 -216310 2607.2
9 0 -185785 4683.83
10 0 -216421 2885.7
11 0 -193267 4101.9
12 0 -219138 2734.85
13 0 -202637 4700.11
14 0 -226782 2487.76
15 0 -200126 5331.01
16 0 -175230 3091.86
17 0 -157398 4571.76
18 0 -182025 2777.54
19 0 -152622 4666.36
20 0 -184670 2745.09
21 0 -150928 4998.31
22 0 6.94013e-310 5
23 0 6.94013e-310 5
24 0 -183657 2863.09
25 0 -155166 4981.12
26 0 -183689 2701.7
27 0 -145887 5418.28
28 0 -122145 272.878
29 0 -120132 1730.91
30 0 -134104 7083.07
31 0 6.94013e-310 5
32 0 -162285 2935.98
33 0 -143097 5371.8
34 0 -165498 2903.96
35 0 -143278 5761.99
36 0 -174866 2547.02
37 0 -147354 4808.15
38 0 -172111 2525.38
39 0 -142775 4931.68
40 0 -168942 2813.29
41 0 -145826 4610.86
42 0 -175799 2860.74
43 0 -146985 4441.77
44 0 -104920 293.47
45 0 6.94013e-310 5
46 0 -159741 2624.8
47 0 6.94013e-310 5
48 0 -156294 2867.21
49 0 -137931 4120.74
50 0 -159801 2892.38
51 0 -140733 4419.6
52 0 -158870 2375.52
53 0 -132264 4082.17
54 0 -158495 2609.9
55 0 -128612 6289.58
56 0 -153606 2699.03
57 0 -131566 3977.03
58 0 -154528 2410.59
59 0 -128081 4324.61
60 0 -228608 4039.89
61 0 -114500 0.247297
62 0 6.94013e-310 5
63 0 6.94013e-310 5
64 0 6.94013e-310 5
65 0 6.94013e-310 5
66 0 587100 2936.01
67 0 578727 2896.71
68 0 587843 3286.26
69 0 587229 2959.36
70 0 578743 3047.53
71 0 587314 3034.85
72 0 571718 3497.12
73 0 579348 3468.16
74 0 579057 3432.37
75 0 571745 3570.32
76 0 611451 1468.58
77 0 577943 3188.29
78 0 570757 3264.89
79 0 578816 3322.1
80 0 6.94013e-310 5
81 0 6.94013e-310 5
82 0 603638 2899.87
83 0 603736 3166.32
84 0 603738 2722.47
85 0 603738 2655.26
86 0 603479 3384.88
87 0 604452 3091.81
88 0 595837 2781.28
89 0 596318 3062.54
90 0 597067 3096.84
91 0 595666 3021.01
92 0 596666 2739.11
93 0 596691 2742.29
94 0 598015 2734.89
95 0 595595 2554.07
96 0 6.94013e-310 5
97 0 6.94013e-310 5
98 0 623481 2728.2
99 0 623170 2604.45
100 0 624040 2826.1
101 0 623009 2366.6
102 0 621656 2436.85
103 0 621982 1827.32
104 0 614165 2991.19
105 0 613192 3018.41
106 0 613695 2932.92
107 0 613759 2964.85
108 0 615808 3142.82
109 0 615862 3134.01
110 0 615651 3252.44
111 0 615792 2828.11
112 0 6.94013e-310 5
113 0 6.94013e-310 5
114 0 643173 3192.48
115 0 641155 3348.2
116 0 643220 2881.05
117 0 642694 3014.7
118 0 642200 2665.01
119 0 641894 2772.94
120 0 623245 2392.41
121 0 631106 2346
122 0 633205 2882.74
123 0 623623 2677.82
124 0 631870 2929.29
125 0 632847 3014.07
126 0 633274 4070.64
127 0 632650 3868.51
128 0 6.94013e-310 5
129 0 6.94013e-310 5
130 0 650186 3863.07
131 0 659629 4222.69
132 0 659594 4156.67
133 0 657510 3171.94
134 0 659072 3053.92
135 0 658351 3131.31
136 0 650224 2937.05
137 0 649935 3082.9
138 0 660753 1344.63
139 0 661372 1039.23
140 0 661835 1250.11
141 0 661946 881.632
142 0 661280 969.997
143 0 662554 1602.72
144 0 6.94013e-310 5
145 0 6.94013e-310 5
146 0 674515 1396.24
147 0 674213 1411.64
148 0 672551 940.19
149 0 664234 962.21
150 0 671420 654.211
151 0 665396 1017.65
152 0 664748 777.685
153 0 666712 1232.95
154 0 664511 641.377
155 0 665458 1067.39
156 0 6.94013e-310 5
157 0 6.94013e-310 5
158 0 6.94013e-310 5
159 0 6.94013e-310 5
