0 0 6.91346e-310 5
1 0 4.52016e-316 5
2 0 -210469 2645.92
3 0 -188703 5239.12
4 0 -206012 2653.57
5 0 -228837 4282.92
6 0 -211729 2853.57
7 0 -177580 4677.74
8 0 -213360 2492.36
9 0 -182857 4561.34
10 0 -213372 2775.55
11 0 -190252 4157.63
12 0 -216158 2485.09
13 0 -199030 4381.1
14 0 -224134 2850.6
15 0 -197450 5081.85
16 0 -172165 2506.92
17 0 -154105 4614.81
18 0 -179365 2646.79
19 0 -149983 6012.73
20 0 -181753 2686.33
21 0 -147922 5329.16
22 0 6.91346e-310 5
23 0 6.91346e-310 5
24 0 -180535 2631.7
25 0 -152609 4546.22
26 0 -180988 2705.25
27 0 -142683 4404.09
28 0 -121926 305.03
29 0 -118559 2700.88
30 0 -177556 6369.54
31 0 6.91346e-310 5
32 0 -159552 2790.65
33 0 -140049 3946.88
34 0 -162431 3073.2
35 0 -140078 4986.98
36 0 -172469 2830.36
37 0 -144833 4912.32
38 0 -169168 2716.06
39 0 -138958 4552.99
40 0 -166095 2717.54
41 0 -142740 5639.9
42 0 -172895 2542.89
43 0 -144264 4572.01
44 0 -104720 278.918
45 0 6.91346e-310 5
46 0 -107307 5084.81
47 0 6.91346e-310 5
48 0 -153626 2823.97
49 0 -134872 4902.26
50 0 -156723 2528.95
51 0 -137575 4372.81
52 0 -202688 3066.15
53 0 -128936 4016.66
54 0 -155640 2874.36
55 0 -125589 5223.45
56 0 -151010 2169.15
57 0 -129426 4437.04
58 0 -152057 2743.01
59 0 -125130 4483.28
60 0 -126832 27412.3
61 0 -160500 0.228723
62 0 6.91346e-310 5
63 0 6.91346e-310 5
64 0 6.91346e-310 5
65 0 6.91346e-310 5
66 0 586250 2433.4
67 0 586071 2343.76
68 0 586922 2363.26
69 0 586522 2424.05
70 0 586021 2421.75
71 0 586599 2419.5
72 0 570763 3003.09
73 0 578491 2921.57
74 0 578283 3120.81
75 0 570696 3047.32
76 0 611667 1367.52
77 0 577508 2859.48
78 0 570061 2665.13
79 0 578362 3034.67
80 0 6.91346e-310 5
81 0 6.91346e-310 5
82 0 603028 2513.73
83 0 603214 2669.67
84 0 602227 3000.51
85 0 602670 2245.85
86 0 602510 2750.1
87 0 603028 3174.57
88 0 595144 2512.24
89 0 630845 2053.03
90 0 588525 2544.78
91 0 594663 2779.23
92 0 595952 2732.34
93 0 595740 2661.57
94 0 597362 2535.74
95 0 594866 2676.27
96 0 6.91346e-310 5
97 0 6.91346e-310 5
98 0 614905 2406.03
99 0 622952 2765.16
100 0 623427 2394.42
101 0 622059 1944.31
102 0 620161 2231.65
103 0 620725 1864.7
104 0 613203 2609.1
105 0 612147 2526.91
106 0 612819 2595.65
107 0 612926 2487.82
108 0 614774 2695.04
109 0 615074 2756.5
110 0 614736 2896.54
111 0 614597 2560.88
112 0 6.91346e-310 5
113 0 6.91346e-310 5
114 0 642505 3113.71
115 0 640616 2933.35
116 0 642859 2876.58
117 0 642259 2984.38
118 0 641174 2093.37
119 0 641245 2394.1
120 0 631152 2062.05
121 0 630650 1965.64
122 0 632141 2044.68
123 0 631076 2050.71
124 0 622737 2305.48
125 0 631488 2174.49
126 0 631558 2963.4
127 0 623053 2695.95
128 0 6.91346e-310 5
129 0 6.91346e-310 5
130 0 657099 2815.79
131 0 657790 2879.92
132 0 658078 2686.27
133 0 656506 2519.45
134 0 658157 2477.36
135 0 657557 2513.88
136 0 649057 2451.13
137 0 648957 2470.6
138 0 659704 721.929
139 0 660977 802.846
140 0 661276 710.187
141 0 661808 770.377
142 0 661114 845.19
143 0 661439 828.933
144 0 6.91346e-310 5
145 0 6.91346e-310 5
146 0 673627 676.664
147 0 673379 917.517
148 0 672077 619.712
149 0 671590 576.172
150 0 671278 542.662
151 0 672818 763.489
152 0 664453 606.557
153 0 665685 704.371
154 0 664382 553.743
155 0 664657 702.278
156 0 6.91346e-310 5
157 0 6.91346e-310 5
158 0 6.91346e-310 5
159 0 6.91346e-310 5
