0 0 6.92719e-310 5
1 0 5.8764e-316 5
2 0 -210025 3005.17
3 0 -187177 5681.81
4 0 -205365 3015.35
5 0 -181672 4063.03
6 0 -211303 2625.51
7 0 -177311 4316.69
8 0 -212566 2138.22
9 0 -226263 4796.96
10 0 -212575 2656.58
11 0 -189069 4468.88
12 0 -215481 2613.21
13 0 -243479 5556.79
14 0 -223115 2448.03
15 0 -196305 5440.61
16 0 -172032 2916.1
17 0 -152804 4522.59
18 0 -222134 3512.99
19 0 -149841 5080.31
20 0 -181292 2406.76
21 0 -148181 3780.92
22 0 6.92719e-310 5
23 0 6.92719e-310 5
24 0 -179272 2545.71
25 0 -151059 5388.27
26 0 -180772 2937.83
27 0 -142142 4771.91
28 0 -122025 301.131
29 0 -118474 3016.84
30 0 -131074 6414.67
31 0 6.92719e-310 5
32 0 -203177 3763.61
33 0 -182322 8766.79
34 0 -160896 4195.82
35 0 -185048 6188.41
36 0 -171109 2366.15
37 0 -144792 5672.95
38 0 -168862 2515.78
39 0 -138459 4299.83
40 0 -165734 2476.88
41 0 -142207 4555.38
42 0 -216189 3837.01
43 0 -188337 4999.07
44 0 -104868 305.06
45 0 6.92719e-310 5
46 0 -128432 2838.92
47 0 6.92719e-310 5
48 0 -139394 740.619
49 0 -177821 4623.46
50 0 -156386 3062.41
51 0 -137037 3974.13
52 0 -155485 2402.59
53 0 -172191 5340.77
54 0 -155355 2495.8
55 0 -172122 10953.8
56 0 -149724 2602.78
57 0 -174016 3304.51
58 0 -151821 3024.79
59 0 -124489 4539.3
60 0 -192615 1669.49
61 0 -245500 0.175266
62 0 6.92719e-310 5
63 0 6.92719e-310 5
64 0 719500 0.0128483
65 0 6.92719e-310 5
66 0 585701 2235.35
67 0 585495 2157.49
68 0 586426 2265.68
69 0 585920 2223.47
70 0 586105 2906
71 0 578108 2411.73
72 0 578255 2970.53
73 0 577973 2923.95
74 0 577888 2673.4
75 0 578196 3050.26
76 0 611307 1359.59
77 0 576962 2576.18
78 0 577771 2533.6
79 0 577945 2728.76
80 0 692500 0.0128483
81 0 6.92719e-310 5
82 0 602718 2399.1
83 0 602604 2405.08
84 0 602584 2356.81
85 0 602419 2166.05
86 0 602021 2860.89
87 0 602949 2951.09
88 0 586895 2411.36
89 0 594934 2751.39
90 0 595919 2718.73
91 0 586292 2724.1
92 0 595750 2724.98
93 0 595545 2425.26
94 0 597525 2986.22
95 0 594863 2724.58
96 0 768500 0.0128483
97 0 6.92719e-310 5
98 0 622684 2503.62
99 0 622884 2925.62
100 0 622665 2133.52
101 0 621895 2161.24
102 0 620283 2162.74
103 0 620436 1549.5
104 0 605032 2441.14
105 0 611782 2381
106 0 612277 2586.41
107 0 604537 2443.86
108 0 614464 2557.9
109 0 614438 2611.94
110 0 614145 2908.9
111 0 614508 2676.59
112 0 571500 0.266439
113 0 6.92719e-310 5
114 0 642117 3306.6
115 0 639935 2822.55
116 0 642472 2755.81
117 0 641690 3079.78
118 0 640913 2169.68
119 0 641209 2575.51
120 0 630642 1818.37
121 0 630088 1790.54
122 0 631721 2047.93
123 0 630569 1947.69
124 0 630683 2818.84
125 0 631276 2478.2
126 0 631134 2620.47
127 0 630711 3112.1
128 0 629500 0.0128483
129 0 6.92719e-310 5
130 0 656681 2502.22
131 0 656975 2495.85
132 0 657495 2481.04
133 0 655990 2344.04
134 0 657862 2373.03
135 0 657151 2433.87
136 0 648934 2343.29
137 0 648740 2391.78
138 0 651365 512.946
139 0 660509 607.388
140 0 660677 650.932
141 0 661465 610.836
142 0 660631 644.885
143 0 660761 701.627
144 0 621457 12241.5
145 0 6.92719e-310 5
146 0 672979 615.956
147 0 672779 694.756
148 0 671564 476.915
149 0 671280 576.502
150 0 670846 579.324
151 0 672370 563.251
152 0 664288 503.938
153 0 665355 520.543
154 0 664197 500.203
155 0 666658 1903.78
156 0 6.92719e-310 5
157 0 6.92719e-310 5
158 0 6.92719e-310 5
159 0 6.92719e-310 5
