0 0 6.93301e-310 5
1 0 5.90047e-316 5
2 0 -212328 2634.3
3 0 -189877 4841.52
4 0 -207779 2449.08
5 0 -184297 4493.28
6 0 -213415 2546.73
7 0 -179863 4690.83
8 0 -215378 2721.66
9 0 -184693 4798.56
10 0 -215213 2596.43
11 0 -191740 4421.26
12 0 -218090 2441.56
13 0 -201329 4380.26
14 0 -225806 2490.02
15 0 -198760 4145.7
16 0 -173943 2605.83
17 0 -155938 4307.14
18 0 -180871 2472.19
19 0 -151333 5013.35
20 0 -183687 3010.76
21 0 -149807 4669.29
22 0 6.93301e-310 5
23 0 6.93301e-310 5
24 0 -182129 2561.06
25 0 -153951 4101.12
26 0 -182555 2850.64
27 0 -144770 4664.22
28 0 -85750.1 14.4671
29 0 -118667 1573.99
30 0 -133648 6418.87
31 0 6.93301e-310 5
32 0 -161438 3285.31
33 0 -142010 4580.03
34 0 -164516 2961.43
35 0 -141862 5035.53
36 0 -173984 2681.58
37 0 -146126 4083.29
38 0 -170744 2139.28
39 0 -141404 4606.49
40 0 -167890 2651.88
41 0 -144287 4706.6
42 0 -174904 2551.53
43 0 -145869 4134.36
44 0 -105012 299.999
45 0 6.93301e-310 5
46 0 -108747 4344.19
47 0 6.93301e-310 5
48 0 -155332 2821.68
49 0 -137019 4185.21
50 0 -158699 2522.24
51 0 -139538 4133.76
52 0 -157969 2240.5
53 0 -130625 4520.04
54 0 -157348 2557.4
55 0 -127716 6032.79
56 0 -152472 2630.06
57 0 -130775 3755.84
58 0 -153962 2545.33
59 0 -126829 4669.93
60 0 -210997 2459.56
61 0 -238500 0.157358
62 0 6.93301e-310 5
63 0 6.93301e-310 5
64 0 6.93301e-310 5
65 0 6.93301e-310 5
66 0 569974 2529.52
67 0 561953 2574.38
68 0 570606 2536.15
69 0 570220 2816.86
70 0 561613 2547.64
71 0 570093 2448.87
72 0 554563 2862.54
73 0 562015 2791.48
74 0 562249 2818.79
75 0 554622 2837.25
76 0 595061 1380.26
77 0 561016 2678.33
78 0 553986 2768.44
79 0 562030 3138.49
80 0 6.93301e-310 5
81 0 6.93301e-310 5
82 0 586667 3060.63
83 0 586801 2722.4
84 0 586556 2366.26
85 0 586647 2426.6
86 0 586451 2731.8
87 0 587308 2804.46
88 0 578641 2600.45
89 0 579355 2511.22
90 0 580001 2545.27
91 0 578674 2441.93
92 0 579471 2650.26
93 0 579516 2688.27
94 0 580838 2447.73
95 0 578455 2442.51
96 0 6.93301e-310 5
97 0 6.93301e-310 5
98 0 606217 2246.33
99 0 606077 2415.66
100 0 607316 2642.33
101 0 605729 2038.99
102 0 604404 2086.72
103 0 604443 1417.97
104 0 597258 2584.99
105 0 596034 2492.8
106 0 596309 2555.95
107 0 596486 2620.16
108 0 598770 2792.77
109 0 598869 2888.16
110 0 598118 2623.89
111 0 598180 2817.92
112 0 6.93301e-310 5
113 0 6.93301e-310 5
114 0 625559 2624.66
115 0 624020 2657.24
116 0 625863 2562.16
117 0 625223 2768.31
118 0 625140 2338.64
119 0 624855 2348.39
120 0 607011 2385.61
121 0 614519 2192.43
122 0 616169 2465.92
123 0 607088 2552.85
124 0 614474 2644.73
125 0 615382 2287.85
126 0 615738 2754.5
127 0 615099 2776.73
128 0 6.93301e-310 5
129 0 6.93301e-310 5
130 0 633456 2785.68
131 0 641893 2721
132 0 642396 2939.33
133 0 640184 2596.85
134 0 642136 2881.94
135 0 641770 2916.96
136 0 633480 2894.72
137 0 633064 2900.38
138 0 643480 953.467
139 0 644826 958.19
140 0 644668 684.245
141 0 645691 1015.54
142 0 644740 867.297
143 0 644658 698.11
144 0 6.93301e-310 5
145 0 6.93301e-310 5
146 0 673015 801.731
147 0 672957 933.211
148 0 671585 524.42
149 0 663053 717.688
150 0 670721 733.926
151 0 664482 714.99
152 0 664162 751.585
153 0 665444 810.455
154 0 663917 760.262
155 0 664545 669.615
156 0 6.93301e-310 5
157 0 6.93301e-310 5
158 0 6.93301e-310 5
159 0 6.93301e-310 5
