0 0 6.9332e-310 5
1 0 6.01748e-316 5
2 0 -222434 7586.86
3 0 -199506 7872.18
4 0 -218074 6093.37
5 0 -195525 6592.51
6 0 -223541 7494.26
7 0 -190843 6715.23
8 0 -225746 6303.46
9 0 -194352 7824.79
10 0 -226948 5937.57
11 0 -203373 8166.16
12 0 -229115 7439.88
13 0 -211911 8594.2
14 0 -235736 8422.86
15 0 -208363 7752.94
16 0 -185502 6872.72
17 0 -167180 7735.32
18 0 -192895 6936.5
19 0 -160990 10138
20 0 -195480 6597.05
21 0 -160704 7323.57
22 0 6.9332e-310 5
23 0 6.9332e-310 5
24 0 -194418 6131.69
25 0 -165899 7015.62
26 0 -195798 5098.17
27 0 -156814 6531.49
28 0 6.9332e-310 5
29 0 6.9332e-310 5
30 0 6.9332e-310 5
31 0 6.9332e-310 5
32 0 -172106 7396.83
33 0 -153565 7661.91
34 0 -176629 5506.58
35 0 -152469 8610.16
36 0 -186697 6258.39
37 0 -158518 6569.16
38 0 -183193 5673.08
39 0 -152123 7636.23
40 0 -180134 6345.32
41 0 -156459 7493.8
42 0 -187718 5790.55
43 0 -158267 6872.4
44 0 6.9332e-310 5
45 0 6.9332e-310 5
46 0 6.9332e-310 5
47 0 6.9332e-310 5
48 0 -196769 3843.85
49 0 -148732 6325.5
50 0 -155378 3902.15
51 0 -152411 6595.16
52 0 -169894 5664.05
53 0 -143342 6511.89
54 0 -170790 5540.25
55 0 -140971 6929.14
56 0 -165304 6971.45
57 0 -144325 5904.98
58 0 -167189 5050.85
59 0 -140288 6810.92
60 0 6.9332e-310 5
61 0 6.9332e-310 5
62 0 6.9332e-310 5
63 0 6.9332e-310 5
64 0 6.9332e-310 5
65 0 6.9332e-310 5
66 0 586105 2235.96
67 0 586052 2208.19
68 0 586793 2248.81
69 0 586422 2320.03
70 0 585971 2346.84
71 0 586467 2340.73
72 0 570779 2688.08
73 0 578486 2629.74
74 0 578754 2756.39
75 0 570972 2688.28
76 0 578876 2889.37
77 0 577767 2658.81
78 0 570635 2640.01
79 0 578739 2638.3
80 0 6.9332e-310 5
81 0 6.9332e-310 5
82 0 603488 2621.97
83 0 603616 2613.89
84 0 603217 2415.65
85 0 602995 2511.11
86 0 603135 2598.63
87 0 603833 2825.31
88 0 595267 2516.91
89 0 595922 2320.49
90 0 588820 2599.71
91 0 595362 2413.78
92 0 596766 2773.89
93 0 596135 2657.73
94 0 597672 2625.01
95 0 595221 2519.04
96 0 6.9332e-310 5
97 0 6.9332e-310 5
98 0 614874 2301.21
99 0 622772 2550.25
100 0 623450 2198.56
101 0 622099 1826.61
102 0 621138 2305.83
103 0 621186 1923.94
104 0 613827 2521.41
105 0 612731 2534.48
106 0 612943 2447.95
107 0 613075 2432.84
108 0 615086 2787.54
109 0 615326 2657.38
110 0 615088 2864.04
111 0 614927 2775.64
112 0 6.9332e-310 5
113 0 6.9332e-310 5
114 0 642553 3050.64
115 0 641119 2918.85
116 0 642818 2949.61
117 0 642017 3057.97
118 0 641335 2182.65
119 0 641699 2654.2
120 0 631151 1990.61
121 0 630776 1951.7
122 0 632119 2141.68
123 0 631045 2091.25
124 0 622832 2804.09
125 0 631750 2656.34
126 0 631379 2802.53
127 0 622970 2624.62
128 0 6.9332e-310 5
129 0 6.9332e-310 5
130 0 657287 2518.64
131 0 657819 2631.62
132 0 658423 2601.47
133 0 656627 2314.41
134 0 658415 2484.1
135 0 657897 2428.06
136 0 649925 2768.62
137 0 649390 2482.51
138 0 659784 676.668
139 0 661109 669.606
140 0 661394 543.645
141 0 661932 725.14
142 0 661268 670.297
143 0 661569 638.044
144 0 6.9332e-310 5
145 0 6.9332e-310 5
146 0 673600 521.781
147 0 673535 743.318
148 0 672322 569.378
149 0 671686 531.753
150 0 671359 535.193
151 0 673061 688.168
152 0 664585 549.639
153 0 665689 579.239
154 0 664413 526.959
155 0 664943 685.627
156 0 6.9332e-310 5
157 0 6.9332e-310 5
158 0 6.9332e-310 5
159 0 6.9332e-310 5
