0 0 6.91504e-310 5
1 0 5.16965e-316 5
2 0 -209379 3008.6
3 0 -186650 4448.08
4 0 -205210 2499.81
5 0 -181331 3627.76
6 0 -210117 2378.86
7 0 -223960 4330.79
8 0 -212455 2358.18
9 0 -182191 4370.7
10 0 -212740 2934.55
11 0 -188781 3753.26
12 0 -261557 3025.07
13 0 -198349 4517.13
14 0 -222083 2077.94
15 0 -195248 4151.66
16 0 -171126 2798.12
17 0 -153258 4168.28
18 0 -177974 2523.76
19 0 -148867 5010.64
20 0 -178794 4986.96
21 0 -145964 4336.35
22 0 6.91504e-310 5
23 0 6.91504e-310 5
24 0 -224500 6519.05
25 0 -150938 5264.54
26 0 -179628 4083.62
27 0 -141091 3635.28
28 0 6.91504e-310 5
29 0 6.91504e-310 5
30 0 6.91504e-310 5
31 0 6.91504e-310 5
32 0 -157736 2462.19
33 0 -139513 6095.34
34 0 -161667 3005.12
35 0 -137754 4412.89
36 0 -216865 2135.15
37 0 -142336 4896.83
38 0 -216959 2787.15
39 0 -137639 4708.51
40 0 -164249 2347.73
41 0 -140546 4150.28
42 0 -218570 4749.7
43 0 -143388 4591.86
44 0 6.91504e-310 5
45 0 6.91504e-310 5
46 0 6.91504e-310 5
47 0 6.91504e-310 5
48 0 -151676 2392.18
49 0 -133552 2627.95
50 0 -156088 2742.18
51 0 -136480 3553.48
52 0 -155471 2613.87
53 0 -127580 4078.31
54 0 -154207 2104.58
55 0 -124538 5352.84
56 0 -197437 2702.07
57 0 -128288 3532.2
58 0 -150434 2472.69
59 0 -123842 5217.92
60 0 6.91504e-310 5
61 0 6.91504e-310 5
62 0 6.91504e-310 5
63 0 6.91504e-310 5
64 0 6.91504e-310 5
65 0 6.91504e-310 5
66 0 571333 2373.02
67 0 571081 2262.42
68 0 571896 2314.23
69 0 571585 2452.83
70 0 571078 2219.29
71 0 571658 2495.81
72 0 564076 2409.86
73 0 563709 2447.74
74 0 564077 2347.26
75 0 564446 2404.84
76 0 564354 2357.24
77 0 563000 2297.84
78 0 564041 2364.75
79 0 564162 2376.76
80 0 6.91504e-310 5
81 0 6.91504e-310 5
82 0 589077 2280.54
83 0 580953 2424.68
84 0 588457 2179.14
85 0 588386 2209.92
86 0 588495 2271.49
87 0 589246 2266.78
88 0 580783 2141.32
89 0 581126 2200.72
90 0 581902 2293.62
91 0 580622 2199.92
92 0 581090 2171.71
93 0 581259 2245.77
94 0 582442 2247.38
95 0 580166 2199.46
96 0 6.91504e-310 5
97 0 6.91504e-310 5
98 0 608079 2414.78
99 0 599685 2275.38
100 0 608395 2334.07
101 0 607115 1922.62
102 0 606012 1933.21
103 0 606280 1785.82
104 0 599148 2316.23
105 0 598151 2453.99
106 0 598453 2306.71
107 0 598651 2177.62
108 0 600385 2344.43
109 0 600542 2375.16
110 0 599854 2325.74
111 0 600295 2342.19
112 0 6.91504e-310 5
113 0 6.91504e-310 5
114 0 627669 2757.74
115 0 625622 2362.18
116 0 627808 2800.93
117 0 626987 2643.94
118 0 626161 2134.54
119 0 626181 2371.05
120 0 616160 2079.26
121 0 615591 1986.89
122 0 609339 2129.24
123 0 616177 2090.3
124 0 607995 2143.62
125 0 616668 2216.76
126 0 617259 2350.05
127 0 608731 2337.75
128 0 6.91504e-310 5
129 0 6.91504e-310 5
130 0 642962 2255.85
131 0 643502 2356.31
132 0 644043 2306.28
133 0 642325 2178.69
134 0 644328 2167.17
135 0 643546 2122.62
136 0 635211 1982.22
137 0 635233 2074.05
138 0 644811 621.586
139 0 646123 766.589
140 0 646398 729.668
141 0 646974 760.596
142 0 646260 818.559
143 0 646482 798.123
144 0 6.91504e-310 5
145 0 6.91504e-310 5
146 0 666490 576.268
147 0 674550 894.355
148 0 673017 525.316
149 0 664655 453.581
150 0 672501 479.952
151 0 674120 787.34
152 0 657691 539.26
153 0 666824 614.092
154 0 665572 465.654
155 0 657925 666.367
156 0 6.91504e-310 5
157 0 6.91504e-310 5
158 0 6.91504e-310 5
159 0 6.91504e-310 5
