0 0 6.92838e-310 5
1 0 4.05194e-316 5
2 0 -208353 2616.43
3 0 -185693 4349.98
4 0 -203711 2569.88
5 0 -223106 3683
6 0 -252253 3752.49
7 0 -218305 4451.24
8 0 -254263 3064.83
9 0 -223320 4687.77
10 0 -255343 2768.45
11 0 -187240 4056.84
12 0 -256458 3381.62
13 0 -196518 3902.22
14 0 -221567 2672.93
15 0 -237820 4622.73
16 0 -211967 2610.79
17 0 -193964 5288.31
18 0 -176853 2705.93
19 0 -190749 4989.98
20 0 -179430 2492.38
21 0 -188736 4907.41
22 0 6.92838e-310 5
23 0 6.92838e-310 5
24 0 -178269 2678.41
25 0 -192713 4657.57
26 0 -220823 3816.37
27 0 -182940 4389.32
28 0 6.92838e-310 5
29 0 6.92838e-310 5
30 0 6.92838e-310 5
31 0 6.92838e-310 5
32 0 -199965 3008.93
33 0 -180300 5145.42
34 0 -202652 3157.07
35 0 -180516 5079.53
36 0 -169955 2393.91
37 0 -184233 4882.7
38 0 -166666 2668.82
39 0 -179038 5404.32
40 0 -163134 2500.61
41 0 -183377 5174.19
42 0 -170259 2519.63
43 0 -184741 4238.7
44 0 6.92838e-310 5
45 0 6.92838e-310 5
46 0 6.92838e-310 5
47 0 6.92838e-310 5
48 0 -193757 3351.98
49 0 -175589 4088.9
50 0 -154286 2580.43
51 0 -134887 3743.1
52 0 -197020 2951.57
53 0 -126095 3648.22
54 0 -153002 2418.56
55 0 -165968 5167.51
56 0 -148167 2539.58
57 0 -126609 4534.38
58 0 -149512 2666.18
59 0 -166181 4846.76
60 0 6.92838e-310 5
61 0 6.92838e-310 5
62 0 6.92838e-310 5
63 0 6.92838e-310 5
64 0 6.92838e-310 5
65 0 6.92838e-310 5
66 0 586225 2500.97
67 0 585844 2463.42
68 0 587378 2796.68
69 0 586660 2802.65
70 0 587740 3664.85
71 0 587558 3276.28
72 0 579870 3469.94
73 0 579780 3471.25
74 0 579083 2907.01
75 0 579656 3112.52
76 0 579103 2843.65
77 0 578010 2813.97
78 0 578908 2789.52
79 0 578979 2837.18
80 0 6.92838e-310 5
81 0 6.92838e-310 5
82 0 603760 2626.72
83 0 595899 2704.79
84 0 602981 2942.56
85 0 602862 2756.97
86 0 595478 2855.19
87 0 604023 2806.69
88 0 595905 2745.93
89 0 596372 2884.91
90 0 596994 2891.11
91 0 595560 2811.64
92 0 588862 3139.94
93 0 596684 3025.72
94 0 599108 3621.28
95 0 588365 3174.41
96 0 6.92838e-310 5
97 0 6.92838e-310 5
98 0 623739 2923.75
99 0 624281 3606.43
100 0 615471 2603.01
101 0 614830 2674.09
102 0 620837 2519.51
103 0 612634 2334.09
104 0 614081 2823.02
105 0 612857 2752.88
106 0 605380 2788.48
107 0 613717 2836.49
108 0 615524 3025.83
109 0 615681 3020.28
110 0 615973 3387.56
111 0 615705 3287.99
112 0 6.92838e-310 5
113 0 6.92838e-310 5
114 0 643761 3265.48
115 0 642068 3397.68
116 0 643193 3119.64
117 0 635261 3597.97
118 0 641419 2378.2
119 0 641568 2600.82
120 0 631265 2193.67
121 0 630655 2123.27
122 0 632391 2403.79
123 0 631186 2271.18
124 0 632347 3088.49
125 0 632624 2913.83
126 0 633078 3582.62
127 0 633159 3616.2
128 0 6.92838e-310 5
129 0 6.92838e-310 5
130 0 657942 2792.18
131 0 658655 3155.25
132 0 658701 2754.9
133 0 657244 2568.32
134 0 658972 2607.09
135 0 658409 2801.66
136 0 649432 2538.54
137 0 649793 2634.96
138 0 660577 1356.46
139 0 662022 1487.22
140 0 662204 1423.84
141 0 662790 1401.59
142 0 662007 1450.21
143 0 662155 1401.05
144 0 6.92838e-310 5
145 0 6.92838e-310 5
146 0 674373 1384.56
147 0 666016 1408.13
148 0 673085 1399.48
149 0 672712 1424.75
150 0 672430 1390.27
151 0 674147 1534.4
152 0 665762 1501.91
153 0 666812 1442.46
154 0 665646 1502.58
155 0 666030 1562.6
156 0 6.92838e-310 5
157 0 6.92838e-310 5
158 0 6.92838e-310 5
159 0 6.92838e-310 5
