0 0 6.9518e-310 5
1 0 3.54123e-316 5
2 0 -226986 6795.73
3 0 -203635 9089.48
4 0 -221133 8567.27
5 0 -198904 8989.91
6 0 -227925 6302.52
7 0 -195070 7841.94
8 0 -229019 6062.47
9 0 -198633 7918.2
10 0 -231606 6209.18
11 0 -207751 8347.62
12 0 -233105 6743.01
13 0 -216651 6846.28
14 0 -240716 7126.59
15 0 -213574 8410.66
16 0 -190320 6021.14
17 0 -171399 7689.95
18 0 -196635 5617.11
19 0 -163941 10758.2
20 0 -199005 6665.71
21 0 -164634 8643.06
22 0 6.9518e-310 5
23 0 6.9518e-310 5
24 0 -199551 5923.48
25 0 -170720 6479.87
26 0 -198838 6300.05
27 0 -161023 6411.48
28 0 6.9518e-310 5
29 0 6.9518e-310 5
30 0 6.9518e-310 5
31 0 6.9518e-310 5
32 0 -177723 6964.83
33 0 -157288 8192.19
34 0 -181597 6083.58
35 0 -158096 6551.07
36 0 -191195 6981.33
37 0 -163210 8122.04
38 0 -186377 5791.17
39 0 -157575 6260.04
40 0 -184466 6930.71
41 0 -160813 6275.91
42 0 -191939 7043.34
43 0 -163370 6024.38
44 0 6.9518e-310 5
45 0 6.9518e-310 5
46 0 6.9518e-310 5
47 0 6.9518e-310 5
48 0 -170934 7114.46
49 0 -153430 6665.36
50 0 -158072 3819.75
51 0 -156344 7906.19
52 0 -175013 6661.52
53 0 -147759 5915.41
54 0 -174593 7548.96
55 0 -144790 8302.47
56 0 -169548 6444.18
57 0 -148588 6118.45
58 0 -171942 5107.78
59 0 -144464 6459.59
60 0 6.9518e-310 5
61 0 6.9518e-310 5
62 0 6.9518e-310 5
63 0 6.9518e-310 5
64 0 6.9518e-310 5
65 0 6.9518e-310 5
66 0 585282 2667.37
67 0 585335 2774.97
68 0 585855 2446.68
69 0 585487 2611.38
70 0 584927 2415.84
71 0 577452 2489.33
72 0 577755 2913.79
73 0 577440 2824.64
74 0 577481 2949.97
75 0 577809 2942.95
76 0 577819 3022.48
77 0 576550 2763.47
78 0 577490 3045.94
79 0 577580 3068.13
80 0 6.9518e-310 5
81 0 6.9518e-310 5
82 0 602483 2979.3
83 0 602451 2886.14
84 0 602069 2662.92
85 0 602212 2677.01
86 0 601791 3030.4
87 0 602749 2999.42
88 0 586386 2416.31
89 0 594596 2764.39
90 0 595696 2768.73
91 0 586030 2768.97
92 0 595132 2592.05
93 0 595036 2499.17
94 0 596357 2400.55
95 0 593884 2289.06
96 0 6.9518e-310 5
97 0 6.9518e-310 5
98 0 621671 2190.42
99 0 621459 2300.66
100 0 622873 2750.31
101 0 621071 1872.3
102 0 620133 2427.91
103 0 620570 1950.1
104 0 604720 2909.85
105 0 611614 2829.84
106 0 612000 2828.72
107 0 604251 2926.96
108 0 613970 2810.04
109 0 613800 3966.26
110 0 613623 2867.04
111 0 614014 2795.13
112 0 6.9518e-310 5
113 0 6.9518e-310 5
114 0 640834 3361.21
115 0 639183 2721.11
116 0 641187 2651.69
117 0 640431 2853.82
118 0 640640 2536
119 0 640280 2417.2
120 0 630655 2533.43
121 0 630181 2432.5
122 0 631610 2509.72
123 0 630521 2530.19
124 0 629661 2679.87
125 0 630741 2563.7
126 0 630594 3145.51
127 0 629928 3280.77
128 0 6.9518e-310 5
129 0 6.9518e-310 5
130 0 656125 3073.95
131 0 656823 2957.88
132 0 657281 3384.5
133 0 655731 2645.86
134 0 657797 3055.1
135 0 656737 3406.96
136 0 649463 3594.98
137 0 649163 3383.78
138 0 650920 812.45
139 0 660323 931.17
140 0 660450 884.883
141 0 661185 937.33
142 0 660216 871.228
143 0 660624 985.532
144 0 6.9518e-310 5
145 0 6.9518e-310 5
146 0 672614 759.472
147 0 672470 968.678
148 0 671089 654.98
149 0 670587 555.08
150 0 670425 677.168
151 0 671896 770.08
152 0 663712 702.365
153 0 664859 750.937
154 0 663580 664.531
155 0 663937 777.721
156 0 6.9518e-310 5
157 0 6.9518e-310 5
158 0 6.9518e-310 5
159 0 6.9518e-310 5
