0 0 6.91814e-310 5
1 0 5.58666e-316 5
2 0 -253653 3310.01
3 0 -186732 4203.09
4 0 -248685 3244.13
5 0 -224113 3914.97
6 0 -210344 2540.03
7 0 -220138 4948.76
8 0 -256226 3154.42
9 0 -180122 4621.41
10 0 -256868 3305.27
11 0 -188575 3695.42
12 0 -214783 2681.64
13 0 -241013 3887.58
14 0 -266935 3486.08
15 0 -195673 3840.58
16 0 -170826 2361.34
17 0 -195286 4612.56
18 0 -222036 3027.47
19 0 -191699 6507.86
20 0 -225115 4396.88
21 0 -146110 4557.45
22 0 6.91814e-310 5
23 0 6.91814e-310 5
24 0 -178965 2584.96
25 0 -194027 4251.1
26 0 -222651 3286.52
27 0 -185216 4538.07
28 0 6.91814e-310 5
29 0 6.91814e-310 5
30 0 6.91814e-310 5
31 0 6.91814e-310 5
32 0 -201098 3861.18
33 0 -182305 4972.73
34 0 -204234 3303.54
35 0 -182039 4784.16
36 0 -213914 2519.91
37 0 -186301 4449.21
38 0 -211727 3418.25
39 0 -137260 4520.35
40 0 -208749 2989.54
41 0 -141058 3559.85
42 0 -171787 2612.92
43 0 -186165 4298.51
44 0 6.91814e-310 5
45 0 6.91814e-310 5
46 0 6.91814e-310 5
47 0 6.91814e-310 5
48 0 -195166 3171.18
49 0 -177501 5023.66
50 0 -155457 2435.93
51 0 -136016 4254.55
52 0 -154947 2373.97
53 0 -171035 3700.04
54 0 -154142 2579.3
55 0 -124644 7684.52
56 0 -193490 2823.95
57 0 -171639 3962.97
58 0 -195154 2593.26
59 0 -167619 4697.44
60 0 6.91814e-310 5
61 0 6.91814e-310 5
62 0 6.91814e-310 5
63 0 6.91814e-310 5
64 0 6.91814e-310 5
65 0 6.91814e-310 5
66 0 577843 2506.77
67 0 585501 2450.04
68 0 586277 2531.08
69 0 585865 2616.57
70 0 586269 3018.48
71 0 586182 2764.03
72 0 579170 3133.89
73 0 578658 3020.42
74 0 570548 2872.18
75 0 578920 2911.46
76 0 570705 2793.55
77 0 577495 2688.14
78 0 578595 2749.55
79 0 570608 2840.32
80 0 6.91814e-310 5
81 0 6.91814e-310 5
82 0 603323 2567.86
83 0 603479 2692.92
84 0 602652 2751.77
85 0 602530 2477.54
86 0 602893 2653.8
87 0 603672 2793.95
88 0 595211 2508.5
89 0 587805 2612.25
90 0 596518 2707.84
91 0 594989 2568.4
92 0 596117 2774.13
93 0 595945 2657.31
94 0 597708 2885.95
95 0 595443 2766.9
96 0 6.91814e-310 5
97 0 6.91814e-310 5
98 0 622540 2550.87
99 0 622936 3069.8
100 0 622849 2347.7
101 0 621888 2295.02
102 0 620340 2474.51
103 0 620261 2161.35
104 0 605494 2792.77
105 0 612259 2573.92
106 0 612833 2736.72
107 0 605069 2764.87
108 0 614721 2823.34
109 0 614954 2940.75
110 0 614839 3096.25
111 0 614631 2866.97
112 0 6.91814e-310 5
113 0 6.91814e-310 5
114 0 642767 3345.06
115 0 640990 3125.39
116 0 642585 3123.87
117 0 642385 3472.09
118 0 640937 2520.93
119 0 641262 2919.65
120 0 630676 2254.4
121 0 630048 2134.89
122 0 631886 2649.16
123 0 630639 2432.63
124 0 631800 3349.29
125 0 631573 2727.7
126 0 631958 3060.46
127 0 631763 3165.62
128 0 6.91814e-310 5
129 0 6.91814e-310 5
130 0 657197 2591.85
131 0 657808 2764.12
132 0 650187 2754.43
133 0 656596 2614.72
134 0 658436 2637.12
135 0 649740 2679.13
136 0 648891 2445.45
137 0 641118 2529.65
138 0 659938 1435.93
139 0 661074 1405
140 0 661393 1422.3
141 0 662110 1498.33
142 0 661081 1367.06
143 0 661320 1407.24
144 0 6.91814e-310 5
145 0 6.91814e-310 5
146 0 673606 1330.49
147 0 673250 1364.88
148 0 664327 1342.76
149 0 672000 1372.92
150 0 671710 1476.25
151 0 665265 1489.9
152 0 664887 1447.82
153 0 666123 1471.63
154 0 664809 1490.48
155 0 665106 1502.61
156 0 6.91814e-310 5
157 0 6.91814e-310 5
158 0 6.91814e-310 5
159 0 6.91814e-310 5
