0 0 6.92962e-310 5
1 0 3.82806e-316 5
2 0 -208916 2643.21
3 0 -186449 4481.63
4 0 -204277 2528.93
5 0 -224350 4328.62
6 0 -209839 2533.58
7 0 -175710 4267.22
8 0 -255462 3916.23
9 0 -224957 5286.42
10 0 -256499 6318.35
11 0 -188307 4090.87
12 0 -214056 2555.17
13 0 -197088 4207.34
14 0 -222123 2478.52
15 0 -195241 3765.79
16 0 -212143 2515.08
17 0 -194572 4949.68
18 0 -177519 2499.13
19 0 -147945 5586.96
20 0 -180017 2829.32
21 0 -145826 4770.2
22 0 6.92962e-310 5
23 0 6.92962e-310 5
24 0 -178795 2412.42
25 0 -150388 3886.98
26 0 -178980 2580.69
27 0 -141150 4816.49
28 0 6.92962e-310 5
29 0 6.92962e-310 5
30 0 6.92962e-310 5
31 0 6.92962e-310 5
32 0 -157647 2820.81
33 0 -138313 4683.94
34 0 -160920 2739.42
35 0 -138199 4555.47
36 0 -170686 2501.63
37 0 -186340 4866.41
38 0 -167397 2585.3
39 0 -137019 4577.25
40 0 -164072 2605.96
41 0 -184624 4642.24
42 0 -171259 2768.13
43 0 -142164 4441.59
44 0 6.92962e-310 5
45 0 6.92962e-310 5
46 0 6.92962e-310 5
47 0 6.92962e-310 5
48 0 -151409 2574.8
49 0 -133299 4045.52
50 0 -154886 2538.15
51 0 -136048 4163.04
52 0 -154272 2349.32
53 0 -127221 3286.29
54 0 -153799 2606.98
55 0 -123608 4819.8
56 0 -149099 2380.92
57 0 -127220 4389.38
58 0 -150318 2494.86
59 0 -123345 4088.7
60 0 6.92962e-310 5
61 0 6.92962e-310 5
62 0 6.92962e-310 5
63 0 6.92962e-310 5
64 0 6.92962e-310 5
65 0 6.92962e-310 5
66 0 586457 2207.69
67 0 578201 2058.24
68 0 587073 2146.09
69 0 586694 2233.91
70 0 578597 2489.83
71 0 586939 2461.91
72 0 571343 2678.26
73 0 579013 2823.1
74 0 578895 2546.65
75 0 571287 2691.11
76 0 6.92962e-310 5
77 0 6.92962e-310 5
78 0 6.92962e-310 5
79 0 6.92962e-310 5
80 0 6.92962e-310 5
81 0 6.92962e-310 5
82 0 603602 2266.02
83 0 603776 2395.65
84 0 603420 2230.67
85 0 603290 2059.87
86 0 603292 2572.02
87 0 604178 2558.68
88 0 595722 2356.42
89 0 596221 2310.75
90 0 596733 2498.73
91 0 595511 2385.3
92 0 596362 2401.07
93 0 596486 2382.44
94 0 598163 2811.46
95 0 595551 2325.67
96 0 6.92962e-310 5
97 0 6.92962e-310 5
98 0 623504 2532.37
99 0 623565 2802.72
100 0 623606 2165.88
101 0 622443 1918.61
102 0 620709 2104
103 0 621059 1679.01
104 0 614147 2453.94
105 0 612963 2335.05
106 0 613151 2319.22
107 0 613582 2477.59
108 0 615472 2432.52
109 0 615507 2399.18
110 0 615061 2716.61
111 0 615256 2707.48
112 0 6.92962e-310 5
113 0 6.92962e-310 5
114 0 643410 3238.09
115 0 641417 2830.71
116 0 643079 2607.6
117 0 643101 3238.82
118 0 641431 2018.48
119 0 641842 2386.78
120 0 623146 1749.21
121 0 630669 1563.5
122 0 632107 1889.14
123 0 622995 1814.56
124 0 632469 3156.77
125 0 631608 1978.22
126 0 632311 2826.63
127 0 632219 2925.96
128 0 6.92962e-310 5
129 0 6.92962e-310 5
130 0 649781 2406.1
131 0 658188 2436.13
132 0 658848 2404.04
133 0 656942 2174.61
134 0 658745 2244.98
135 0 658228 2332.65
136 0 649422 2143.4
137 0 649491 2252.49
138 0 660082 570.869
139 0 661420 508.871
140 0 661513 510.768
141 0 662284 547.215
142 0 661495 540.36
143 0 661604 571.864
144 0 6.92962e-310 5
145 0 6.92962e-310 5
146 0 673719 537.018
147 0 673696 605.345
148 0 672534 489.529
149 0 663890 507.345
150 0 672712 1308.74
151 0 665382 522.713
152 0 664884 480.833
153 0 666212 629.875
154 0 664663 484.488
155 0 665339 536.936
156 0 6.92962e-310 5
157 0 6.92962e-310 5
158 0 6.92962e-310 5
159 0 6.92962e-310 5
