0 0 6.94765e-310 5
1 0 5.21075e-316 5
2 0 -249142 2881.76
3 0 -226597 6043.96
4 0 -245690 3165.31
5 0 -179615 3796.94
6 0 -208416 2604.51
7 0 -217190 3944.81
8 0 -209621 2544.31
9 0 -221947 4792.77
10 0 -210579 2984.3
11 0 -229560 3384.58
12 0 -253756 2984.26
13 0 -237267 4186.57
14 0 -263095 3502.77
15 0 -235754 3954.89
16 0 -209955 2952.83
17 0 -191675 4400.23
18 0 -218053 2839.62
19 0 -189054 5893.93
20 0 -221369 2609.49
21 0 -185570 4488.35
22 0 6.94765e-310 5
23 0 6.94765e-310 5
24 0 -220230 2880.05
25 0 -190272 4937.84
26 0 -220369 2799.35
27 0 -181667 4247.19
28 0 6.94765e-310 5
29 0 6.94765e-310 5
30 0 6.94765e-310 5
31 0 6.94765e-310 5
32 0 -197277 2543.72
33 0 -178583 4788.74
34 0 -200269 2975.75
35 0 -178494 4529.51
36 0 -209192 2431.23
37 0 -181950 4046.61
38 0 -207720 2936.12
39 0 -135654 4235.15
40 0 -163035 2671.98
41 0 -139332 3837.68
42 0 -170369 2663.37
43 0 -182003 3603.09
44 0 6.94765e-310 5
45 0 6.94765e-310 5
46 0 6.94765e-310 5
47 0 6.94765e-310 5
48 0 -191811 2965.75
49 0 -133875 7515.79
50 0 -195355 2523.56
51 0 -133643 3532.61
52 0 -195254 3121.21
53 0 -167930 3033.08
54 0 -175388 12127.7
55 0 -121281 4451.65
56 0 -189881 2853.06
57 0 -125876 4445.64
58 0 -189813 3443.13
59 0 -165356 5439.55
60 0 6.94765e-310 5
61 0 6.94765e-310 5
62 0 6.94765e-310 5
63 0 6.94765e-310 5
64 0 6.94765e-310 5
65 0 6.94765e-310 5
66 0 570293 2492.33
67 0 562031 2426.59
68 0 571549 2902.47
69 0 570902 2829.87
70 0 563866 3409.89
71 0 571713 3149.32
72 0 563983 3355.54
73 0 564136 3534.16
74 0 563066 2851.44
75 0 563703 3177.44
76 0 563112 2820.04
77 0 562126 2729.58
78 0 563219 2727.19
79 0 563093 2786.1
80 0 6.94765e-310 5
81 0 6.94765e-310 5
82 0 587901 2574.89
83 0 588006 2671.47
84 0 587226 2879.17
85 0 586874 2786.94
86 0 587588 2849.85
87 0 588167 2888.74
88 0 580022 2684.66
89 0 580466 2706.3
90 0 581072 2812.76
91 0 579755 2758.02
92 0 572985 3061.57
93 0 580792 2895.66
94 0 583082 3446.24
95 0 572539 3286.1
96 0 6.94765e-310 5
97 0 6.94765e-310 5
98 0 608018 3153.89
99 0 608259 3372.22
100 0 607505 2535.33
101 0 606915 2649.02
102 0 605019 2521.53
103 0 604615 2247.44
104 0 598319 2908
105 0 597007 2694.41
106 0 597565 2752.47
107 0 597844 2728.04
108 0 591643 3067.46
109 0 599801 2912.34
110 0 600012 3214.22
111 0 591899 3205.75
112 0 6.94765e-310 5
113 0 6.94765e-310 5
114 0 619951 3471.31
115 0 626119 3260.57
116 0 627175 2972.57
117 0 627170 3335.55
118 0 625461 2290.15
119 0 625834 2719.97
120 0 615329 2160.46
121 0 614756 2036.83
122 0 616873 2622.76
123 0 615308 2244.2
124 0 616956 3310.81
125 0 616760 2837.85
126 0 617379 3495.87
127 0 617657 3693.88
128 0 6.94765e-310 5
129 0 6.94765e-310 5
130 0 642126 2748.81
131 0 642907 3110
132 0 642889 2675.55
133 0 641484 2631.36
134 0 643112 2562.09
135 0 642648 2784.62
136 0 633555 2530.64
137 0 633930 2621.06
138 0 644819 1413.52
139 0 646229 1468.83
140 0 638369 1383.46
141 0 646985 1503.54
142 0 646190 1417.32
143 0 638327 1360.29
144 0 6.94765e-310 5
145 0 6.94765e-310 5
146 0 674466 1391.15
147 0 666199 1366.93
148 0 673245 1384.44
149 0 672859 1421.98
150 0 672495 1391.79
151 0 674299 1455.58
152 0 665917 1463.92
153 0 666982 1464.3
154 0 657851 1521.42
155 0 666172 1474.32
156 0 6.94765e-310 5
157 0 6.94765e-310 5
158 0 6.94765e-310 5
159 0 6.94765e-310 5
