0 0 6.91668e-310 5
1 0 4.90467e-316 5
2 0 -212306 2549.92
3 0 -189984 4956.81
4 0 -207775 2580.61
5 0 -183906 3927.33
6 0 -213317 2566.94
7 0 -179701 4497.55
8 0 -215134 2444.01
9 0 -184512 4506.53
10 0 -215056 2723.58
11 0 -191713 3806.92
12 0 -217807 2596.34
13 0 -200822 4092.48
14 0 -225663 2587.98
15 0 -198658 3833.06
16 0 -173973 2489.55
17 0 -155779 4299.15
18 0 -180956 2480.34
19 0 -151544 4644.15
20 0 -183239 2517.5
21 0 -149748 4662.26
22 0 6.91668e-310 5
23 0 6.91668e-310 5
24 0 -182271 2508.01
25 0 -153483 4296.68
26 0 -182603 2616.51
27 0 -144347 4883.96
28 0 6.91668e-310 5
29 0 6.91668e-310 5
30 0 6.91668e-310 5
31 0 6.91668e-310 5
32 0 -160967 2739.51
33 0 -141895 4201.08
34 0 -164308 2798.4
35 0 -141685 4744.47
36 0 -174122 2504.86
37 0 -146020 4566.05
38 0 -170878 2419.58
39 0 -140727 4992.73
40 0 -167420 2547.37
41 0 -144033 4508.18
42 0 -174843 2570.58
43 0 -145797 4271.2
44 0 6.91668e-310 5
45 0 6.91668e-310 5
46 0 6.91668e-310 5
47 0 6.91668e-310 5
48 0 -155029 2581.71
49 0 -136752 4283.7
50 0 -158514 2505.13
51 0 -139492 3981.9
52 0 -157525 2303.26
53 0 -130627 3932.81
54 0 -157116 2566.38
55 0 -127332 5287.43
56 0 -152464 2353.15
57 0 -130666 4027.79
58 0 -153899 2529.77
59 0 -127005 4416.77
60 0 6.91668e-310 5
61 0 6.91668e-310 5
62 0 6.91668e-310 5
63 0 6.91668e-310 5
64 0 6.91668e-310 5
65 0 6.91668e-310 5
66 0 569743 2489.46
67 0 561684 2581.94
68 0 570382 2514.28
69 0 569962 2505.35
70 0 561157 2484.9
71 0 569813 2479.57
72 0 554147 2914.19
73 0 561766 2809.69
74 0 561746 2862.03
75 0 554270 2847.14
76 0 561816 2904.42
77 0 560706 2739.48
78 0 553647 2756.72
79 0 561669 2817.51
80 0 6.91668e-310 5
81 0 6.91668e-310 5
82 0 586476 2599.95
83 0 586595 2748.1
84 0 586297 2364.93
85 0 586567 2260.81
86 0 586186 2812.14
87 0 587015 2851.79
88 0 578408 2667.38
89 0 578922 2641.74
90 0 579804 2493.97
91 0 578449 2503.78
92 0 579015 2548.17
93 0 579198 2682.35
94 0 580571 2504
95 0 578054 2446.75
96 0 6.91668e-310 5
97 0 6.91668e-310 5
98 0 606069 2363.26
99 0 605858 2488.41
100 0 607097 2614.77
101 0 605530 2054.75
102 0 604133 2169.58
103 0 604397 1515.59
104 0 597060 2671.76
105 0 595799 2600.37
106 0 596224 2614.72
107 0 596250 2533.14
108 0 598264 2780.1
109 0 598646 2763.11
110 0 598094 2628.36
111 0 597959 2757.7
112 0 6.91668e-310 5
113 0 6.91668e-310 5
114 0 625546 2830.98
115 0 623663 2502.65
116 0 625465 2460.2
117 0 625255 2995.35
118 0 624894 2283.35
119 0 624459 2290.2
120 0 606611 2312.99
121 0 614359 2174.54
122 0 615818 2393.49
123 0 606582 2340.56
124 0 614058 2401.52
125 0 615055 2308.17
126 0 615038 3042.67
127 0 614796 2854.2
128 0 6.91668e-310 5
129 0 6.91668e-310 5
130 0 632786 2833.32
131 0 641585 2850.07
132 0 641955 2844.91
133 0 639850 2571.39
134 0 641677 2716.45
135 0 641192 2726.91
136 0 632908 2497.79
137 0 632608 2768.76
138 0 643013 846.039
139 0 644556 964.017
140 0 644624 703.18
141 0 645380 984.99
142 0 644467 891.973
143 0 644668 781.747
144 0 6.91668e-310 5
145 0 6.91668e-310 5
146 0 672821 724.901
147 0 672682 927.525
148 0 671421 536.435
149 0 662830 688.434
150 0 670548 666.174
151 0 664155 771.862
152 0 663825 725.316
153 0 665105 820.155
154 0 663669 690.328
155 0 664333 640.457
156 0 6.91668e-310 5
157 0 6.91668e-310 5
158 0 6.91668e-310 5
159 0 6.91668e-310 5
