0 0 6.90126e-310 5
1 0 6.07725e-316 5
2 0 -209312 2614.09
3 0 -230167 5112.17
4 0 -249005 2944.15
5 0 -224517 5438.3
6 0 -254114 2795.22
7 0 -220611 5070.68
8 0 -256661 3446.59
9 0 -225077 4246.2
10 0 -212287 2781.91
11 0 -189092 3768.91
12 0 -258523 3115.77
13 0 -198139 4088.19
14 0 -267058 3375.66
15 0 -195839 3770.39
16 0 -170971 2558.62
17 0 -196422 4206.78
18 0 -178019 2408.55
19 0 -192679 4446.45
20 0 -180304 2197.67
21 0 -146606 4831.91
22 0 6.90126e-310 5
23 0 6.90126e-310 5
24 0 -179633 2714.6
25 0 -194688 4980.03
26 0 -179766 2682.12
27 0 -185031 5607.11
28 0 6.90126e-310 5
29 0 6.90126e-310 5
30 0 6.90126e-310 5
31 0 6.90126e-310 5
32 0 -157955 2626.52
33 0 -182531 4752.66
34 0 -161209 2720.97
35 0 -181858 4609.77
36 0 -170795 2697.36
37 0 -186745 4105.43
38 0 -168246 2395.47
39 0 -181507 4215.31
40 0 -209320 2912.66
41 0 -185364 4320.39
42 0 -215227 3303.08
43 0 -142637 4308.17
44 0 6.90126e-310 5
45 0 6.90126e-310 5
46 0 6.90126e-310 5
47 0 6.90126e-310 5
48 0 -195883 2759.64
49 0 -133396 3573.82
50 0 -199927 4724.64
51 0 -179756 3857.2
52 0 -198796 3171.64
53 0 -127394 3716.03
54 0 -154164 2510.01
55 0 -168689 5904.86
56 0 -193450 3285.12
57 0 -171886 3459.4
58 0 -195715 2798.37
59 0 -123722 4477.06
60 0 6.90126e-310 5
61 0 6.90126e-310 5
62 0 6.90126e-310 5
63 0 6.90126e-310 5
64 0 6.90126e-310 5
65 0 6.90126e-310 5
66 0 569818 2528.5
67 0 569496 2484.2
68 0 570244 2565.24
69 0 569841 2645.85
70 0 570309 3160.34
71 0 570197 2821.22
72 0 563111 3166.05
73 0 554730 3115.78
74 0 562523 2837.98
75 0 562896 2907.77
76 0 562700 2832.57
77 0 561454 2761.13
78 0 562566 2837.03
79 0 562510 2784.35
80 0 6.90126e-310 5
81 0 6.90126e-310 5
82 0 587290 2639.83
83 0 587377 2684.14
84 0 578625 2833
85 0 586503 2555.21
86 0 586862 2648.38
87 0 579564 2752.31
88 0 579301 2662.52
89 0 579742 2661.92
90 0 580460 2746.44
91 0 578989 2632.76
92 0 580127 2792.49
93 0 579967 2691.97
94 0 581734 2942
95 0 579410 2814.11
96 0 6.90126e-310 5
97 0 6.90126e-310 5
98 0 606801 2923.37
99 0 606959 3134.67
100 0 606867 2394.92
101 0 605869 2293.64
102 0 604279 2608.87
103 0 604290 2142
104 0 597491 2910.68
105 0 596313 2719.39
106 0 596761 2795.99
107 0 597022 2796.21
108 0 598688 2799.67
109 0 598951 2919.28
110 0 598749 3077.46
111 0 598689 2937.28
112 0 6.90126e-310 5
113 0 6.90126e-310 5
114 0 626784 3397.08
115 0 617109 3218.67
116 0 626622 3112.35
117 0 626466 3583.97
118 0 624950 2594.43
119 0 625258 2919.66
120 0 614690 2290.28
121 0 614003 2143.85
122 0 615902 2581.19
123 0 614656 2398.63
124 0 615638 3252.46
125 0 615643 2740.6
126 0 615773 3012.76
127 0 615693 3153.98
128 0 6.90126e-310 5
129 0 6.90126e-310 5
130 0 641187 2649.86
131 0 641776 2810.92
132 0 634197 2903.8
133 0 640594 2642.85
134 0 642327 2662.24
135 0 633734 2659.42
136 0 632828 2513.09
137 0 625070 2567.18
138 0 643886 1446.2
139 0 645095 1415.45
140 0 645363 1408.32
141 0 646082 1485.17
142 0 645066 1376.47
143 0 645312 1414.07
144 0 6.90126e-310 5
145 0 6.90126e-310 5
146 0 673604 1358.7
147 0 665254 1381.91
148 0 672323 1363.32
149 0 672001 1401.36
150 0 671723 1459.85
151 0 673242 1495.87
152 0 664889 1440.21
153 0 666094 1479.33
154 0 664779 1473.46
155 0 665081 1490.73
156 0 6.90126e-310 5
157 0 6.90126e-310 5
158 0 6.90126e-310 5
159 0 6.90126e-310 5
