0 0 6.93289e-310 5
1 0 4.76495e-316 5
2 0 -210356 2734.33
3 0 -188004 4539.93
4 0 -205720 2608.52
5 0 -182097 4100.02
6 0 -211244 2730.33
7 0 -177556 4552.89
8 0 -213387 2660.6
9 0 -182592 4577.97
10 0 -213250 2694.02
11 0 -189553 4072.36
12 0 -215890 2515.69
13 0 -198881 4126.3
14 0 -223738 2665.23
15 0 -196851 3939.52
16 0 -171891 2489.11
17 0 -153525 4495.82
18 0 -179057 2701.57
19 0 -149384 4675.3
20 0 -181340 2581.14
21 0 -147794 4617.2
22 0 6.93289e-310 5
23 0 6.93289e-310 5
24 0 -180546 2848.37
25 0 -151867 4302.07
26 0 -180604 2878.54
27 0 -142587 4576.27
28 0 6.93289e-310 5
29 0 6.93289e-310 5
30 0 6.93289e-310 5
31 0 6.93289e-310 5
32 0 -159243 2842.47
33 0 -140010 4169.43
34 0 -162628 2910.01
35 0 -139381 4419.27
36 0 -172074 2594.3
37 0 -143899 5646.47
38 0 -168873 2533.14
39 0 -138753 4817.73
40 0 -165441 2599
41 0 -142293 4225.66
42 0 -172841 2701.52
43 0 -143719 4835.65
44 0 6.93289e-310 5
45 0 6.93289e-310 5
46 0 6.93289e-310 5
47 0 6.93289e-310 5
48 0 -153227 2622.03
49 0 -134943 4385.37
50 0 -156479 2409.5
51 0 -137351 3761.3
52 0 -155777 2406.96
53 0 -128705 3727.74
54 0 -155130 2565.51
55 0 -125455 5297.9
56 0 -150494 2424.58
57 0 -128595 4150.69
58 0 -151859 2503.64
59 0 -124949 4334.16
60 0 6.93289e-310 5
61 0 6.93289e-310 5
62 0 6.93289e-310 5
63 0 6.93289e-310 5
64 0 6.93289e-310 5
65 0 6.93289e-310 5
66 0 570369 2352.18
67 0 562137 2301.48
68 0 570979 2272.89
69 0 570601 2359.91
70 0 562026 2450.76
71 0 570630 2442.01
72 0 554759 2838.16
73 0 562563 2779.48
74 0 562493 2877.35
75 0 554881 2812.55
76 0 562597 2868.78
77 0 561562 2751.07
78 0 554378 2637.56
79 0 562443 2779.18
80 0 6.93289e-310 5
81 0 6.93289e-310 5
82 0 587094 2452.14
83 0 587329 2665.71
84 0 586891 2426.89
85 0 586885 2284.75
86 0 586825 2652.82
87 0 587377 2944.96
88 0 579197 2597.54
89 0 579686 2582.46
90 0 580620 2507.55
91 0 579010 2577.12
92 0 580083 2651.03
93 0 579815 2661.74
94 0 581809 2807.29
95 0 578965 2636.09
96 0 6.93289e-310 5
97 0 6.93289e-310 5
98 0 607220 2579.66
99 0 607214 2871.71
100 0 607393 2310.3
101 0 606181 1991.1
102 0 604648 2309.17
103 0 605009 1523.68
104 0 597544 2658.18
105 0 596367 2474.16
106 0 596922 2532.02
107 0 596996 2443.58
108 0 598861 2772.39
109 0 599374 2805.53
110 0 598776 2695.21
111 0 598762 2705.24
112 0 6.93289e-310 5
113 0 6.93289e-310 5
114 0 626926 3354.12
115 0 624777 2860.48
116 0 627065 2957.68
117 0 626457 3090.06
118 0 625345 2123.61
119 0 625513 2483.37
120 0 607218 2049.05
121 0 614787 1928.91
122 0 616263 2094.51
123 0 607170 2076.7
124 0 614869 2422.9
125 0 615679 2250.3
126 0 615622 2972.25
127 0 615263 2627.64
128 0 6.93289e-310 5
129 0 6.93289e-310 5
130 0 633349 2729.74
131 0 642058 2748.88
132 0 642413 2800.43
133 0 640635 2497.41
134 0 642362 2548.51
135 0 641785 2574.69
136 0 633383 2377.58
137 0 633143 2502.39
138 0 643750 714.115
139 0 645072 799.607
140 0 645383 639.047
141 0 645890 788.576
142 0 645158 810.006
143 0 645470 728.354
144 0 6.93289e-310 5
145 0 6.93289e-310 5
146 0 673533 566.817
147 0 673406 848.06
148 0 672167 602.654
149 0 663556 518.375
150 0 671600 828.317
151 0 664885 742.466
152 0 664500 600.905
153 0 665762 703.4
154 0 664393 537.603
155 0 664784 701.658
156 0 6.93289e-310 5
157 0 6.93289e-310 5
158 0 6.93289e-310 5
159 0 6.93289e-310 5
