0 0 6.90145e-310 5
1 0 5.69206e-316 5
2 0 -248934 3645.34
3 0 -227279 5169.43
4 0 -245247 2798.57
5 0 -221607 3943.32
6 0 -250116 2840.5
7 0 -217032 4152.07
8 0 -252767 2643.46
9 0 -221745 4277.04
10 0 -253248 3098.19
11 0 -228911 3848.35
12 0 -254476 3087.44
13 0 -195473 4173.27
14 0 -263445 3199.05
15 0 -235840 4654.42
16 0 -210396 2480.21
17 0 -192330 4481.92
18 0 -218312 3159.94
19 0 -188625 5032.17
20 0 -178618 2562.66
21 0 -187699 5453.86
22 0 6.90145e-310 5
23 0 6.90145e-310 5
24 0 -219430 2887.6
25 0 -190845 4492.59
26 0 -219314 3316.94
27 0 -181887 4280.58
28 0 6.90145e-310 5
29 0 6.90145e-310 5
30 0 6.90145e-310 5
31 0 6.90145e-310 5
32 0 -197866 2962.03
33 0 -178220 3632.83
34 0 -201089 3307.55
35 0 -178549 4521.67
36 0 -210188 2642.37
37 0 -182860 4673.33
38 0 -208943 2905.02
39 0 -135224 4116.99
40 0 -205725 2344.03
41 0 -181564 5644.14
42 0 -211407 3120.58
43 0 -182485 4723.6
44 0 6.90145e-310 5
45 0 6.90145e-310 5
46 0 6.90145e-310 5
47 0 6.90145e-310 5
48 0 -192048 3173.16
49 0 -173644 4147.26
50 0 -153677 2676.67
51 0 -134426 3484.64
52 0 -195194 2721.39
53 0 -167486 3604.55
54 0 -152249 2760.86
55 0 -164257 4728.97
56 0 -189710 2713.26
57 0 -167700 4560.54
58 0 -190925 3030.25
59 0 -164304 4967.73
60 0 6.90145e-310 5
61 0 6.90145e-310 5
62 0 6.90145e-310 5
63 0 6.90145e-310 5
64 0 6.90145e-310 5
65 0 6.90145e-310 5
66 0 586466 2694.56
67 0 586003 2401.37
68 0 587500 2754.79
69 0 586840 2763.59
70 0 587851 3492.98
71 0 587728 3172.81
72 0 580088 3371.53
73 0 580268 3766.3
74 0 579141 2881.36
75 0 579811 3127.09
76 0 579309 2984.5
77 0 578135 2791.59
78 0 579141 2745.5
79 0 579189 2754.06
80 0 6.90145e-310 5
81 0 6.90145e-310 5
82 0 603871 2590.25
83 0 596037 2645.62
84 0 603250 2987.61
85 0 602902 2800.5
86 0 595647 2805.42
87 0 604233 2846.93
88 0 596057 2643.07
89 0 596495 2799.88
90 0 597187 2847.69
91 0 595759 2705.08
92 0 589020 3037.53
93 0 596792 2898.29
94 0 599045 3457.23
95 0 588585 3275.78
96 0 6.90145e-310 5
97 0 6.90145e-310 5
98 0 624112 3143.05
99 0 624279 3365.97
100 0 615487 2520.65
101 0 614972 2623.74
102 0 621089 2417.48
103 0 612717 2303.33
104 0 614329 2876.58
105 0 612951 2654.4
106 0 605615 2724.72
107 0 613879 2737.86
108 0 615668 2997.84
109 0 615758 2882.11
110 0 616093 3297.64
111 0 615942 3171.8
112 0 6.90145e-310 5
113 0 6.90145e-310 5
114 0 643953 3477.88
115 0 642240 3196.06
116 0 643260 3048.91
117 0 635139 3335.06
118 0 641670 2417.7
119 0 641867 2745.21
120 0 631501 2251.46
121 0 630795 2034.16
122 0 632907 2646.32
123 0 631340 2243.47
124 0 632972 3395.24
125 0 632705 2799.9
126 0 633471 3577.07
127 0 633264 3354.31
128 0 6.90145e-310 5
129 0 6.90145e-310 5
130 0 658116 2749.09
131 0 658959 3130.79
132 0 658913 2680.18
133 0 657480 2628.04
134 0 659094 2539.67
135 0 658610 2721.24
136 0 649672 2527.64
137 0 649933 2530.18
138 0 660809 1398.06
139 0 662208 1463.15
140 0 662357 1379.79
141 0 662992 1435.1
142 0 662203 1418.76
143 0 662345 1353.25
144 0 6.90145e-310 5
145 0 6.90145e-310 5
146 0 674484 1401.2
147 0 666207 1345.31
148 0 673264 1373.61
149 0 672852 1419.84
150 0 672537 1387.09
151 0 674322 1456.04
152 0 665942 1462.11
153 0 666991 1463.21
154 0 665863 1523.57
155 0 666198 1459.13
156 0 6.90145e-310 5
157 0 6.90145e-310 5
158 0 6.90145e-310 5
159 0 6.90145e-310 5
