0 0 6.93204e-310 5
1 0 3.32134e-316 5
2 0 -209125 2626.3
3 0 -186759 5077.73
4 0 -204734 2702.77
5 0 -180614 4166.13
6 0 -210125 2666.13
7 0 -176608 4602.28
8 0 -212016 2537.31
9 0 -181223 4281.16
10 0 -211981 2695.24
11 0 -188309 3872.05
12 0 -214437 2444.81
13 0 -197490 4227.94
14 0 -222539 2787.9
15 0 -195766 4061.09
16 0 -170778 2549.44
17 0 -152377 4686.82
18 0 -177978 2710.15
19 0 -148305 4912.46
20 0 -180173 2605.58
21 0 -146440 4507.85
22 0 6.93204e-310 5
23 0 6.93204e-310 5
24 0 -179253 2692.39
25 0 -150656 4198.49
26 0 -179239 2846.5
27 0 -141159 4435.38
28 0 6.93204e-310 5
29 0 6.93204e-310 5
30 0 6.93204e-310 5
31 0 6.93204e-310 5
32 0 -157732 2930.97
33 0 -138442 4231.76
34 0 -161239 2752.89
35 0 -138253 4827.97
36 0 -170852 2593.77
37 0 -142685 4206.79
38 0 -167887 2573.15
39 0 -137224 4791.42
40 0 -164346 2670.42
41 0 -140711 4206.31
42 0 -171367 2535.13
43 0 -142473 4434.32
44 0 6.93204e-310 5
45 0 6.93204e-310 5
46 0 6.93204e-310 5
47 0 6.93204e-310 5
48 0 -151794 2721.87
49 0 -133720 3856.36
50 0 -155441 2553.23
51 0 -136082 3843.94
52 0 -199341 3720
53 0 -127148 3641.42
54 0 -154022 2641.61
55 0 -123968 5077.08
56 0 -149281 2516.97
57 0 -127497 4199.35
58 0 -150620 2618.01
59 0 -123784 4442.62
60 0 6.93204e-310 5
61 0 6.93204e-310 5
62 0 6.93204e-310 5
63 0 6.93204e-310 5
64 0 6.93204e-310 5
65 0 6.93204e-310 5
66 0 586564 2214.21
67 0 578398 2167.67
68 0 587138 2145.81
69 0 586763 2266.05
70 0 578511 2365.95
71 0 586937 2377.14
72 0 571368 2605.13
73 0 578997 2644.23
74 0 578986 2480.52
75 0 571372 2633.64
76 0 579177 2765.47
77 0 577971 2404.71
78 0 571038 2485.72
79 0 579098 2497.49
80 0 6.93204e-310 5
81 0 6.93204e-310 5
82 0 603790 2293.7
83 0 603878 2423.94
84 0 603486 2239.03
85 0 603365 2102.64
86 0 603445 2534.84
87 0 604275 2546.95
88 0 595883 2411.73
89 0 596326 2338.94
90 0 596859 2481.28
91 0 595554 2365.34
92 0 596532 2474.09
93 0 596528 2317.31
94 0 598198 2785.4
95 0 595827 2494.86
96 0 6.93204e-310 5
97 0 6.93204e-310 5
98 0 623454 2444.78
99 0 623529 2743.18
100 0 623713 2196.07
101 0 622470 1898.57
102 0 620849 2166.51
103 0 621056 1459.42
104 0 614240 2434.64
105 0 613001 2329.78
106 0 613282 2364.74
107 0 613610 2458.64
108 0 615648 2392.11
109 0 615660 2413.16
110 0 615100 2668.6
111 0 615313 2646.58
112 0 6.93204e-310 5
113 0 6.93204e-310 5
114 0 643322 3008.26
115 0 641344 2751.92
116 0 643219 2657.96
117 0 642955 3115.26
118 0 641467 1991.49
119 0 641864 2409.22
120 0 623303 1816.62
121 0 630893 1710.5
122 0 632229 1898.24
123 0 623130 1893.84
124 0 632064 2951.35
125 0 631876 2128.1
126 0 632248 2635.03
127 0 632477 3267.94
128 0 6.93204e-310 5
129 0 6.93204e-310 5
130 0 649952 2400.05
131 0 658300 2420.52
132 0 658943 2389.19
133 0 657014 2158.67
134 0 658816 2224.09
135 0 658493 2455.16
136 0 649517 2152.13
137 0 649647 2239.71
138 0 660194 570.824
139 0 661488 517.618
140 0 661579 542.511
141 0 662379 559.935
142 0 661588 568.561
143 0 661683 611.915
144 0 6.93204e-310 5
145 0 6.93204e-310 5
146 0 673797 574.312
147 0 673751 623.068
148 0 672552 475.517
149 0 663982 559.625
150 0 671719 745.76
151 0 665416 520.536
152 0 664991 538.823
153 0 666271 587.269
154 0 664729 510.835
155 0 667194 1873.97
156 0 6.93204e-310 5
157 0 6.93204e-310 5
158 0 6.93204e-310 5
159 0 6.93204e-310 5
