0 0 6.91029e-310 5
1 0 3.6679e-316 5
2 0 -207523 2535.25
3 0 -226692 6029.02
4 0 -245067 3028.22
5 0 -220879 4089.21
6 0 -208539 2588.99
7 0 -217072 4745.5
8 0 -252727 2787.76
9 0 -221331 4403.81
10 0 -210034 2694.39
11 0 -229343 3842.4
12 0 -254191 3273.49
13 0 -195396 4360.39
14 0 -220835 2661.12
15 0 -193681 3932.19
16 0 -169008 2376.34
17 0 -150749 4362.09
18 0 -176161 2550.58
19 0 -188525 4638.85
20 0 -178334 2541.92
21 0 -186330 4634.56
22 0 6.91029e-310 5
23 0 6.91029e-310 5
24 0 -218976 3681.19
25 0 -190008 5669.94
26 0 -218642 3586.08
27 0 -181539 4765.15
28 0 6.91029e-310 5
29 0 6.91029e-310 5
30 0 6.91029e-310 5
31 0 6.91029e-310 5
32 0 -197032 3709.27
33 0 -178525 4175.18
34 0 -201327 3426.97
35 0 -178572 4716.57
36 0 -210329 2409.14
37 0 -182513 5169.16
38 0 -208784 2952.21
39 0 -135507 4897.25
40 0 -205244 2717.89
41 0 -181640 4289.35
42 0 -211289 3478.32
43 0 -182949 5073.2
44 0 6.91029e-310 5
45 0 6.91029e-310 5
46 0 6.91029e-310 5
47 0 6.91029e-310 5
48 0 -192192 2502.52
49 0 -173524 4150.12
50 0 -195508 2734.32
51 0 -175903 3850.09
52 0 -194892 2932.67
53 0 -125602 3417.42
54 0 -194401 3142.34
55 0 -163944 4607.09
56 0 -147576 2250.05
57 0 -125691 4410.28
58 0 -191065 2828.63
59 0 -122093 4128.29
60 0 6.91029e-310 5
61 0 6.91029e-310 5
62 0 6.91029e-310 5
63 0 6.91029e-310 5
64 0 6.91029e-310 5
65 0 6.91029e-310 5
66 0 586341 2492.8
67 0 585960 2404.53
68 0 587534 2768.64
69 0 586825 2799.56
70 0 579787 3450.64
71 0 587739 3235.44
72 0 580085 3365.17
73 0 580320 3913.82
74 0 579080 2813.72
75 0 579714 3019.95
76 0 579192 2868.48
77 0 570063 2737.39
78 0 579107 2798.02
79 0 579163 2762.52
80 0 6.91029e-310 5
81 0 6.91029e-310 5
82 0 603742 2565.31
83 0 596015 2699.17
84 0 603152 2935.71
85 0 602892 2804.67
86 0 595527 2830
87 0 604268 2897.74
88 0 596052 2721.85
89 0 596488 2771.32
90 0 597089 2828.84
91 0 595757 2773.48
92 0 596930 3011.4
93 0 596768 2916.94
94 0 599140 3470.39
95 0 596498 3261.99
96 0 6.91029e-310 5
97 0 6.91029e-310 5
98 0 623814 2848.94
99 0 624275 3408.36
100 0 623488 2534.85
101 0 622917 2655.23
102 0 621047 2414.21
103 0 620647 2366.67
104 0 614227 2740.51
105 0 613003 2676.98
106 0 605536 2726.6
107 0 613848 2766.19
108 0 615688 3026.85
109 0 615791 2882.91
110 0 616018 3268.75
111 0 615818 3131.6
112 0 6.91029e-310 5
113 0 6.91029e-310 5
114 0 643934 3622.75
115 0 634083 3239.42
116 0 643174 3011.2
117 0 643128 3386.36
118 0 641501 2298.94
119 0 641798 2722.43
120 0 631342 2176.4
121 0 622728 2013.98
122 0 632609 2409.93
123 0 631290 2231.69
124 0 632867 3312.87
125 0 632766 2919.16
126 0 633477 3584.98
127 0 633568 3732.12
128 0 6.91029e-310 5
129 0 6.91029e-310 5
130 0 658036 2729.03
131 0 658932 3179.76
132 0 650864 2708.32
133 0 657443 2634.33
134 0 659102 2623.53
135 0 650524 2782.4
136 0 649537 2508.9
137 0 649845 2577.6
138 0 660784 1418.06
139 0 662201 1483.41
140 0 654365 1389.89
141 0 662953 1447.21
142 0 662159 1428.13
143 0 654316 1377.16
144 0 6.91029e-310 5
145 0 6.91029e-310 5
146 0 674436 1381.27
147 0 674181 1386.19
148 0 673210 1359.24
149 0 672813 1412.19
150 0 672499 1391.1
151 0 674281 1471.79
152 0 665893 1460.97
153 0 666952 1457.81
154 0 665838 1518.2
155 0 666162 1484.06
156 0 6.91029e-310 5
157 0 6.91029e-310 5
158 0 6.91029e-310 5
159 0 6.91029e-310 5
