0 0 6.92157e-310 5
1 0 4.91696e-316 5
2 0 -226315 6727.69
3 0 -203882 10580
4 0 -220297 8710.7
5 0 -198619 7668.83
6 0 -227478 7351.98
7 0 -193786 8895.63
8 0 -228690 6511.12
9 0 -197261 10992.7
10 0 -230712 7457.69
11 0 -206206 8413.79
12 0 -232810 6541.92
13 0 -216131 7694.11
14 0 -240076 6898.79
15 0 -212394 7194.39
16 0 -190283 6822.09
17 0 -172412 6752.97
18 0 -196207 6385.5
19 0 -165992 7434.06
20 0 -199193 5534.08
21 0 -164213 7762.69
22 0 6.92157e-310 5
23 0 6.92157e-310 5
24 0 -198727 5592.34
25 0 -169468 7183.32
26 0 -199295 6018.2
27 0 -161086 5618.81
28 0 6.92157e-310 5
29 0 6.92157e-310 5
30 0 6.92157e-310 5
31 0 6.92157e-310 5
32 0 -159291 4325.76
33 0 -157052 7478.23
34 0 -180711 5610.23
35 0 -157078 7295.63
36 0 -189959 6273.18
37 0 -162312 7333.35
38 0 -187269 6388.3
39 0 -156921 6689.34
40 0 -184073 6556.55
41 0 -160664 6994.54
42 0 -190930 6467.01
43 0 -161671 7512.99
44 0 6.92157e-310 5
45 0 6.92157e-310 5
46 0 6.92157e-310 5
47 0 6.92157e-310 5
48 0 -153647 3990.09
49 0 -152756 5891.76
50 0 -175514 6788.85
51 0 -156892 6146.06
52 0 -174124 5549.2
53 0 -147541 5403.29
54 0 -174673 5695.65
55 0 -144556 6584.78
56 0 -169655 5515.04
57 0 -147124 6509.3
58 0 -171182 6004.72
59 0 -143257 7903.55
60 0 6.92157e-310 5
61 0 6.92157e-310 5
62 0 6.92157e-310 5
63 0 6.92157e-310 5
64 0 6.92157e-310 5
65 0 6.92157e-310 5
66 0 570130 2891.22
67 0 570157 3020.66
68 0 570799 2602.54
69 0 570365 2851.83
70 0 569823 2568.18
71 0 570362 2664.92
72 0 554700 2984.89
73 0 562409 3039.34
74 0 562353 3078.44
75 0 554713 3141.11
76 0 562431 3501.39
77 0 561191 3070.8
78 0 554207 3434.94
79 0 562319 3513.67
80 0 6.92157e-310 5
81 0 6.92157e-310 5
82 0 587047 3018.1
83 0 587155 3385.04
84 0 586769 2565.29
85 0 586575 2613.07
86 0 586524 2939.77
87 0 587394 2981.52
88 0 578849 2550.71
89 0 579422 2671.52
90 0 572280 2830.27
91 0 578731 2532.09
92 0 579959 2467.01
93 0 579811 2494.1
94 0 580905 2442.87
95 0 578674 2347.62
96 0 6.92157e-310 5
97 0 6.92157e-310 5
98 0 598443 2254.47
99 0 606090 2298.52
100 0 607711 2689.36
101 0 605809 1912.35
102 0 604470 2586.38
103 0 604816 2015.52
104 0 597280 2688.88
105 0 596112 2592.12
106 0 596314 2524.17
107 0 596886 2745.16
108 0 599037 2992.64
109 0 598834 2855.46
110 0 598200 3040.38
111 0 598635 2967.6
112 0 6.92157e-310 5
113 0 6.92157e-310 5
114 0 625534 3073.06
115 0 623973 2929.99
116 0 625755 2527.98
117 0 625269 3335.55
118 0 625046 2426.7
119 0 624884 2545.13
120 0 615455 2535.8
121 0 614683 2412.49
122 0 616343 2550.12
123 0 615186 2609.1
124 0 606442 2698.59
125 0 615483 2551.47
126 0 615562 3089.84
127 0 606863 3171.65
128 0 6.92157e-310 5
129 0 6.92157e-310 5
130 0 641130 3082.32
131 0 641375 3148.23
132 0 641863 3332.49
133 0 640410 2625.58
134 0 642412 2987.79
135 0 641819 2881.66
136 0 633518 3014.35
137 0 633129 3090.55
138 0 643689 890.984
139 0 644893 849.92
140 0 645072 847.081
141 0 645766 932.382
142 0 645191 930.684
143 0 645561 1034.14
144 0 6.92157e-310 5
145 0 6.92157e-310 5
146 0 673424 933.858
147 0 673543 1067.1
148 0 671649 541.58
149 0 671375 680.683
150 0 670978 743.256
151 0 672661 728.501
152 0 664311 599.107
153 0 665531 689.275
154 0 664201 618.598
155 0 664488 667.411
156 0 6.92157e-310 5
157 0 6.92157e-310 5
158 0 6.92157e-310 5
159 0 6.92157e-310 5
