0 0 6.91168e-310 5
1 0 5.1077e-316 5
2 0 -210154 2687.35
3 0 -187889 5027.36
4 0 -205492 2474.52
5 0 -181914 4150.42
6 0 -211194 2582.76
7 0 -177587 4679.06
8 0 -213016 2612.71
9 0 -182287 4408.25
10 0 -213106 2813.35
11 0 -189556 3986.56
12 0 -215497 2421.94
13 0 -198661 4334.18
14 0 -223496 2652.21
15 0 -196484 4262.79
16 0 -171468 2352.17
17 0 -153412 4534.84
18 0 -178777 2656.46
19 0 -149118 4871.57
20 0 -181095 2561.63
21 0 -147555 4506.22
22 0 6.91168e-310 5
23 0 6.91168e-310 5
24 0 -180043 2670.54
25 0 -151606 4093.75
26 0 -180243 2702.01
27 0 -142403 4618.49
28 0 6.91168e-310 5
29 0 6.91168e-310 5
30 0 6.91168e-310 5
31 0 6.91168e-310 5
32 0 -159267 2917.24
33 0 -139558 4176.04
34 0 -162100 2604.41
35 0 -139621 4528
36 0 -171938 2594.51
37 0 -143662 4914.06
38 0 -168872 2703.08
39 0 -138644 4688.5
40 0 -165502 2775.05
41 0 -141813 4404.34
42 0 -172597 2634.79
43 0 -143565 4368.68
44 0 6.91168e-310 5
45 0 6.91168e-310 5
46 0 6.91168e-310 5
47 0 6.91168e-310 5
48 0 -153021 2729.63
49 0 -134873 3862.12
50 0 -156388 2562.12
51 0 -137279 3977.49
52 0 -155323 2433.48
53 0 -128071 3677.83
54 0 -154837 2608.03
55 0 -125061 5522.65
56 0 -150154 2432.54
57 0 -128458 4030.83
58 0 -151446 2463.85
59 0 -124900 4577.23
60 0 6.91168e-310 5
61 0 6.91168e-310 5
62 0 6.91168e-310 5
63 0 6.91168e-310 5
64 0 6.91168e-310 5
65 0 6.91168e-310 5
66 0 577699 2253.92
67 0 585538 2185.84
68 0 578491 2280.44
69 0 585939 2231.59
70 0 586089 2887.47
71 0 578171 2403.08
72 0 578262 2947.73
73 0 577948 2969.7
74 0 577880 2714.05
75 0 578215 3017.32
76 0 578019 2753.05
77 0 576966 2603.25
78 0 577745 2571.33
79 0 577945 2702.56
80 0 6.91168e-310 5
81 0 6.91168e-310 5
82 0 594645 2417.89
83 0 602662 2427.16
84 0 602556 2403.4
85 0 602398 2206.47
86 0 602023 2873.74
87 0 602767 3042.88
88 0 594813 2432.29
89 0 586958 2732.77
90 0 595899 2749.63
91 0 594275 2763.14
92 0 595697 2773.9
93 0 595529 2542.78
94 0 597450 3015.62
95 0 594867 2694.96
96 0 6.91168e-310 5
97 0 6.91168e-310 5
98 0 622675 2534.81
99 0 614811 2917.55
100 0 622704 2167.45
101 0 621854 2135.36
102 0 620259 2220.26
103 0 620397 1531.53
104 0 612923 2478.07
105 0 611749 2372.52
106 0 612259 2593.9
107 0 612483 2516.87
108 0 606397 2578.98
109 0 614387 2541.01
110 0 614117 2901.15
111 0 606441 2639.54
112 0 6.91168e-310 5
113 0 6.91168e-310 5
114 0 641976 3249.5
115 0 639864 2784
116 0 642430 2774.03
117 0 641653 3102.12
118 0 640984 2224.99
119 0 641223 2551.44
120 0 630543 1780.55
121 0 630085 1832.3
122 0 631628 2074.49
123 0 630385 1931.08
124 0 622557 2885.32
125 0 631173 2449.84
126 0 631017 2708.28
127 0 622587 3208.37
128 0 6.91168e-310 5
129 0 6.91168e-310 5
130 0 656609 2576.44
131 0 656945 2572.96
132 0 657406 2507.61
133 0 655943 2325.04
134 0 657682 2333.13
135 0 657084 2413.34
136 0 640804 2345.26
137 0 648621 2345.22
138 0 659336 527.514
139 0 652508 628.996
140 0 660645 649.714
141 0 661459 623.9
142 0 660652 668.482
143 0 660797 722.137
144 0 6.91168e-310 5
145 0 6.91168e-310 5
146 0 673041 631.737
147 0 672788 713.688
148 0 663576 487.697
149 0 671299 572.044
150 0 670880 599.671
151 0 664357 572.116
152 0 664280 507.786
153 0 665353 540.673
154 0 664196 488.675
155 0 664291 517.955
156 0 6.91168e-310 5
157 0 6.91168e-310 5
158 0 6.91168e-310 5
159 0 6.91168e-310 5
