0 0 6.89953e-310 5
1 0 4.34098e-316 5
2 0 -150625 25603.6
3 0 -49007.6 25430.6
4 0 -106000 2220.91
5 0 -157487 6055.42
6 0 -208934 9811.36
7 0 -129758 5633.09
8 0 -244744 4249.74
9 0 -194912 13545.3
10 0 -320205 4037.15
11 0 -273635 2844.45
12 0 -304465 20458.1
13 0 -320949 1610.16
14 0 -302231 4992.25
15 0 -304455 4125.19
16 0 -305076 2144.32
17 0 -111572 3766.48
18 0 -279002 961.62
19 0 -197445 28543.2
20 0 -202828 1307.77
21 0 -341596 29973.2
22 0 6.89953e-310 5
23 0 6.89953e-310 5
24 0 -267777 16411.1
25 0 -151530 5725.21
26 0 -175500 2402.28
27 0 -179562 23147.9
28 0 6.89953e-310 5
29 0 6.89953e-310 5
30 0 6.89953e-310 5
31 0 6.89953e-310 5
32 0 -282191 3568.56
33 0 -238503 3593.9
34 0 -267366 19715.4
35 0 -260000 1201.14
36 0 -277188 1992.27
37 0 -319844 996.137
38 0 -266399 2378.31
39 0 -228500 0.149215
40 0 -263505 5210.09
41 0 -214594 20451.8
42 0 -251582 16393.1
43 0 -153785 2687.44
44 0 6.89953e-310 5
45 0 6.89953e-310 5
46 0 6.89953e-310 5
47 0 6.89953e-310 5
48 0 -265030 10141.3
49 0 -200500 2547.34
50 0 -161140 2490.33
51 0 -207158 2278.57
52 0 -313500 0.201614
53 0 -306949 2104.22
54 0 -113500 849.114
55 0 -123828 498.068
56 0 -148155 16246.7
57 0 -105500 2222.91
58 0 -295500 0.167958
59 0 -299500 3396.45
60 0 6.89953e-310 5
61 0 6.89953e-310 5
62 0 6.89953e-310 5
63 0 6.89953e-310 5
64 0 6.89953e-310 5
65 0 6.89953e-310 5
66 0 586654 3002.1
67 0 585974 2523.18
68 0 586790 2357.72
69 0 586113 2023.1
70 0 457500 0.284831
71 0 451500 0.287218
72 0 840500 0.0128483
73 0 744500 0.0128483
74 0 402500 0.251937
75 0 425500 0.254926
76 0 419500 0.254134
77 0 427500 0.255187
78 0 413500 0.253335
79 0 580500 0.266656
80 0 6.89953e-310 5
81 0 6.89953e-310 5
82 0 601500 0.0128483
83 0 477500 0.272181
84 0 892500 0.0128483
85 0 585500 0.0128483
86 0 491500 0.269955
87 0 465500 0.281933
88 0 629500 0.0128483
89 0 422500 0.254531
90 0 521500 0.264555
91 0 411500 0.25307
92 0 476500 0.272373
93 0 506500 0.270545
94 0 403500 0.252027
95 0 559500 0.266103
96 0 6.89953e-310 5
97 0 6.89953e-310 5
98 0 622701 2439.14
99 0 403500 0.252027
100 0 615445 2472.47
101 0 753412 16393.3
102 0 714500 0.0128483
103 0 886500 0.0128483
104 0 738500 0.0128483
105 0 6.89953e-310 5
106 0 602500 0.0128483
107 0 893500 0.0128483
108 0 836500 0.0128483
109 0 606500 0.0128483
110 0 434500 0.256085
111 0 724500 0.0128483
112 0 6.89953e-310 5
113 0 6.89953e-310 5
114 0 641500 1899.96
115 0 426500 0.255056
116 0 508500 0.270336
117 0 541500 0.265495
118 0 724500 0.0128483
119 0 448500 0.28852
120 0 631904 2174.95
121 0 631308 2023.83
122 0 402500 0.251937
123 0 630671 2521.03
124 0 737500 0.0128483
125 0 452500 0.286802
126 0 698500 0.0128483
127 0 485500 0.270803
128 0 6.89953e-310 5
129 0 6.89953e-310 5
130 0 455500 0.2856
131 0 408500 0.252674
132 0 831500 0.0128483
133 0 493500 0.269709
134 0 807500 0.0128483
135 0 654500 0.0128483
136 0 443500 0.257198
137 0 6.89953e-310 5
138 0 660516 1170.24
139 0 661855 1210.23
140 0 662307 1143.33
141 0 662728 1346.79
142 0 662031 1124.22
143 0 662121 1154.78
144 0 6.89953e-310 5
145 0 6.89953e-310 5
146 0 674286 1445.31
147 0 666118 1174.68
148 0 673130 1176.93
149 0 672694 1181.28
150 0 672430 1142.64
151 0 536500 0.265304
152 0 451500 0.287218
153 0 666123 1247.07
154 0 634052 8975.04
155 0 516500 0.26428
156 0 6.89953e-310 5
157 0 6.89953e-310 5
158 0 6.89953e-310 5
159 0 6.89953e-310 5
