0 0 6.94487e-310 5
1 0 3.98061e-316 5
2 0 -210424 2801.71
3 0 -188380 5963.67
4 0 -205679 2409.75
5 0 -182160 3837.56
6 0 -211655 2672.25
7 0 -223640 7241.61
8 0 -213392 2464.51
9 0 -182984 4634.79
10 0 -213249 2386.6
11 0 -189939 4246.06
12 0 -216095 2589.9
13 0 -245076 4351.3
14 0 -223588 2720.68
15 0 -196881 4146.68
16 0 -172217 2803.73
17 0 -154295 5031.89
18 0 -179403 2467.18
19 0 -196218 5605.93
20 0 -181646 2603.73
21 0 -148093 5088.01
22 0 6.94487e-310 5
23 0 6.94487e-310 5
24 0 -180807 3175.15
25 0 -152070 4330.96
26 0 -180508 2695.48
27 0 -142956 6052.23
28 0 -121956 309.36
29 0 -118737 3020.99
30 0 -131435 8936.02
31 0 6.94487e-310 5
32 0 -159079 2485.78
33 0 -139560 3831.49
34 0 -162846 2817.29
35 0 -185142 5415.58
36 0 -172168 2323.11
37 0 -144669 4408.59
38 0 -169299 2509.28
39 0 -138800 4554.17
40 0 -165787 2259.24
41 0 -142097 4124
42 0 -172863 2407.52
43 0 -143856 4924.01
44 0 -104811 273.427
45 0 6.94487e-310 5
46 0 -240196 4421.27
47 0 6.94487e-310 5
48 0 -153312 2649.19
49 0 -135236 5059.66
50 0 -156980 2714.74
51 0 -137783 4640.99
52 0 -155594 2297.31
53 0 -128260 3675.65
54 0 -155343 2226.78
55 0 -125222 5140.99
56 0 -150978 2587.36
57 0 -129305 4161.55
58 0 -152125 2482.66
59 0 -125066 4435.59
60 0 -103500 3203.04
61 0 -228500 0.149215
62 0 6.94487e-310 5
63 0 6.94487e-310 5
64 0 6.94487e-310 5
65 0 6.94487e-310 5
66 0 586325 2448.57
67 0 578141 2376.85
68 0 586905 2362.56
69 0 586553 2438.39
70 0 577938 2384.69
71 0 586490 2449.76
72 0 570823 2687.02
73 0 578569 2688.96
74 0 578521 2798.49
75 0 570899 2709.93
76 0 611435 1380.29
77 0 577619 2649.46
78 0 570386 2645.14
79 0 578489 2739.62
80 0 6.94487e-310 5
81 0 6.94487e-310 5
82 0 603399 2535.17
83 0 603439 2635.72
84 0 602820 2444.93
85 0 602965 2246.72
86 0 602767 2643.19
87 0 603514 2804.74
88 0 595331 2412.77
89 0 595532 2528.94
90 0 596628 2494.73
91 0 594948 2500.36
92 0 595805 2370.97
93 0 595827 2415.52
94 0 597356 2503.66
95 0 594950 2411.37
96 0 6.94487e-310 5
97 0 6.94487e-310 5
98 0 622948 2473.53
99 0 623038 2764.47
100 0 623481 2370.04
101 0 622066 1966.44
102 0 620387 2245.98
103 0 620585 1614.34
104 0 613528 2615.25
105 0 612237 2452.22
106 0 612875 2551.15
107 0 613152 2447.5
108 0 614998 2590.78
109 0 615080 2763.11
110 0 614661 2707.16
111 0 614823 2435.52
112 0 6.94487e-310 5
113 0 6.94487e-310 5
114 0 642438 3016.96
115 0 640697 2838.73
116 0 642611 2799.44
117 0 642367 3101.07
118 0 641062 2156.35
119 0 641353 2519.93
120 0 623167 2057.07
121 0 630541 1934.23
122 0 632120 2042.81
123 0 623073 2105.71
124 0 630793 2355.13
125 0 631383 2111.8
126 0 631734 2668.1
127 0 631151 2613.92
128 0 6.94487e-310 5
129 0 6.94487e-310 5
130 0 649278 2619.65
131 0 657906 2656.56
132 0 658261 2755.26
133 0 656708 2480.14
134 0 658498 2560.9
135 0 657788 2525.49
136 0 649436 2339.19
137 0 649261 2422.24
138 0 659716 684.043
139 0 660950 788.336
140 0 661199 738.935
141 0 661806 756.875
142 0 661085 825.65
143 0 661360 846.378
144 0 6.94487e-310 5
145 0 6.94487e-310 5
146 0 673512 652.353
147 0 673355 920.542
148 0 671859 494.124
149 0 663579 514.243
150 0 673605 2012.99
151 0 664799 729.34
152 0 664429 512.04
153 0 665619 624.261
154 0 664372 474.557
155 0 664564 623.993
156 0 6.94487e-310 5
157 0 6.94487e-310 5
158 0 6.94487e-310 5
159 0 6.94487e-310 5
