0 0 6.92664e-310 5
1 0 4.77521e-316 5
2 0 -212995 2738.76
3 0 -190648 4805.76
4 0 -208318 2674.86
5 0 -184587 3902.73
6 0 -213992 2657.74
7 0 -180471 4822.6
8 0 -215815 2684.24
9 0 -185181 4660.02
10 0 -215807 2823.78
11 0 -192343 3856.87
12 0 -218392 2503.97
13 0 -201495 4095.22
14 0 -226235 2736.88
15 0 -199353 4006.97
16 0 -174481 2489.34
17 0 -156380 4683.56
18 0 -181391 2538.04
19 0 -152054 5131.04
20 0 -183920 2662.14
21 0 -150221 4427.25
22 0 6.92664e-310 5
23 0 6.92664e-310 5
24 0 -182809 2805.92
25 0 -154473 4307.09
26 0 -183132 2827.24
27 0 -145341 4798.43
28 0 6.92664e-310 5
29 0 6.92664e-310 5
30 0 6.92664e-310 5
31 0 6.92664e-310 5
32 0 -161864 3035.07
33 0 -142665 4472.36
34 0 -164881 2737.57
35 0 -142217 5011.43
36 0 -174496 2570.3
37 0 -146996 4769.21
38 0 -171515 2663.69
39 0 -141290 4856.86
40 0 -167731 2557.47
41 0 -144916 4290.18
42 0 -175251 2595.09
43 0 -146392 4602.39
44 0 6.92664e-310 5
45 0 6.92664e-310 5
46 0 6.92664e-310 5
47 0 6.92664e-310 5
48 0 -155796 2741.7
49 0 -137859 4143.1
50 0 -159064 2441.91
51 0 -140127 3998.91
52 0 -158239 2433.18
53 0 -130999 3682.4
54 0 -157774 2665.24
55 0 -127903 5617.19
56 0 -153158 2577.61
57 0 -131025 4103.07
58 0 -154287 2540.82
59 0 -127430 4912.22
60 0 6.92664e-310 5
61 0 6.92664e-310 5
62 0 6.92664e-310 5
63 0 6.92664e-310 5
64 0 6.92664e-310 5
65 0 6.92664e-310 5
66 0 585862 2645.41
67 0 585696 2556.23
68 0 586561 2627.33
69 0 586069 2636.47
70 0 585517 2651.84
71 0 578037 2524.01
72 0 578301 3127.94
73 0 578025 3126.03
74 0 577758 3206.67
75 0 578381 3094.43
76 0 577860 3200.13
77 0 576732 2944.38
78 0 577612 2909.5
79 0 577676 3052.44
80 0 6.92664e-310 5
81 0 6.92664e-310 5
82 0 602257 2602.57
83 0 602507 2827.89
84 0 602271 2679.12
85 0 602290 2575.23
86 0 602079 3040.7
87 0 602739 3313.24
88 0 586433 2765.51
89 0 594981 2922.7
90 0 595977 2722.9
91 0 586386 2910.33
92 0 595533 2846.06
93 0 595339 2866.11
94 0 596803 2527.8
95 0 594227 2657.66
96 0 6.92664e-310 5
97 0 6.92664e-310 5
98 0 622177 2283.5
99 0 621945 2414.53
100 0 623236 2822.76
101 0 621699 2113.87
102 0 620222 2232.6
103 0 620660 1647.66
104 0 604988 2857.77
105 0 611785 2709.95
106 0 612147 2659
107 0 604277 2693.69
108 0 614298 2962.14
109 0 614705 2954.35
110 0 614105 2804.46
111 0 614055 2918.96
112 0 6.92664e-310 5
113 0 6.92664e-310 5
114 0 641659 2787.46
115 0 639875 2776.12
116 0 641858 2599.04
117 0 641092 2697.2
118 0 641220 2434.49
119 0 640892 2523.48
120 0 630853 2458.75
121 0 630622 2339.48
122 0 632079 2554.78
123 0 630826 2508.8
124 0 630210 2642.37
125 0 631297 2416.86
126 0 631210 3450.47
127 0 630962 3100.14
128 0 6.92664e-310 5
129 0 6.92664e-310 5
130 0 656904 3083.54
131 0 657721 3104.34
132 0 658066 3176.64
133 0 655909 2731.26
134 0 657681 2910.35
135 0 657192 2928.33
136 0 648922 2749.7
137 0 648598 2880.28
138 0 651226 961.082
139 0 660698 1064.83
140 0 660593 734.289
141 0 661502 1050.86
142 0 660573 991.028
143 0 660608 805.418
144 0 6.92664e-310 5
145 0 6.92664e-310 5
146 0 672944 837.586
147 0 672796 1051.64
148 0 671507 614.931
149 0 670953 774.028
150 0 670619 726.319
151 0 672313 903.293
152 0 664012 846.174
153 0 665306 929.592
154 0 663753 765.007
155 0 664465 860.35
156 0 6.92664e-310 5
157 0 6.92664e-310 5
158 0 6.92664e-310 5
159 0 6.92664e-310 5
