0 0 6.93113e-310 5
1 0 6.397e-316 5
2 0 -209966 2642.25
3 0 -187066 4656.3
4 0 -205244 2365.91
5 0 -181329 4383.88
6 0 -210734 2914.2
7 0 -177127 4943.69
8 0 -212566 2696.28
9 0 -181891 4709.9
10 0 -212490 2632.3
11 0 -189023 4350.01
12 0 -214986 2488.48
13 0 -198366 4517.78
14 0 -222685 2366.55
15 0 -195869 4231.71
16 0 -171156 2373.56
17 0 -153258 4609.57
18 0 -178224 2700.49
19 0 -148750 5786.08
20 0 -180833 2797.54
21 0 -146574 4429.91
22 0 6.93113e-310 5
23 0 6.93113e-310 5
24 0 -179165 2375.92
25 0 -194880 5263.27
26 0 -179923 2760.14
27 0 -141426 4427.15
28 0 -121390 74.2748
29 0 -118006 2613.96
30 0 -131199 5905.17
31 0 6.93113e-310 5
32 0 -202454 3558.2
33 0 -138739 4095.35
34 0 -161765 2849.66
35 0 -183067 5228.05
36 0 -171114 2312.11
37 0 -143061 4514.65
38 0 -168255 2504.22
39 0 -137908 4301.85
40 0 -210343 3121.78
41 0 -141217 4987.62
42 0 -172099 2637.49
43 0 -143545 4599.85
44 0 -104272 337.099
45 0 6.93113e-310 5
46 0 -188317 7758.47
47 0 6.93113e-310 5
48 0 -152389 2469.92
49 0 -134364 4554.38
50 0 -156042 2651.79
51 0 -136683 4284.11
52 0 -155145 2218.65
53 0 -127981 3689.23
54 0 -154908 2745.27
55 0 -123959 6745.62
56 0 -149651 2484.23
57 0 -128312 3957.35
58 0 -151251 2567.36
59 0 -124294 4263.57
60 0 -212965 5161.35
61 0 -194500 0.251249
62 0 6.93113e-310 5
63 0 6.93113e-310 5
64 0 6.93113e-310 5
65 0 6.93113e-310 5
66 0 570022 2159.15
67 0 569847 2171.94
68 0 570738 2253.65
69 0 570319 2253.97
70 0 570304 2815.71
71 0 562377 2297.9
72 0 562549 2888.92
73 0 562548 3030.85
74 0 562399 2877.09
75 0 562694 2809.63
76 0 595656 1336.56
77 0 561304 2557.19
78 0 562126 2524.37
79 0 562211 2618.71
80 0 6.93113e-310 5
81 0 6.93113e-310 5
82 0 587031 2325.07
83 0 587104 2447.67
84 0 586840 2333.09
85 0 586796 2247.51
86 0 586744 2512.67
87 0 587180 2932.1
88 0 571002 2413.43
89 0 615061 2044.93
90 0 580498 2468
91 0 570823 2571.56
92 0 579993 2741.57
93 0 579681 2726.45
94 0 581682 2769.48
95 0 579022 2732.39
96 0 6.93113e-310 5
97 0 6.93113e-310 5
98 0 607313 2714.42
99 0 606947 2805.34
100 0 607002 2123.43
101 0 606110 2008.03
102 0 604837 2273.48
103 0 604836 1573.1
104 0 589500 2544.45
105 0 596209 2386.82
106 0 596798 2523.19
107 0 588851 2415.35
108 0 598572 2649.11
109 0 599157 2780.18
110 0 598722 2804.28
111 0 598369 2564.11
112 0 6.93113e-310 5
113 0 6.93113e-310 5
114 0 626470 3158.02
115 0 624730 2911.84
116 0 626681 2705.56
117 0 626425 3065.19
118 0 625290 2146.27
119 0 625819 2686.28
120 0 614874 1811.47
121 0 614482 1778
122 0 616048 2034.38
123 0 614897 1881.56
124 0 614794 2680.46
125 0 615475 2289.87
126 0 615253 2960.25
127 0 615266 2928.91
128 0 6.93113e-310 5
129 0 6.93113e-310 5
130 0 640954 2418.88
131 0 641718 2683.24
132 0 641959 2452.84
133 0 640440 2362.81
134 0 642004 2389.12
135 0 641536 2391.67
136 0 633326 2189.83
137 0 633002 2312.41
138 0 635577 626.92
139 0 644851 709.613
140 0 645212 557.255
141 0 645712 705.168
142 0 644962 687.049
143 0 645279 618.076
144 0 6.93113e-310 5
145 0 6.93113e-310 5
146 0 673426 505.654
147 0 673169 724.527
148 0 672084 598.628
149 0 671532 510.494
150 0 671104 560.185
151 0 672752 708.073
152 0 664416 532.047
153 0 665530 572.383
154 0 664330 491.779
155 0 664592 623.754
156 0 6.93113e-310 5
157 0 6.93113e-310 5
158 0 6.93113e-310 5
159 0 6.93113e-310 5
