0 0 6.94127e-310 5
1 0 3.07859e-316 5
2 0 -209476 2668.44
3 0 -187755 4366.4
4 0 -249860 3518.9
5 0 -181361 4179.75
6 0 -211045 2643.45
7 0 -177179 4170.07
8 0 -212439 2593.89
9 0 -181522 4231.57
10 0 -212884 2998.2
11 0 -189012 4495.55
12 0 -215552 2662.86
13 0 -198375 3854.37
14 0 -222689 2442.9
15 0 -195650 3633.64
16 0 -171146 2222.63
17 0 -152424 4374.43
18 0 -222235 2928.31
19 0 -148929 5151.39
20 0 -180677 2869.09
21 0 -147293 4356.87
22 0 6.94127e-310 5
23 0 6.94127e-310 5
24 0 -179624 2316.96
25 0 -151383 4507.17
26 0 -179305 2407.36
27 0 -186924 4201.55
28 0 6.94127e-310 5
29 0 6.94127e-310 5
30 0 6.94127e-310 5
31 0 6.94127e-310 5
32 0 -158489 3099.08
33 0 -139228 3766.03
34 0 -161697 2596.34
35 0 -138940 4509.99
36 0 -171325 2513.67
37 0 -142838 3977.32
38 0 -167924 2198.84
39 0 -138393 4513.14
40 0 -210583 2873.05
41 0 -141249 3822.61
42 0 -172058 2339.36
43 0 -186919 5078.74
44 0 6.94127e-310 5
45 0 6.94127e-310 5
46 0 6.94127e-310 5
47 0 6.94127e-310 5
48 0 -152429 2676.8
49 0 -178676 4645.11
50 0 -155911 2398.47
51 0 -136618 3803.06
52 0 -155212 2182.95
53 0 -127779 3554.79
54 0 -154504 2957.8
55 0 -124568 4987.74
56 0 -149756 2449.53
57 0 -128204 4214.23
58 0 -151257 2372.97
59 0 -123770 4098.63
60 0 6.94127e-310 5
61 0 6.94127e-310 5
62 0 6.94127e-310 5
63 0 6.94127e-310 5
64 0 6.94127e-310 5
65 0 6.94127e-310 5
66 0 586059 2147.31
67 0 585893 2181.16
68 0 586827 2246.33
69 0 578464 2307.57
70 0 586347 2815.38
71 0 586799 2642.16
72 0 578574 2879.22
73 0 578545 2931.53
74 0 578391 2868.83
75 0 578711 2771.5
76 0 578404 2815.79
77 0 577451 2730.99
78 0 578237 2581.31
79 0 578352 2746.23
80 0 6.94127e-310 5
81 0 6.94127e-310 5
82 0 603001 2369.14
83 0 595168 2552.15
84 0 602903 2218.72
85 0 602699 2246.15
86 0 602768 2582.32
87 0 603279 2846.99
88 0 595048 2662.97
89 0 595677 2448.13
90 0 596495 2479.95
91 0 594949 2541.47
92 0 596132 2663.02
93 0 595678 2671.82
94 0 597661 2843.04
95 0 594990 2743.19
96 0 6.94127e-310 5
97 0 6.94127e-310 5
98 0 623364 2720.09
99 0 615406 3034.99
100 0 623124 2146.47
101 0 614192 1993.3
102 0 620940 2234.36
103 0 621027 1473.8
104 0 613474 2546.29
105 0 612309 2380.03
106 0 604711 2409.08
107 0 612884 2440.56
108 0 614671 2727.99
109 0 615108 2740.77
110 0 614676 2802.56
111 0 614402 2590.19
112 0 6.94127e-310 5
113 0 6.94127e-310 5
114 0 642572 3016.72
115 0 640869 2957.52
116 0 643126 3003.57
117 0 642289 3031.49
118 0 641271 2099.57
119 0 641857 2655.44
120 0 622988 1877.95
121 0 630584 1764.82
122 0 632037 1994.68
123 0 623001 1931.37
124 0 630861 2643.62
125 0 631483 2232.9
126 0 631376 2906.16
127 0 631215 2824.37
128 0 6.94127e-310 5
129 0 6.94127e-310 5
130 0 657185 2441.93
131 0 657788 2664.61
132 0 658019 2520.29
133 0 648507 2370.04
134 0 658028 2361.47
135 0 657590 2398.42
136 0 649365 2220.6
137 0 648930 2352
138 0 659648 650.794
139 0 660938 702.085
140 0 661301 537.988
141 0 661774 711.106
142 0 661062 685.599
143 0 661360 603.251
144 0 6.94127e-310 5
145 0 6.94127e-310 5
146 0 673470 507.06
147 0 673293 707.298
148 0 672203 599.974
149 0 671548 518.482
150 0 671282 521.914
151 0 672879 727.726
152 0 664481 544.194
153 0 665602 575.013
154 0 664353 506.703
155 0 664780 691.222
156 0 6.94127e-310 5
157 0 6.94127e-310 5
158 0 6.94127e-310 5
159 0 6.94127e-310 5
