0 0 6.9057e-310 5
1 0 5.36737e-316 5
2 0 -210355 2646.19
3 0 -187813 4686.83
4 0 -205702 2500.84
5 0 -182179 4134.89
6 0 -211315 2543.77
7 0 -177596 4347.79
8 0 -213328 2523.08
9 0 -182660 4665.82
10 0 -213283 2833.4
11 0 -189751 3808.16
12 0 -215813 2484.57
13 0 -198753 4173.47
14 0 -223822 2574.15
15 0 -196778 4005.19
16 0 -171789 2450.8
17 0 -153683 4719.12
18 0 -179012 2580.2
19 0 -149400 4752.32
20 0 -181441 2737.36
21 0 -147841 4552.86
22 0 6.9057e-310 5
23 0 6.9057e-310 5
24 0 -180191 2510.57
25 0 -151829 3947.66
26 0 -180771 3004.73
27 0 -142381 4480.59
28 0 6.9057e-310 5
29 0 6.9057e-310 5
30 0 6.9057e-310 5
31 0 6.9057e-310 5
32 0 -159118 2877.83
33 0 -139742 4250.79
34 0 -162287 2757.37
35 0 -183996 5078.75
36 0 -172129 2500.26
37 0 -188226 5009.95
38 0 -169039 2649.55
39 0 -138728 4297.35
40 0 -211905 3028.89
41 0 -141794 4365.06
42 0 -172910 2630.54
43 0 -143741 4460.57
44 0 6.9057e-310 5
45 0 6.9057e-310 5
46 0 6.9057e-310 5
47 0 6.9057e-310 5
48 0 -153040 2664.17
49 0 -134843 4229.38
50 0 -156485 2500.31
51 0 -137525 4050.13
52 0 -155685 2466.57
53 0 -128591 3698.48
54 0 -155164 2545.18
55 0 -125277 5047.87
56 0 -150401 2378.9
57 0 -128488 4101.22
58 0 -151849 2466.99
59 0 -124949 4517.17
60 0 6.9057e-310 5
61 0 6.9057e-310 5
62 0 6.9057e-310 5
63 0 6.9057e-310 5
64 0 6.9057e-310 5
65 0 6.9057e-310 5
66 0 585690 2233.84
67 0 585523 2197.91
68 0 586388 2272.96
69 0 585904 2254.09
70 0 585868 2680.52
71 0 586009 2351.33
72 0 570343 2765.44
73 0 577955 2735.09
74 0 577972 2881.56
75 0 570335 2827.52
76 0 578049 3039.58
77 0 576941 2514.55
78 0 569891 2539.19
79 0 578007 2680.55
80 0 6.9057e-310 5
81 0 6.9057e-310 5
82 0 602633 2380.71
83 0 602694 2432.23
84 0 602361 2504.94
85 0 602289 2171.02
86 0 602190 2781.77
87 0 603035 2855.68
88 0 594769 2515.57
89 0 595156 2578.29
90 0 587844 2739.64
91 0 594445 2551.94
92 0 595777 2555.23
93 0 595597 2429.68
94 0 597389 2926.68
95 0 594948 2636.98
96 0 6.9057e-310 5
97 0 6.9057e-310 5
98 0 614463 2383.35
99 0 622683 2869.97
100 0 622708 2242.61
101 0 621543 1909.09
102 0 619976 2205.27
103 0 620219 1460.52
104 0 612972 2502.45
105 0 611830 2340.77
106 0 612238 2519.65
107 0 612586 2565.38
108 0 614688 2484.07
109 0 614503 2526.74
110 0 614150 2878.26
111 0 614467 2705.71
112 0 6.9057e-310 5
113 0 6.9057e-310 5
114 0 642106 3177.39
115 0 639951 2751.69
116 0 642390 2716.67
117 0 641681 2994.07
118 0 640812 2160.76
119 0 640990 2468.45
120 0 630582 1851.8
121 0 630175 1869.26
122 0 631636 2046.17
123 0 630418 1959.6
124 0 622437 2578.77
125 0 630988 2112.52
126 0 631242 2625.79
127 0 622742 2977.13
128 0 6.9057e-310 5
129 0 6.9057e-310 5
130 0 656861 2538.96
131 0 657174 2801.29
132 0 657691 2505.13
133 0 656052 2305.22
134 0 657838 2361.32
135 0 657384 2538.08
136 0 648817 2353.5
137 0 648705 2462.34
138 0 659364 539.908
139 0 660555 600.086
140 0 660658 656.122
141 0 661502 616.315
142 0 660648 637.76
143 0 660762 706.388
144 0 6.9057e-310 5
145 0 6.9057e-310 5
146 0 672920 650.109
147 0 672792 689.653
148 0 671539 478.772
149 0 671166 613.67
150 0 670676 572.169
151 0 672380 545.134
152 0 664246 532.284
153 0 665364 511.853
154 0 664068 556.081
155 0 666926 2095.85
156 0 6.9057e-310 5
157 0 6.9057e-310 5
158 0 6.9057e-310 5
159 0 6.9057e-310 5
