0 0 6.94281e-310 5
1 0 4.11124e-316 5
2 0 -209916 2771.95
3 0 -187263 4704.16
4 0 -205084 2578.19
5 0 -181595 4094.12
6 0 -210770 2565.22
7 0 -177014 4375.7
8 0 -212778 2668.35
9 0 -182242 4898.14
10 0 -212789 2927.54
11 0 -189096 4147.06
12 0 -215344 2501.36
13 0 -198419 4208.03
14 0 -223062 2615.2
15 0 -196213 4132.34
16 0 -171416 2546.55
17 0 -153123 4425.39
18 0 -178532 2685.81
19 0 -148689 5477.67
20 0 -180847 2665.48
21 0 -146946 4384.49
22 0 6.94281e-310 5
23 0 6.94281e-310 5
24 0 -179604 2652.13
25 0 -151304 4292.83
26 0 -180063 2757.46
27 0 -142004 4344.16
28 0 6.94281e-310 5
29 0 6.94281e-310 5
30 0 6.94281e-310 5
31 0 6.94281e-310 5
32 0 -158602 3172.72
33 0 -139187 4355.22
34 0 -161907 2811.04
35 0 -139276 4949.66
36 0 -171552 2660.7
37 0 -142995 4731.94
38 0 -168461 2448.72
39 0 -138197 4490.8
40 0 -164947 2621.33
41 0 -141433 4829.75
42 0 -172303 2625
43 0 -143009 4560.38
44 0 6.94281e-310 5
45 0 6.94281e-310 5
46 0 6.94281e-310 5
47 0 6.94281e-310 5
48 0 -152702 2882.53
49 0 -134357 4043.41
50 0 -156093 2539.86
51 0 -136829 3859.1
52 0 -155283 2486.17
53 0 -127960 3821.3
54 0 -154628 2698.87
55 0 -124533 5112.72
56 0 -150065 2522.42
57 0 -128043 4068.23
58 0 -151301 2572.33
59 0 -124231 4723.07
60 0 6.94281e-310 5
61 0 6.94281e-310 5
62 0 6.94281e-310 5
63 0 6.94281e-310 5
64 0 6.94281e-310 5
65 0 6.94281e-310 5
66 0 571185 2489.83
67 0 570951 2298.15
68 0 571797 2331.38
69 0 571467 2436.08
70 0 570935 2282.42
71 0 571447 2407.63
72 0 563963 2481.46
73 0 563618 2484.37
74 0 563782 2491.82
75 0 564094 2470.38
76 0 564011 2459.89
77 0 562808 2359.55
78 0 563821 2393.67
79 0 563907 2469.6
80 0 6.94281e-310 5
81 0 6.94281e-310 5
82 0 588849 2402.28
83 0 580731 2393.89
84 0 588167 2252.09
85 0 588163 2217.24
86 0 588221 2355.33
87 0 588969 2440.6
88 0 580644 2181.06
89 0 580963 2325.42
90 0 581750 2300.22
91 0 580254 2301.84
92 0 581003 2174.96
93 0 581079 2221.49
94 0 582270 2195.27
95 0 579999 2137.2
96 0 6.94281e-310 5
97 0 6.94281e-310 5
98 0 607899 2396.52
99 0 599533 2250.39
100 0 608442 2399.09
101 0 606969 1880.22
102 0 605994 2144.93
103 0 605933 1689.75
104 0 599001 2414.94
105 0 597858 2376.56
106 0 598227 2482.96
107 0 598570 2260.37
108 0 600330 2268.12
109 0 600422 2527.78
110 0 599739 2448.5
111 0 600203 2343.95
112 0 6.94281e-310 5
113 0 6.94281e-310 5
114 0 627537 2936
115 0 625493 2453.86
116 0 627425 2699.11
117 0 626901 2847.14
118 0 626151 2171.39
119 0 626051 2318.48
120 0 616053 1998.59
121 0 615524 1997.19
122 0 609278 2145.84
123 0 616162 2189.12
124 0 607887 2199.51
125 0 616645 2270.68
126 0 617180 2331.88
127 0 608616 2531.25
128 0 6.94281e-310 5
129 0 6.94281e-310 5
130 0 642838 2408.34
131 0 643285 2480.24
132 0 643780 2448.97
133 0 642141 2311.13
134 0 644150 2317.76
135 0 643378 2380.12
136 0 635170 2019.67
137 0 635064 2363.59
138 0 644757 613.417
139 0 646052 799.854
140 0 646227 825.297
141 0 646836 717.834
142 0 646064 793.264
143 0 646312 876.343
144 0 6.94281e-310 5
145 0 6.94281e-310 5
146 0 666373 655.817
147 0 674298 865.595
148 0 672868 494.19
149 0 664565 502.508
150 0 672387 543.951
151 0 673874 719.656
152 0 657621 530.184
153 0 666769 625.657
154 0 665540 487.515
155 0 657790 666.144
156 0 6.94281e-310 5
157 0 6.94281e-310 5
158 0 6.94281e-310 5
159 0 6.94281e-310 5
