180  6.2282292659856
162.86890328677  6.4159469733258
155.88799232124  6.603664680666
150.6040697647  6.7913823880062
146.2062700671  6.979100095346
142.3782775544  7.1668178026862
138.9567518388  7.3545355100264
135.84401643454  7.5422532173666
132.97602408652  7.7299709247068
130.30801782164  7.917688632047
127.8072239596  8.1054063393872
125.44876821249  8.2931240467274
123.21322881476  8.4808417540671
121.08508850036  8.6685594614073
119.05171126895  8.8562771687475
117.1026411802  9.0439948760877
115.22910706632  9.2317125834279
113.42366356753  9.4194302907681
111.67992513353  9.6071479981083
109.9923650704  9.7948657054485
108.35616112887  9.9825834127887
106.76707505797  10.170301120128
105.22135738435  10.358018827469
103.71567122239  10.545736534809
102.24703064486  10.733454242149
100.8127503369  10.921171949489
99.410404094882  11.108889656829
98.037790332404  11.29660736417
96.692903190821  11.48432507151
95.373908172442  11.67204277885
94.079121452919  11.85976048619
92.806992209161  12.04747819353
91.556087435871  12.23519590087
90.32507882894  12.42291360821
89.112731395506  12.610631315551
87.917893514239  12.798349022891
86.739488219735  12.986066730231
85.576505524781  13.173784437571
84.427995626207  13.361502144911
83.293062865702  13.549219852251
82.170860337741  13.736937559591
81.060585053667  13.924655266931
79.961473584776  14.112372974272
78.872798118577  14.300090681612
77.793862871739  14.487808388952
76.724000810892  14.675526096292
75.662570638864  14.863243803632
74.608954009161  15.050961510972
73.562552935836  15.238679218312
72.522787369506  15.426396925653
71.489092913141  15.614114632993
70.460918653623  15.801832340333
69.437725086943  15.989550047673
68.418982116266  16.177267755013
67.404167103161  16.364985462354
66.392762952851  16.552703169693
65.384256214657  16.740420877034
64.378135178654  16.928138584374
63.373887949085  17.115856291714
62.371000474187  17.303573999054
61.368954510752  17.491291706394
60.367225499903  17.679009413735
59.365280328181  17.866727121075
58.36257494495  18.054444828414
57.358551803285  18.242162535755
56.352637086623  18.429880243095
55.344237677495  18.617597950435
54.332737817113  18.805315657775
53.317495395305  18.993033365115
52.29783779865  19.180751072456
51.273057230092  19.368468779796
50.242405395001  19.556186487136
49.205087425411  19.743904194476
48.160254884626  19.931621901816
47.106997656412  20.119339609156
46.044334473871  20.307057316496
44.971201779033  20.494775023837
43.886440519668  20.682492731177
42.788780377416  20.870210438517
41.676820769819  21.057928145857
40.5490077624  21.245645853197
39.403605741696  21.433363560537
38.238662300268  21.621081267877
37.051964215037  21.808798975218
35.840981574316  21.996516682558
34.60279588745  22.184234389898
33.334006164997  22.371952097238
32.030604098331  22.559669804578
30.687804915431  22.747387511919
29.299813010308  22.935105219258
27.85948870206  23.122822926598
26.35785984191  23.310540633939
24.783379723547  23.498258341279
23.120749025185  23.685976048619
21.348941155874  23.873693755959
19.437654197483  24.061411463299
17.340319263754  24.24912917064
14.978416092995  24.436846877979
12.198549085707  24.62456458532
8.6038071964152  24.81228229266
0  25
