180  4.0891658161963
161.57717615335  4.253118099849
154.12996030379  4.4170703835016
148.52981986111  4.5810226671542
143.89667231505  4.7449749508069
139.88605489986  4.9089272344595
136.31958669456  5.0728795181126
133.09034629073  5.2368318017652
130.12809437043  5.4007840854179
127.38367937498  5.5647363690705
124.82107642358  5.7286886527231
122.41292979185  5.8926409363758
120.13787742974  6.0565932200284
117.97885538394  6.220545503681
115.92197518471  6.3844977873337
113.95575334606  6.5484500709863
112.07056635358  6.7124023546389
110.25825514633  6.8763546382916
108.51183168933  7.0403069219442
106.82525707175  7.2042592055968
105.19327084862  7.3682114892495
103.61125782426  7.5321637729021
102.0751426745  7.6961160565547
100.58130559258  7.8600683402074
99.126514035652  8.02402062386
97.707866958426  8.1879729075126
96.322748842969  8.3519251911653
94.968791494188  8.5158774748179
93.64384205032  8.6798297584705
92.345936011037  8.8437820421232
91.073274349122  9.0077343257758
89.824203970189  9.1716866094284
88.59720093619  9.3356388930811
87.390855984791  9.4995911767337
86.203861967024  9.6635434603863
85.035002896321  9.827495744039
83.883144357796  9.9914480276921
82.747225070979  10.155400311345
81.626249434618  10.319352594997
80.519280910741  10.48330487865
79.425436128256  10.647257162303
78.343879605146  10.811209445955
77.273819003742  10.975161729608
76.21450084613  11.13911401326
75.165206627194  11.303066296913
74.125249271362  11.467018580566
73.093969886269  11.630970864218
72.070734772436  11.794923147871
71.054932652956  11.958875431524
70.045972091198  12.122827715176
69.043279067878  12.286779998829
68.046294691506  12.450732282482
67.054473018402  12.614684566134
66.067278960103  12.778636849787
65.084186257272  12.942589133439
64.104675500002  13.106541417092
63.12823217488  13.270493700745
62.154344719247  13.434445984397
61.18250256273  13.59839826805
60.212194135448  13.762350551703
59.24290482105  13.926302835355
58.27411483114  14.090255119008
57.305296975369  14.254207402661
56.335914298604  14.418159686313
55.365417552914  14.582111969966
54.393242467494  14.746064253619
53.418806773888  14.910016537272
52.441506936712  15.073968820924
51.460714531075  15.237921104577
50.475772196768  15.401873388229
49.485989085208  15.565825671882
48.490635697506  15.729777955535
47.488937989604  15.893730239187
46.480070591948  16.05768252284
45.463148954519  16.221634806493
44.437220180681  16.385587090145
43.401252251411  16.549539373798
42.354121260008  16.713491657451
41.294596168784  16.877443941103
40.221320453075  17.041396224756
39.132789798645  17.205348508408
38.027324743232  17.369300792061
36.903036767023  17.533253075714
35.757785787011  17.697205359366
34.589126212915  17.861157643019
33.394237543421  18.025109926672
32.169833699705  18.189062210324
30.912042533668  18.353014493977
29.616242554574  18.516966777629
28.276836698741  18.680919061282
26.886930668902  18.844871344935
25.437861520081  19.008823628587
23.918481376835  19.17277591224
22.314020354274  19.336728195893
20.604180608243  19.500680479545
18.75971174811  19.664632763198
16.735662543576  19.828585046851
14.456242508793  19.992537330504
11.773392401128  20.156489614156
8.3040164969014  20.320441897809
0  20.484394181462
