2305 0
2306 0
2307 2
2308 3
2309 1
2310 3
2311 0
2312 0
2313 0
2314 0
2315 3
2316 0
2317 0
2318 0
2319 3
2320 2
2321 1
2322 0
2323 0
2324 0
2325 0
2326 0
2327 0
2328 2
2329 1
2330 0
2331 0
2332 0
2333 0
2334 0
2335 0
2336 0
2337 0
2338 2
2339 1
2340 0
2341 0
2342 0
2343 0
2344 0
2345 0
2346 3
2347 2
2348 1
2349 0
2350 0
2351 0
2352 0
2353 0
2354 0
2355 2
2356 1
2357 0
2358 0
2359 0
2360 0
2361 0
2362 0
2363 2
2364 1
2365 3
2366 3
2367 3
2368 3
2369 3
2370 3
2371 0
2372 0
2373 0
2374 0
2375 0
2376 0
2377 2
2378 1
2379 0
2380 0
2381 0
2382 0
2383 0
2384 0
2385 0
2386 0
2387 2
2388 1
2389 0
2390 0
2391 0
2392 0
2393 0
2394 0
2395 3
2396 3
2397 3
2398 3
2399 3
2400 3
2401 3
2402 2
2403 1
2404 0
2405 0
2406 0
2407 0
2408 0
2409 3
2410 0
2411 0
2412 2
2413 1
