0 0 0.0051705 -0.000798165 0.0312655 0.000309501
0 1 0.005096 -0.000542975 0.0281077 0.000246264
0 2 0.00458492 -0.00118736 0.0318282 0.000308272
0 3 0.00408214 0.000697325 0.0128057 4.02672e-05
0 4 0.00405749 0.00118124 0.00876303 0
0 5 0.00433636 9.63611e-05 0.0151234 0.678312
0 6 0.00453804 8.08793e-05 0.01574 0.708158
0 7 0.0049214 5.27705e-06 0.0237736 0.000187538
0 8 0.00480006 -0.000359848 0.0262328 0.000225442
0 9 0.00489427 -0.000312321 0.025883 0.000213697
0 10 0.00492846 -0.000394587 0.0271478 0.000240051
0 11 -0.0980784 0.0154884 0.181273 0.0477427
0 12 0.00425579 0.00123554 0.00921363 0
0 13 0.00331292 0.00090092 0.0120272 0.860339
0 14 0.00475539 7.73077e-05 0.0155842 0.781298
0 15 0.00497435 -0.00111248 0.0329781 0.000336067
1 0 0.00408827 -0.000544757 0.024178 0.000187288
1 1 0.00397769 -0.000695977 0.0248947 0.000195478
1 2 0.00400435 -0.000848877 0.0263168 0.000216084
1 3 0.0104624 0.00191415 0.0320608 0.000263769
1 4 -0.0629171 0.0155128 0.106991 0.0890705
1 5 0.00412314 -0.000203733 0.0213623 0.00014589
1 6 0.00382323 -0.000205609 0.0204664 0.000137157
1 7 0.0038543 -0.00040534 0.0222577 0.000162241
1 8 0.00390789 -0.000481162 0.023047 0.000172291
1 9 0.00354165 -3.5655e-05 0.0134578 0.631198
1 10 0.00428922 -0.000370904 0.0239695 0.000187565
1 11 0.130271 -0.0169289 -0.12118 -0.0132974
1 12 0.0130773 -0.00050842 0.12417 -6.45719
1 13 0.00432229 -2.8223e-05 0.0206837 0.000136361
1 14 0.00396812 -0.000348529 0.0221307 0.000159674
1 15 0.00379863 -0.000485725 0.0226111 0.000166056
2 0 0.00400843 -0.000773956 0.0252338 0.000196915
2 1 0.00375036 -0.000821885 0.0247624 0.000189863
2 2 0.00374004 -0.000724993 0.0243981 0.000189614
2 3 0.00433197 -0.000438874 0.024271 0.00018764
2 4 0.00398645 -0.000204174 0.0209611 0.000142579
2 5 0.00384124 -5.71917e-05 0.0190353 0.000120397
2 6 0.00379976 -0.000393546 0.0219426 0.000158036
2 7 0.00370499 -0.000862565 0.0255195 0.000204724
2 8 0.0037526 -0.000835396 0.0252918 0.000200372
2 9 0.00376198 -0.000746715 0.0246279 0.000192742
2 10 0.0036855 -0.000137072 0.0147166 0.709386
2 11 0.00542474 -0.000963038 0.0336256 0.000352886
2 12 0.00409139 -0.000419555 0.0225162 0.000157659
2 13 0.00363929 -0.000317865 0.0203452 0.000133909
2 14 0.00356717 -0.000489076 0.0213621 0.000146465
2 15 0.00328047 -0.00032994 0.0143279 0.612947
3 0 0.00389876 -0.000816705 0.0258639 0.00021123
3 1 0.00376422 -0.000599457 0.0227333 0.000161216
3 2 0.003758 -0.000783929 0.025075 0.000199985
3 3 0.00399675 -0.000487864 0.0227023 0.000160388
3 4 0.00390328 -0.000796949 0.0249117 0.000190242
3 5 0.00383308 -0.000755543 0.0246639 0.000189734
3 6 0.00394557 -0.000577009 0.0239029 0.00018347
3 7 0.00386535 -0.000754385 0.0245238 0.00018663
3 8 0.00366754 -0.000909552 0.0250166 0.00019089
3 9 0.00376917 -0.000811472 0.0246525 0.000187797
3 10 0.00380131 -0.000518003 0.0224677 0.000160173
3 11 0.00393628 -0.000798749 0.0260674 0.0002163
3 12 0.00394509 -0.000875035 0.0266364 0.000224207
3 13 0.00371542 -0.000804697 0.0245005 0.000186308
3 14 0.00354363 -0.00060497 0.0217622 0.000147763
3 15 0.00354459 -0.000868745 0.0247693 0.000192396
4 0 0.00388259 -0.000507629 0.0230465 0.000171684
4 1 0.00372874 -0.00087695 0.0254896 0.000202539
4 2 0.00376805 -0.00069607 0.0237842 0.000177188
4 3 0.00373392 -0.000869711 0.0248266 0.000187792
4 4 0.00374107 -0.000626127 0.0233962 0.00017469
4 5 0.00321417 -0.000279619 0.0138471 0.682102
4 6 0.00342329 1.5587e-06 0.0129466 0.64558
4 7 0.00387839 -0.000713278 0.0248526 0.000196314
4 8 0.00382423 -0.00093624 0.0262247 0.000212066
4 9 0.00367932 -0.000806997 0.0242457 0.000181533
4 10 0.00403481 -0.000731496 0.0249456 0.000191803
4 11 0.00412865 -0.000793996 0.0258668 0.000205682
4 12 0.00369168 -0.000589655 0.0223221 0.000156069
4 13 0.00355028 -0.000747592 0.0235056 0.000174302
4 14 0.00340762 -0.000684309 0.0221177 0.000153471
4 15 0.0037226 -0.000661553 0.0229913 0.000164192
5 0 0.00440033 -0.000579291 0.0252232 0.000197794
5 1 0.00382245 -0.000660333 0.0236877 0.000176032
5 2 0.00388636 -0.00065863 0.0240813 0.000183115
5 3 0.0041693 -0.000402125 0.0229839 0.000165464
5 4 0.00384642 -0.000837788 0.0252926 0.000197796
5 5 0.00349395 -0.000154894 0.0139231 0.68515
5 6 0.00394025 -0.000149999 0.0199404 0.000127247
5 7 0.00369998 -0.000713305 0.0238378 0.000179153
5 8 0.00392126 -0.000856108 0.0259497 0.000209147
5 9 0.00386815 -0.000926434 0.026447 0.00021694
5 10 0.00438588 -0.000634222 0.0258696 0.000210211
5 11 0.00421795 -0.000693447 0.0258133 0.000209305
5 12 0.00436651 -0.000952714 0.0289584 0.000260077
5 13 0.0040107 -0.000811749 0.0261834 0.000216057
5 14 0.0040233 -0.000677448 0.0251795 0.000202643
5 15 0.00416888 -0.000937642 0.0280049 0.000244723
6 0 0.00400275 -0.000649419 0.0242276 0.000183147
6 1 0.0037683 -0.000767182 0.0243642 0.00018435
6 2 0.00372906 -0.000614987 0.0232607 0.000172612
6 3 0.00408513 -0.000795276 0.0262573 0.000216347
6 4 0.00376241 -0.000633613 0.0230458 0.00016646
6 5 0.00373122 -0.000622784 0.0234564 0.000176448
6 6 0.00398594 -0.000323922 0.0215081 0.000146081
6 7 0.0037851 -0.000975277 0.0265281 0.000216828
6 8 0.00393473 -0.000737204 0.0248211 0.000192617
6 9 0.00372826 -0.000399238 0.0209316 0.000137433
6 10 0.00374618 -0.000710903 0.0241413 0.000185047
6 11 0.00382918 -0.000722975 0.0241934 0.000182275
6 12 0.00411934 -0.000815347 0.0265998 0.000221527
6 13 0.00361376 -0.000972653 0.025935 0.000208398
6 14 0.00372841 -0.000961875 0.0261973 0.000212014
6 15 0.0035796 -0.000761711 0.0236717 0.000175948
7 0 0.00371578 -0.00049111 0.0220143 0.000155738
7 1 0.00372117 -0.000703628 0.0240678 0.000184781
7 2 0.00375575 -0.000618977 0.0234712 0.000176671
7 3 0.00389519 -0.000663704 0.0243871 0.000189237
7 4 0.00349215 -0.000714703 0.023054 0.000168277
7 5 0.00344631 -0.000279378 0.0186227 0.000109056
7 6 0.00357441 -0.000153611 0.0182862 0.000100915
7 7 0.0033905 -0.000434644 0.0197555 0.000123821
7 8 0.00353328 -0.000354774 0.0191278 0.000111535
7 9 0.00348509 -0.000464428 0.0202607 0.000129076
7 10 0.00346385 -0.000572405 0.0213858 0.000144568
7 11 0.00358073 -0.000606844 0.0223192 0.000158122
7 12 0.00388562 -0.000993007 0.0274286 0.000234171
7 13 0.0037703 -0.00076935 0.0247549 0.00019294
7 14 0.00370904 -0.000856899 0.0254517 0.000204305
7 15 0.00376114 -0.000780145 0.0247734 0.000193039
8 0 0.00381215 -0.000484512 0.0221899 0.000156527
8 1 0.00379992 -0.000428924 0.0211991 0.000138644
8 2 0.00372513 -0.000306377 0.0205029 0.000134846
8 3 0.00340752 -0.000212841 0.0145206 0.644876
8 4 0.00392072 -0.000940234 0.0268349 0.000223471
8 5 0.00400183 -0.000365787 0.0221558 0.000156317
8 6 0.00364699 -0.000177148 0.0189675 0.000115234
8 7 0.00374039 -0.000923598 0.0259748 0.000209812
8 8 0.00381128 -0.000842995 0.0249044 0.000189617
8 9 0.00368785 -0.000808137 0.0247178 0.000191849
8 10 0.00375617 -0.000787638 0.0247617 0.000192399
8 11 0.00412493 -0.000811704 0.0267116 0.000224044
8 12 0.00397878 -0.000770481 0.0259332 0.000214098
8 13 0.00389625 -0.000692733 0.0248727 0.000198371
8 14 0.00356605 -0.000655258 0.022691 0.000162903
8 15 0.00347802 -0.000793571 0.0237473 0.000177523
9 0 0.00393092 -0.000563099 0.0231135 0.000166611
9 1 0.00414447 -0.000430603 0.0234894 0.000178568
9 2 0.00370255 -0.000555726 0.0225235 0.000162157
9 3 0.00347094 -0.000362337 0.0145796 0.727562
9 4 0.00373676 -0.000816278 0.0248909 0.000193895
9 5 0.00344931 -0.000283881 0.0146937 0.696444
9 6 0.00375033 -0.000573292 0.0230008 0.000169765
9 7 0.00391324 -0.000568274 0.0231964 0.000169204
9 8 0.00382091 -0.000743394 0.024067 0.00017816
9 9 0.00374303 -0.000822423 0.0250765 0.000197334
9 10 0.00369936 -0.000999743 0.0264173 0.000214585
9 11 0.0038839 -0.000816092 0.0250114 0.000192061
9 12 0.00393434 -0.00080289 0.0248869 0.000188457
9 13 0.00369029 -0.000644175 0.0230871 0.000168546
9 14 0.00372618 -0.000119848 0.0145423 0.61536
9 15 0.00375558 -0.000866848 0.025513 0.00020304
10 0 0.00418485 -0.0004648 0.0240322 0.000186534
10 1 0.00413901 -0.000708772 0.0258517 0.000212499
10 2 0.00396735 -0.000688332 0.0247441 0.000193678
10 3 0.00424654 -0.00102488 0.0290208 0.000260547
10 4 0.00390534 -0.000411693 0.0178365 0.550904
10 5 0.00386841 -0.000491623 0.0222043 0.00015442
10 6 0.00395901 -0.000392107 0.0220568 0.000153012
10 7 0.00430549 -0.000525994 0.0247975 0.00019599
10 8 0.00393513 -0.000457469 0.022094 0.000150618
10 9 0.00363357 -0.000718272 0.0237951 0.000179951
10 10 0.00400594 -0.000700312 0.0250823 0.000198793
10 11 0.00423548 -0.00103024 0.0293312 0.000267713
10 12 0.0043255 -0.000834226 0.0268435 0.000219149
10 13 0.0039978 -0.000523429 0.0236568 0.000180552
10 14 0.00355806 -0.000213036 0.0148892 0.625667
10 15 0.00385967 -0.000765021 0.0244381 0.000183543
11 0 0.00377791 -0.000529172 0.0220294 0.000151084
11 1 0.0034273 -0.000506124 0.0209338 0.000141086
11 2 0.00360067 -0.000779771 0.0239199 0.00017841
11 3 0.0035231 -0.000237889 0.0147713 0.647058
11 4 0.00329089 -1.00556e-06 0.0115009 0.799195
11 5 0.00336239 -0.000486705 0.0203833 0.000133707
11 6 0.00352841 -0.000247253 0.0192745 0.000121305
11 7 0.0033383 -0.0006122 0.021176 0.000141586
11 8 0.00338806 -0.000701017 0.0217774 0.000145971
11 9 0.00322596 -0.000821136 0.0227835 0.000161907
11 10 0.00374522 -0.000287259 0.0202365 0.000130335
11 11 0.00373229 -0.000697396 0.0234675 0.000171038
11 12 0.0038058 -0.000587138 0.0229105 0.00016542
11 13 0.00348207 -0.000671834 0.0223336 0.000156828
11 14 0.00375588 -0.000790817 0.0247969 0.000193157
11 15 0.00293109 -0.000113834 0.0115335 0.756024
12 0 0.00385447 -0.000322196 0.0210025 0.000139962
12 1 0.00378168 -0.000372134 0.0215452 0.000152112
12 2 0.00288592 -1.14047e-05 0.012083 0.688634
12 3 0.00356053 -0.00036603 0.0155438 0.672911
12 4 0.00356845 -0.000216183 0.0148838 0.603022
12 5 0.00342177 -0.000274884 0.014732 0.649665
12 6 0.00380031 -0.000239012 0.0203374 0.000134074
12 7 0.00363512 -0.000558528 0.0223058 0.000159754
12 8 0.00332676 -0.000601275 0.0210176 0.000139502
12 9 0.00350633 -0.000478352 0.0209024 0.000140269
12 10 0.00345656 -0.000638241 0.0220326 0.000153105
12 11 0.00389236 -0.000398916 0.0217599 0.000149675
12 12 0.00347282 -0.000700357 0.0223486 0.000155409
12 13 0.00315992 -0.000759926 0.0219213 0.00015071
12 14 0.00340383 -0.000495535 0.0202029 0.000127783
12 15 0.00345294 -0.000403408 0.0197705 0.000123224
13 0 0.00385338 -0.000547319 0.0230456 0.000169443
13 1 0.00370388 -0.000369007 0.0205591 0.000132718
13 2 0.00366176 -0.000363726 0.0206477 0.000136373
13 3 0.00414248 -0.000344821 0.0229481 0.000172281
13 4 0.00354803 0.000107055 0.0125978 0.620764
13 5 0.00377979 2.48314e-06 0.0176734 9.70952e-05
13 6 0.00366869 -7.98341e-05 0.0183022 0.000110098
13 7 0.00330244 -2.90201e-05 0.0121545 0.662593
13 8 0.00341027 -0.000622725 0.0218526 0.000152242
13 9 0.00327422 -0.000493185 0.0198896 0.000125673
13 10 0.0030254 -0.000732803 0.0210936 0.000139613
13 11 0.00374938 -0.000690233 0.0239426 0.000181455
13 12 0.00376943 -0.00079141 0.0247791 0.000192145
13 13 0.0035775 -0.000559425 0.0215686 0.000146063
13 14 0.00334353 -0.000438088 0.0198122 0.000126074
13 15 0.0034329 -0.000385782 0.0195047 0.000119963
14 0 0.00426321 -0.000475182 0.0244438 0.000192401
14 1 0.00351314 0.000602786 0.0110749 0.76375
14 2 0.00387826 -0.000465712 0.022677 0.000166616
14 3 0.00529091 0.000115513 0.0244642 0.000192004
14 4 0.00507856 -0.000477476 0.0278926 0.000248599
14 5 0.00523661 -6.32252e-05 0.0244407 0.00018078
14 6 0.00426186 -0.000250338 0.0224763 0.00016231
14 7 0.00471762 -0.000428742 0.0251732 0.000193635
14 8 0.00395507 -0.000412027 0.0221832 0.00015484
14 9 0.00402916 -0.000344106 0.0223482 0.000162243
14 10 0.00400375 -0.000362488 0.021817 0.000148428
14 11 0.00502102 -0.000293776 0.0251079 0.000193944
14 12 0.00396205 -0.000497185 0.0234844 0.000179285
14 13 0.00372821 -0.000263971 0.0197682 0.000123342
14 14 0.00386512 -9.85668e-05 0.0193639 0.000122457
14 15 0.00372949 -0.00031797 0.0198877 0.000122163
15 0 0.00344082 0.000283981 0.0150495 0.848023
15 1 0.00504093 -0.000354576 0.0271759 0.000238929
15 2 0.00443797 -0.000494753 0.0201772 0.541325
15 3 0.00702877 0.000363318 0.0301906 0.000291794
15 4 0.00801606 0.000581515 0.0318861 0.0003086
15 5 0.00603842 -0.000687331 0.0330966 0.000331997
15 6 0.00533805 -0.000550466 0.0287895 0.000248583
15 7 0.00470691 -0.000956669 0.0301586 0.000281621
15 8 0.00419027 -0.000160659 0.0163212 0.632749
15 9 0.00455319 -0.000515425 0.0266188 0.000231267
15 10 0.0045333 -0.000134598 0.0217841 0.000144061
15 11 0.00557797 -0.000581343 0.0309053 0.000298024
15 12 0.00587935 -0.000663147 0.0337357 0.000366018
15 13 0.00495885 -0.000437649 0.0271434 0.000236627
15 14 0.00471989 -0.000280089 0.0247854 0.000197547
15 15 0.0041205 -0.000127785 0.0170903 0.640213
