0 0 0.346541 -0.0122961 0.300751 -0.500396 
0 1 0.348998 -0.0126097 0.29554 -0.506423 
0 2 0.364676 -0.016383 0.268486 -0.557939 
0 3 0.180971 0.00253209 0.0574688 -0.121035 
0 4 -5.46876 0.406048 43.5123 -6.61898 
0 5 0.429711 -0.0171681 0.234034 -0.723736 
0 6 0.388449 -0.0164335 0.263983 -0.613353 
0 7 0.40587 -0.0165396 0.264997 -0.664275 
0 8 0.406495 -0.0150365 0.285471 -0.659453 
0 9 0.405934 -0.0151353 0.273299 -0.659088 
0 10 0.416016 -0.0169499 0.266284 -0.689966 
0 11 -0.9618 0.133964 4.31951 -2.59604 
0 12 0.234252 -0.0103467 0.278228 -0.219283 
0 13 0.345337 -0.014876 0.310409 -0.507014 
0 14 0.385601 -0.0189123 0.263751 -0.619886 
0 15 0.365587 -0.0139079 0.294507 -0.545639 
1 0 0.349919 -0.0125093 0.318265 -0.508693 
1 1 0.353816 -0.0142859 0.313496 -0.523575 
1 2 0.342417 -0.0129968 0.320444 -0.490912 
1 3 0.457263 -0.0308658 0.195675 -0.835927 
1 4 0.45969 -0.026643 0.182001 -0.84381 
1 5 0.410847 -0.0147584 0.26726 -0.666648 
1 6 0.376211 -0.0146125 0.286488 -0.579765 
1 7 0.40196 -0.0149001 0.269242 -0.64726 
1 8 0.408906 -0.015645 0.304779 -0.666589 
1 9 0.393765 -0.0137136 0.31712 -0.621211 
1 10 0.399096 -0.0142631 0.312204 -0.638327 
1 11 0.363422 -0.0099304 0.303039 -0.535873 
1 12 0.366612 -0.0167686 0.28856 -0.58051 
1 13 0.344545 -0.0144063 0.320044 -0.500937 
1 14 0.355699 -0.0135052 0.315979 -0.522842 
1 15 0.37097 -0.0145169 0.306407 -0.566044 
2 0 0.336529 -0.0122473 0.302054 -0.478259 
2 1 0.333974 -0.0121856 0.307859 -0.468962 
2 2 0.328529 -0.0115662 0.308174 -0.453859 
2 3 0.378456 -0.0158462 0.261364 -0.589762 
2 4 0.403677 -0.015555 0.238698 -0.646034 
2 5 0.394861 -0.0133625 0.267807 -0.618709 
2 6 0.353143 -0.0111936 0.294813 -0.51106 
2 7 0.396305 -0.0151714 0.260655 -0.632047 
2 8 0.390195 -0.0133008 0.301305 -0.609355 
2 9 0.389513 -0.0136047 0.295354 -0.606476 
2 10 0.38368 -0.0130782 0.314024 -0.593759 
2 11 0.347112 -0.0084171 0.328076 -0.490323 
2 12 0.324074 -0.00908447 0.326626 -0.434925 
2 13 0.33132 -0.0130089 0.316483 -0.466988 
2 14 0.342985 -0.012813 0.307696 -0.493343 
2 15 0.359758 -0.0143197 0.285574 -0.536351 
3 0 0.333039 -0.012081 0.313584 -0.467231 
3 1 0.338341 -0.0132621 0.299143 -0.486391 
3 2 0.334779 -0.0127371 0.298504 -0.472923 
3 3 0.352783 -0.0119636 0.304468 -0.513763 
3 4 0.380681 -0.0126091 0.294982 -0.582688 
3 5 0.405157 -0.0157638 0.273629 -0.656759 
3 6 0.357921 -0.012465 0.309664 -0.526654 
3 7 0.374633 -0.0123175 0.308777 -0.567891 
3 8 0.398062 -0.0141191 0.27198 -0.631311 
3 9 0.392742 -0.0133419 0.276529 -0.615432 
3 10 0.389232 -0.0136645 0.283797 -0.61087 
3 11 0.363855 -0.01145 0.303913 -0.540405 
3 12 0.342344 -0.0116363 0.322176 -0.486913 
3 13 0.334774 -0.0126955 0.319217 -0.472634 
3 14 0.342818 -0.0123806 0.312624 -0.489226 
3 15 0.348288 -0.0126272 0.312173 -0.503716 
4 0 0.322855 -0.0112326 0.306697 -0.439453 
4 1 0.340049 -0.0138215 0.279621 -0.489217 
4 2 0.330687 -0.0125406 0.291286 -0.464192 
4 3 0.350266 -0.012109 0.292571 -0.508454 
4 4 0.381722 -0.0125397 0.274967 -0.584861 
4 5 0.396562 -0.0137602 0.261216 -0.624147 
4 6 0.359771 -0.0122037 0.284675 -0.528908 
4 7 0.371633 -0.0112719 0.282123 -0.555935 
4 8 0.387194 -0.0124743 0.29865 -0.598896 
4 9 0.393035 -0.0137945 0.298384 -0.61931 
4 10 0.390205 -0.0138153 0.298317 -0.612867 
4 11 0.37077 -0.012486 0.308639 -0.560665 
4 12 0.34818 -0.0132238 0.298855 -0.507005 
4 13 0.340444 -0.0138013 0.292039 -0.490444 
4 14 0.343831 -0.0130468 0.301126 -0.495613 
4 15 0.350259 -0.0136436 0.285236 -0.51414 
5 0 0.357562 -0.0144591 0.319514 -0.534108 
5 1 0.350805 -0.0134342 0.321487 -0.514391 
5 2 0.347216 -0.0130221 0.320516 -0.50344 
5 3 0.395681 -0.0162059 0.293465 -0.637076 
5 4 0.407046 -0.0141673 0.268522 -0.655311 
5 5 0.419188 -0.0147538 0.26775 -0.689011 
5 6 0.380834 -0.0141916 0.289572 -0.592274 
5 7 0.383346 -0.0119381 0.304398 -0.589513 
5 8 0.398426 -0.0130158 0.310206 -0.631728 
5 9 0.399917 -0.0126745 0.31296 -0.631076 
5 10 0.417565 -0.0157215 0.282745 -0.693914 
5 11 0.380211 -0.0125259 0.319595 -0.58506 
5 12 0.362914 -0.0130855 0.345289 -0.54197 
5 13 0.346242 -0.0126666 0.346392 -0.497494 
5 14 0.355934 -0.0129577 0.348614 -0.52307 
5 15 0.357274 -0.0127703 0.348379 -0.523873 
6 0 0.324406 -0.0105702 0.313695 -0.441843 
6 1 0.326734 -0.0108068 0.30404 -0.448766 
6 2 0.327317 -0.0112866 0.301537 -0.453342 
6 3 0.371606 -0.0139809 0.278512 -0.565514 
6 4 0.381432 -0.0119996 0.28776 -0.582817 
6 5 0.403854 -0.0140241 0.273595 -0.646318 
6 6 0.366545 -0.0137614 0.286306 -0.55567 
6 7 0.373031 -0.0114151 0.295031 -0.559948 
6 8 0.396001 -0.0148798 0.25825 -0.627089 
6 9 0.411817 -0.0172157 0.233203 -0.674478 
6 10 0.398391 -0.0151571 0.257041 -0.633922 
6 11 0.370296 -0.0136727 0.277962 -0.559266 
6 12 0.366378 -0.0140617 0.304564 -0.554302 
6 13 0.330041 -0.0110829 0.327558 -0.455409 
6 14 0.340033 -0.0118265 0.332021 -0.481843 
6 15 0.343962 -0.0116676 0.320247 -0.490421 
7 0 0.332871 -0.0126414 0.296127 -0.470855 
7 1 0.332701 -0.0129684 0.291925 -0.469424 
7 2 0.323149 -0.0103155 0.300157 -0.438638 
7 3 0.356839 -0.0123762 0.282828 -0.524433 
7 4 0.375694 -0.0118582 0.266242 -0.56483 
7 5 0.399077 -0.0140446 0.243948 -0.628444 
7 6 0.360793 -0.0134796 0.268392 -0.536702 
7 7 0.379506 -0.012753 0.263078 -0.577728 
7 8 0.394704 -0.0150948 0.235684 -0.621418 
7 9 0.372969 -0.0127718 0.267135 -0.5605 
7 10 0.383144 -0.0135589 0.250017 -0.58802 
7 11 0.366846 -0.013894 0.257891 -0.551023 
7 12 0.34625 -0.0112459 0.319875 -0.494457 
7 13 0.33413 -0.0125169 0.311122 -0.472729 
7 14 0.338806 -0.0118546 0.319098 -0.477455 
7 15 0.335598 -0.0107016 0.316114 -0.467715 
8 0 0.32725 -0.0121756 0.29714 -0.455966 
8 1 0.323804 -0.0121789 0.297759 -0.446747 
8 2 0.331345 -0.0119548 0.294463 -0.46425 
8 3 0.347348 -0.0121829 0.292519 -0.500792 
8 4 0.378188 -0.0114959 0.277386 -0.569571 
8 5 0.394195 -0.0135852 0.2668 -0.617402 
8 6 0.355966 -0.0118468 0.286251 -0.520707 
8 7 0.376017 -0.0114581 0.285461 -0.565913 
8 8 0.400866 -0.0140811 0.270846 -0.640381 
8 9 0.383812 -0.0123933 0.289372 -0.589395 
8 10 0.393161 -0.0141511 0.282341 -0.621424 
8 11 0.371832 -0.0124506 0.286115 -0.560602 
8 12 0.334715 -0.0102086 0.320532 -0.464881 
8 13 0.340779 -0.0130494 0.300151 -0.487948 
8 14 0.334889 -0.0116069 0.311044 -0.468508 
8 15 0.340562 -0.0120237 0.303543 -0.484265 
9 0 0.322114 -0.0119347 0.299239 -0.443044 
9 1 0.322997 -0.011722 0.306947 -0.440797 
9 2 0.324563 -0.0108676 0.303514 -0.443476 
9 3 0.356219 -0.0136558 0.278407 -0.527866 
9 4 0.397742 -0.0128555 0.254091 -0.624086 
9 5 0.396754 -0.0130296 0.267553 -0.624584 
9 6 0.374438 -0.013641 0.275803 -0.570832 
9 7 0.394634 -0.0133129 0.268506 -0.618819 
9 8 0.393221 -0.0118829 0.288583 -0.61191 
9 9 0.389115 -0.0121018 0.293986 -0.601362 
9 10 0.389073 -0.0132399 0.287392 -0.606948 
9 11 0.369658 -0.0111407 0.299899 -0.550347 
9 12 0.331953 -0.00881689 0.333073 -0.450406 
9 13 0.340689 -0.0114891 0.31483 -0.485241 
9 14 0.331771 -0.00962279 0.327207 -0.455433 
9 15 0.335711 -0.010722 0.319722 -0.467735 
10 0 0.342328 -0.0128524 0.308084 -0.493533 
10 1 0.33853 -0.0108158 0.317662 -0.475442 
10 2 0.344391 -0.0125864 0.302178 -0.497951 
10 3 0.350161 -0.0109313 0.318961 -0.504339 
10 4 0.40839 -0.0134771 0.290626 -0.659328 
10 5 0.425433 -0.0157798 0.276469 -0.712131 
10 6 0.389369 -0.0138775 0.298898 -0.610048 
10 7 0.39861 -0.0132599 0.308072 -0.632485 
10 8 0.39733 -0.0112893 0.319104 -0.620035 
10 9 0.413011 -0.0131837 0.30038 -0.66984 
10 10 0.415203 -0.0152339 0.29029 -0.685632 
10 11 0.380282 -0.010814 0.32456 -0.576276 
10 12 0.346152 -0.0101971 0.336771 -0.487869 
10 13 0.345631 -0.0114749 0.317478 -0.495528 
10 14 0.349579 -0.00972821 0.328133 -0.498714 
10 15 0.344365 -0.0101796 0.327311 -0.486597 
11 0 0.33717 -0.011153 0.282117 -0.473483 
11 1 0.329864 -0.0117831 0.287997 -0.461087 
11 2 0.327154 -0.0111833 0.292653 -0.452395 
11 3 0.350572 -0.0118811 0.280085 -0.506782 
11 4 0.370543 -0.0110472 0.251044 -0.548153 
11 5 0.37071 -0.00984729 0.265112 -0.54697 
11 6 0.349751 -0.011247 0.275312 -0.502869 
11 7 0.365179 -0.011347 0.268642 -0.537429 
11 8 0.374223 -0.0114081 0.277587 -0.560201 
11 9 0.367851 -0.00973061 0.290848 -0.536985 
11 10 0.380226 -0.0123001 0.27055 -0.580028 
11 11 0.361791 -0.0110215 0.279042 -0.528769 
11 12 0.351235 -0.0122116 0.289024 -0.509888 
11 13 0.325221 -0.0104637 0.30801 -0.445563 
11 14 0.334288 -0.00974868 0.31302 -0.462162 
11 15 0.344618 -0.0104334 0.300394 -0.48702 
12 0 0.312811 -0.0101383 0.306931 -0.415545 
12 1 0.312542 -0.0103597 0.307426 -0.41613 
12 2 0.324496 -0.0119075 0.290561 -0.448136 
12 3 0.335965 -0.00989201 0.292047 -0.46577 
12 4 0.37778 -0.0123407 0.273719 -0.572289 
12 5 0.380951 -0.0109555 0.292831 -0.576034 
12 6 0.354365 -0.0119245 0.286901 -0.515588 
12 7 0.3647 -0.0106723 0.296714 -0.53641 
12 8 0.360956 -0.00935529 0.29905 -0.521715 
12 9 0.378644 -0.0119354 0.275962 -0.573099 
12 10 0.381749 -0.0122223 0.274196 -0.581513 
12 11 0.351833 -0.00988707 0.294505 -0.502446 
12 12 0.338498 -0.0106181 0.287663 -0.474973 
12 13 0.324345 -0.0116695 0.294876 -0.448468 
12 14 0.33107 -0.0109692 0.294047 -0.460783 
12 15 0.327613 -0.00975241 0.297366 -0.448494 
13 0 0.32222 -0.0120274 0.288259 -0.443732 
13 1 0.311365 -0.0103452 0.299798 -0.414294 
13 2 0.320875 -0.0111353 0.28488 -0.437845 
13 3 0.334736 -0.0105302 0.287399 -0.465899 
13 4 0.368923 -0.011512 0.271216 -0.54972 
13 5 0.370219 -0.00994192 0.288503 -0.547453 
13 6 0.346178 -0.0116597 0.2885 -0.497789 
13 7 0.365432 -0.0116031 0.284499 -0.541679 
13 8 0.36426 -0.0105026 0.28303 -0.533795 
13 9 0.364392 -0.0104025 0.284109 -0.533431 
13 10 0.376677 -0.0112156 0.271182 -0.566118 
13 11 0.348899 -0.00979474 0.289325 -0.49748 
13 12 0.331676 -0.00973563 0.300475 -0.455212 
13 13 0.317834 -0.0105851 0.306013 -0.427919 
13 14 0.317496 -0.00900046 0.314699 -0.422376 
13 15 0.324215 -0.00996313 0.304898 -0.440846 
14 0 0.300542 -0.00861534 0.324369 -0.383486 
14 1 0.313665 -0.0114865 0.30655 -0.421417 
14 2 0.308285 -0.00910538 0.323303 -0.401941 
14 3 0.32428 -0.00931194 0.308292 -0.440752 
14 4 0.374082 -0.0117203 0.277086 -0.565015 
14 5 0.369217 -0.0101945 0.305458 -0.546369 
14 6 0.347917 -0.0120397 0.296343 -0.502734 
14 7 0.350764 -0.00891191 0.315629 -0.496027 
14 8 0.376399 -0.0125339 0.301087 -0.572132 
14 9 0.370024 -0.0115169 0.312486 -0.554641 
14 10 0.379541 -0.0123589 0.305922 -0.582731 
14 11 0.345836 -0.00846499 0.323066 -0.486106 
14 12 0.324396 -0.00989289 0.30314 -0.439953 
14 13 0.313148 -0.0100112 0.307588 -0.415645 
14 14 0.318418 -0.0105595 0.307323 -0.428861 
14 15 0.304817 -0.00764449 0.318928 -0.39027 
15 0 0.299431 -0.0107226 0.301266 -0.390557 
15 1 0.305668 -0.0115915 0.29594 -0.405867 
15 2 0.30906 -0.0108225 0.299637 -0.411341 
15 3 0.310378 -0.0110092 0.307208 -0.410211 
15 4 0.295975 -0.0136233 0.283293 -0.393085 
15 5 0.289563 -0.0109367 0.285071 -0.368918 
15 6 0.244001 -0.00868875 0.307514 -0.268652 
15 7 0.283157 -0.0113581 0.293353 -0.357418 
15 8 0.375511 -0.0135875 0.254239 -0.573508 
15 9 0.366753 -0.0128652 0.268509 -0.546129 
15 10 0.382081 -0.0141681 0.252134 -0.589011 
15 11 0.350989 -0.010444 0.283958 -0.500315 
15 12 0.301074 -0.00852474 0.327625 -0.386313 
15 13 0.332877 -0.0146593 0.270714 -0.480329 
15 14 0.315357 -0.0111525 0.30105 -0.425839 
15 15 0.306815 -0.0102016 0.306587 -0.402009 
