0 0 0 26.3873 0.477497 0.0250779 
0 0 1 27.7474 0.47646 0.0227993 
0 0 2 27.1861 0.46968 0.0240991 
0 0 3 1.16751 0.22 0.0134762 
0 0 4 1.01619 0.489545 0.0114122 
0 0 5 35.2583 0.508113 0.0228867 
0 0 6 30.9104 0.487651 0.0245232 
0 0 7 39.265 0.502848 0.0213939 
0 0 8 34.6239 0.515628 0.0223656 
0 0 9 35.7534 0.50927 0.0220757 
0 0 10 32.2095 0.511681 0.0228883 
0 0 11 2.3298 0.291676 0.05 
0 0 12 1.08821 0.382492 0.0121616 
0 0 13 24.1768 0.477066 0.0233862 
0 0 14 25.9393 0.480464 0.0264669 
0 0 15 24.1354 0.488179 0.0255136 
0 1 0 41.1823 0.489024 0.0197449 
0 1 1 38.3537 0.486729 0.0197825 
0 1 2 37.143 0.483459 0.0205871 
0 1 3 4.1236 0.494875 0.0353135 
0 1 4 4 0.496591 0.0366029 
0 1 5 50.2771 0.511687 0.0183946 
0 1 6 51.6988 0.491134 0.0177447 
0 1 7 60.3135 0.504448 0.0186674 
0 1 8 49.9688 0.525168 0.0190437 
0 1 9 48.3927 0.521862 0.0189077 
0 1 10 42.2387 0.522738 0.0201942 
0 1 11 5.5 0.496421 0.0266943 
0 1 12 5.5 0.47847 0.0255234 
0 1 13 45.0344 0.482325 0.0183369 
0 1 14 38.8587 0.491222 0.0187056 
0 1 15 43.1766 0.496853 0.0186759 
0 2 0 42.6303 0.469888 0.0197161 
0 2 1 38.7363 0.470964 0.0192169 
0 2 2 40.839 0.467971 0.0194866 
0 2 3 20.1873 0.478702 0.0199756 
0 2 4 21.9045 0.491009 0.0181973 
0 2 5 49.9902 0.500222 0.0169033 
0 2 6 50.2888 0.481955 0.0184419 
0 2 7 50.4906 0.495267 0.0199783 
0 2 8 48.974 0.512078 0.0197737 
0 2 9 47.6156 0.508411 0.0196423 
0 2 10 39.0829 0.513267 0.0220417 
0 2 11 16.423 0.49823 0.0264712 
0 2 12 18.4743 0.478324 0.0185074 
0 2 13 47.8412 0.472246 0.017208 
0 2 14 43.69 0.47774 0.0174193 
0 2 15 43.2515 0.477801 0.0189214 
0 3 0 41.3911 0.473903 0.0204447 
0 3 1 39.0412 0.468019 0.0179981 
0 3 2 32.489 0.466546 0.0199655 
0 3 3 34.4355 0.485043 0.0182408 
0 3 4 37.3327 0.502491 0.0192022 
0 3 5 48.4349 0.508 0.0192839 
0 3 6 47.9782 0.491231 0.0194711 
0 3 7 50.4103 0.504791 0.0191978 
0 3 8 54.8388 0.504162 0.0190634 
0 3 9 45.8125 0.503239 0.0191267 
0 3 10 46.3239 0.502661 0.0181691 
0 3 11 36.4982 0.494853 0.0207607 
0 3 12 30.0479 0.48658 0.0211053 
0 3 13 39.4881 0.477154 0.019054 
0 3 14 43.5431 0.48105 0.0172152 
0 3 15 39.055 0.484736 0.019386 
0 4 0 41.4307 0.463093 0.0189887 
0 4 1 36.3147 0.459032 0.0198387 
0 4 2 41.2371 0.45939 0.0187693 
0 4 3 41.4044 0.476772 0.0189343 
0 4 4 40.1314 0.494354 0.0188194 
0 4 5 47.6321 0.497885 0.0197759 
0 4 6 47.6704 0.48117 0.0184587 
0 4 7 52.5687 0.491451 0.0198249 
0 4 8 51.4695 0.509807 0.0202038 
0 4 9 41.5682 0.511985 0.0187652 
0 4 10 44.2613 0.509541 0.0194187 
0 4 11 35.5996 0.501056 0.020064 
0 4 12 35.7107 0.476343 0.017784 
0 4 13 41.6266 0.465455 0.0186195 
0 4 14 47.6425 0.474261 0.0174401 
0 4 15 44.5117 0.47036 0.0180931 
0 5 0 45.2647 0.492188 0.0201831 
0 5 1 41.7458 0.489632 0.0187771 
0 5 2 41.9342 0.487143 0.0192204 
0 5 3 38.3376 0.507682 0.0189515 
0 5 4 41.0555 0.509966 0.0196113 
0 5 5 40.3735 0.51801 0.0204001 
0 5 6 46.8234 0.496797 0.0172227 
0 5 7 54.458 0.510063 0.0188763 
0 5 8 50.7887 0.523205 0.0201805 
0 5 9 42.4098 0.526894 0.0205035 
0 5 10 40.658 0.522151 0.0207567 
0 5 11 32.8704 0.513823 0.0205045 
0 5 12 32.8547 0.511513 0.0223961 
0 5 13 39.7731 0.500089 0.0207191 
0 5 14 38.7217 0.508073 0.0203018 
0 5 15 39.2721 0.509615 0.021858 
0 6 0 46.5512 0.469133 0.0191912 
0 6 1 43.7289 0.465831 0.0189821 
0 6 2 43.306 0.463936 0.0186881 
0 6 3 33.341 0.484563 0.0206939 
0 6 4 46.3689 0.501375 0.018341 
0 6 5 45.7358 0.509875 0.0189295 
0 6 6 50.9779 0.484222 0.0180381 
0 6 7 47.0212 0.498304 0.0203701 
0 6 8 51.2409 0.494059 0.0195899 
0 6 9 48.9378 0.492509 0.017184 
0 6 10 45.481 0.495765 0.0192758 
0 6 11 43.6726 0.484042 0.0189774 
0 6 12 35.4915 0.492651 0.0208798 
0 6 13 46.7043 0.480642 0.0200302 
0 6 14 39.1779 0.489287 0.0201824 
0 6 15 48.2609 0.48692 0.0186654 
0 7 0 52.6551 0.46326 0.0180463 
0 7 1 44.57 0.460503 0.0192991 
0 7 2 48.1668 0.461709 0.018989 
0 7 3 39.8552 0.477276 0.0195602 
0 7 4 47.982 0.486383 0.0182895 
0 7 5 55.9487 0.492175 0.0155053 
0 7 6 59.0786 0.471569 0.0158236 
0 7 7 60.3677 0.48641 0.0160989 
0 7 8 59.9887 0.482656 0.0154888 
0 7 9 52.6774 0.482505 0.0163978 
0 7 10 54.2836 0.481826 0.0170993 
0 7 11 48.8144 0.470697 0.0178976 
0 7 12 38.8221 0.489333 0.0212748 
0 7 13 46.6514 0.472549 0.019508 
0 7 14 46.2188 0.482078 0.0200653 
0 7 15 49.9796 0.479861 0.0195191 
0 8 0 52.742 0.460082 0.0180734 
0 8 1 54.0854 0.458081 0.0171804 
0 8 2 54.6239 0.462509 0.0172869 
0 8 3 43.1251 0.474384 0.0199657 
0 8 4 45.0532 0.493992 0.0208131 
0 8 5 50.5962 0.499203 0.0185457 
0 8 6 54.714 0.479171 0.0163072 
0 8 7 52.0374 0.496391 0.0201662 
0 8 8 51.2713 0.505758 0.0191162 
0 8 9 43.2978 0.502919 0.0194195 
0 8 10 44.6986 0.504563 0.0194695 
0 8 11 43.1205 0.491236 0.0209921 
0 8 12 39.2014 0.482119 0.0206914 
0 8 13 46.2365 0.471706 0.0200607 
0 8 14 49.3991 0.474438 0.0180801 
0 8 15 46.9077 0.474676 0.0186714 
0 9 0 50.2331 0.457765 0.0184101 
0 9 1 44.9249 0.462693 0.0196271 
0 9 2 48.8453 0.464061 0.0182423 
0 9 3 41.6125 0.4723 0.0217863 
0 9 4 51.4615 0.497524 0.0195231 
0 9 5 42.128 0.502248 0.0212689 
0 9 6 46.7428 0.486224 0.0186708 
0 9 7 55.3245 0.50041 0.0186145 
0 9 8 53.4601 0.511663 0.0186662 
0 9 9 43.9453 0.509868 0.0196997 
0 9 10 42.4138 0.504464 0.020224 
0 9 11 52.3256 0.4985 0.0193204 
0 9 12 46.8753 0.48849 0.0190894 
0 9 13 50.8546 0.481555 0.0184392 
0 9 14 48.7098 0.484283 0.0199632 
0 9 15 48.9842 0.481745 0.0198722 
0 10 0 46.4931 0.477108 0.0199214 
0 10 1 48.1063 0.482717 0.0207614 
0 10 2 44.6619 0.475711 0.0197857 
0 10 3 40.8226 0.492501 0.0224467 
0 10 4 43.3239 0.522219 0.0221557 
0 10 5 53.4958 0.526259 0.0179216 
0 10 6 49.8213 0.509207 0.0181657 
0 10 7 46.826 0.521993 0.0203127 
0 10 8 54.3338 0.529876 0.017863 
0 10 9 44.8209 0.531254 0.0189626 
0 10 10 45.9525 0.524448 0.0199802 
0 10 11 43.2784 0.519681 0.0227288 
0 10 12 47.6407 0.500012 0.0206263 
0 10 13 47.8133 0.487011 0.0194799 
0 10 14 46.6224 0.498717 0.0203392 
0 10 15 49.0063 0.493395 0.0189196 
0 11 0 55.8372 0.46242 0.0175986 
0 11 1 55.8637 0.458185 0.017069 
0 11 2 48.0123 0.459486 0.0186405 
0 11 3 46.9689 0.471723 0.02056 
0 11 4 57.0114 0.475996 0.0196043 
0 11 5 58.9505 0.484925 0.0166697 
0 11 6 56.4874 0.469726 0.0165885 
0 11 7 53.8387 0.479191 0.0168664 
0 11 8 55.8096 0.490946 0.0168844 
0 11 9 54.1133 0.494973 0.0177217 
0 11 10 55.3012 0.490729 0.0170677 
0 11 11 54.8588 0.482294 0.0183652 
0 11 12 54.6946 0.475753 0.018384 
0 11 13 52.1613 0.467344 0.0176855 
0 11 14 54.2902 0.478444 0.0195321 
0 11 15 57.2312 0.479399 0.0181932 
0 12 0 66.2288 0.456878 0.0176146 
0 12 1 55.6067 0.456452 0.0181901 
0 12 2 55.0261 0.455051 0.018072 
0 12 3 52.1064 0.468953 0.0218961 
0 12 4 60.1357 0.490289 0.0198099 
0 12 5 47.5517 0.504882 0.0204127 
0 12 6 56.6556 0.478279 0.01753 
0 12 7 59.1359 0.493726 0.0181403 
0 12 8 57.7675 0.494294 0.0167529 
0 12 9 53.8869 0.493655 0.0171138 
0 12 10 55.7621 0.494036 0.0174599 
0 12 11 64.9953 0.483581 0.0180534 
0 12 12 60.8912 0.467255 0.017518 
0 12 13 61.3559 0.457166 0.0171714 
0 12 14 60.2441 0.463748 0.0161462 
0 12 15 70.4694 0.464832 0.0162189 
0 13 0 66.8376 0.451744 0.0187088 
0 13 1 61.551 0.451792 0.0169565 
0 13 2 66.434 0.450446 0.0172456 
0 13 3 58.7261 0.464332 0.0195039 
0 13 4 71.8562 0.482932 0.0179909 
0 13 5 61.0264 0.49583 0.0156202 
0 13 6 59.9051 0.472067 0.0161591 
0 13 7 56.7721 0.486883 0.0176747 
0 13 8 65.4755 0.486645 0.0175193 
0 13 9 62.7007 0.487453 0.0160197 
0 13 10 62.8085 0.490449 0.0165088 
0 13 11 67.2346 0.478404 0.0190309 
0 13 12 65.1091 0.470111 0.0194423 
0 13 13 62.2647 0.459635 0.0172424 
0 13 14 66.6005 0.466645 0.0162462 
0 13 15 75.5362 0.465657 0.0160464 
0 14 0 61.675 0.459117 0.0202011 
0 14 1 54.1223 0.455082 0.019565 
0 14 2 59.6017 0.463771 0.0187892 
0 14 3 56.1271 0.468341 0.022369 
0 14 4 64.7089 0.48947 0.0232316 
0 14 5 54.8725 0.50248 0.0211488 
0 14 6 52.2259 0.476871 0.0193224 
0 14 7 57.4941 0.494755 0.0205541 
0 14 8 64.5382 0.502206 0.0182596 
0 14 9 54.6916 0.503876 0.0188469 
0 14 10 67.0746 0.506965 0.0179683 
0 14 11 66.2945 0.494872 0.0208167 
0 14 12 71.9252 0.465043 0.0194304 
0 14 13 66.0643 0.457756 0.0166795 
0 14 14 69.9908 0.460869 0.0169947 
0 14 15 74.4919 0.461394 0.0164094 
0 15 0 39.4257 0.441771 0.0269734 
0 15 1 35.5803 0.44248 0.0229781 
0 15 2 34.9701 0.448441 0.0248571 
0 15 3 40.7799 0.454048 0.0278469 
0 15 4 41.8706 0.424134 0.029621 
0 15 5 34.0241 0.425135 0.0260957 
0 15 6 36.0027 0.404263 0.022923 
0 15 7 36.0265 0.42337 0.0235094 
0 15 8 38.7109 0.47667 0.0229024 
0 15 9 40.7588 0.478306 0.0220883 
0 15 10 46.9563 0.480439 0.0185913 
0 15 11 43.5247 0.476255 0.024887 
0 15 12 40.6132 0.461118 0.0276966 
0 15 13 41.1433 0.446447 0.0227368 
0 15 14 39.8171 0.453716 0.0214239 
0 15 15 42.2275 0.451877 0.0237446 
1 0 0 33.112 0.417755 0.015367 
1 0 1 33.7691 0.4173 0.01567 
1 0 2 35.8296 0.413763 0.0148856 
1 0 3 1.01618 0.209545 0.0114131 
1 0 4 1.01619 0.359545 0.0114122 
1 0 5 37.7463 0.461299 0.0129189 
1 0 6 41.821 0.433937 0.0135438 
1 0 7 46.963 0.450581 0.0134685 
1 0 8 50.3363 0.460965 0.0132238 
1 0 9 47.548 0.456822 0.0135702 
1 0 10 38.0201 0.458639 0.0144989 
1 0 11 1.16751 0.23 0.0134762 
1 0 12 1.01619 0.299545 0.0114122 
1 0 13 42.0371 0.413534 0.0132265 
1 0 14 41.8256 0.425548 0.0132485 
1 0 15 36.8108 0.427448 0.0151439 
1 1 0 78.7425 0.426444 0.0118286 
1 1 1 61.24 0.423612 0.0120139 
1 1 2 68.7579 0.418408 0.0119228 
1 1 3 3 0.435147 0.0245276 
1 1 4 4.5 0.45031 0.018085 
1 1 5 66.7329 0.459752 0.0115267 
1 1 6 70.6814 0.434751 0.0106635 
1 1 7 79.7311 0.452493 0.0108107 
1 1 8 75.2205 0.467835 0.0112097 
1 1 9 67.1847 0.462981 0.010607 
1 1 10 69.4116 0.465255 0.0124888 
1 1 11 4 0.441471 0.0301192 
1 1 12 3.9889 0.424841 0.0278723 
1 1 13 61.73 0.416573 0.0119933 
1 1 14 64.5577 0.427585 0.0110212 
1 1 15 75.394 0.436141 0.0107915 
1 2 0 70.6181 0.409386 0.0119875 
1 2 1 61.6858 0.408675 0.0113982 
1 2 2 69.3322 0.405174 0.0107127 
1 2 3 26.0637 0.425942 0.0132423 
1 2 4 30.1816 0.441718 0.0106941 
1 2 5 74.8299 0.449258 0.0105733 
1 2 6 86.4721 0.424564 0.0106367 
1 2 7 86.3146 0.443578 0.0111015 
1 2 8 73.7425 0.455812 0.0113557 
1 2 9 78.5756 0.452028 0.010582 
1 2 10 66.5896 0.454458 0.0119308 
1 2 11 22.7435 0.438301 0.0165924 
1 2 12 26.3027 0.413745 0.0117406 
1 2 13 63.7515 0.407197 0.0101835 
1 2 14 66.9621 0.415647 0.010547 
1 2 15 86.1708 0.419006 0.00978672 
1 3 0 72.1451 0.410117 0.0113148 
1 3 1 57.0816 0.407551 0.0117866 
1 3 2 70.8497 0.404807 0.0105643 
1 3 3 49.767 0.425591 0.0126141 
1 3 4 57.5512 0.446782 0.0124283 
1 3 5 64.1001 0.453797 0.0120363 
1 3 6 78.8392 0.430298 0.0112399 
1 3 7 82.8144 0.446258 0.0115323 
1 3 8 80.4023 0.451 0.0115043 
1 3 9 65.3176 0.449692 0.0114171 
1 3 10 66.6938 0.44835 0.0115403 
1 3 11 58.6573 0.437538 0.0112976 
1 3 12 57.1057 0.422742 0.0107234 
1 3 13 62.9245 0.411834 0.0113003 
1 3 14 63.335 0.417684 0.0107123 
1 3 15 90.891 0.422191 0.0101117 
1 4 0 72.2232 0.400094 0.0108299 
1 4 1 70.8422 0.400519 0.0111114 
1 4 2 68.1479 0.399159 0.0113741 
1 4 3 55.9 0.419044 0.0118866 
1 4 4 81.2352 0.441016 0.0109428 
1 4 5 82.3174 0.447745 0.00986594 
1 4 6 72.2247 0.424602 0.0105915 
1 4 7 85.1052 0.437827 0.0114723 
1 4 8 83.2128 0.454558 0.011542 
1 4 9 64.878 0.45659 0.0113192 
1 4 10 63.0069 0.453962 0.0128726 
1 4 11 58.7828 0.442616 0.0129199 
1 4 12 64.5151 0.416319 0.0110052 
1 4 13 73.8108 0.405311 0.00990637 
1 4 14 75.07 0.413122 0.00999017 
1 4 15 80.2974 0.412747 0.0112333 
1 5 0 66.0839 0.428801 0.0135284 
1 5 1 62.5569 0.425961 0.0115595 
1 5 2 62.6228 0.423125 0.0114575 
1 5 3 67.4206 0.451226 0.0124684 
1 5 4 74.2768 0.45845 0.0117098 
1 5 5 86.8641 0.468723 0.010457 
1 5 6 77.219 0.441903 0.0112663 
1 5 7 88.4753 0.454609 0.0109476 
1 5 8 76.6296 0.467587 0.0119201 
1 5 9 64.982 0.469771 0.0114585 
1 5 10 58.8663 0.469206 0.01298 
1 5 11 69.2058 0.455023 0.0129139 
1 5 12 54.1519 0.446063 0.0140379 
1 5 13 65.433 0.431505 0.0115104 
1 5 14 61.4012 0.440769 0.0114463 
1 5 15 74.5359 0.441959 0.0123377 
1 6 0 76.7787 0.405992 0.0122451 
1 6 1 58.6813 0.404161 0.0117064 
1 6 2 73.017 0.403035 0.0111657 
1 6 3 66.284 0.429678 0.0122351 
1 6 4 81.4696 0.446304 0.0109522 
1 6 5 73.9636 0.457223 0.0108857 
1 6 6 73.8581 0.428579 0.0112999 
1 6 7 94.5328 0.442906 0.0115528 
1 6 8 90.5494 0.443462 0.0115374 
1 6 9 65.9211 0.443697 0.0110731 
1 6 10 74.1276 0.443692 0.0106239 
1 6 11 71.5164 0.428583 0.0117304 
1 6 12 61.3616 0.432691 0.0126167 
1 6 13 70.32 0.414349 0.0105294 
1 6 14 70.0069 0.423407 0.0111529 
1 6 15 87.3311 0.423406 0.010134 
1 7 0 89.4666 0.402896 0.0105966 
1 7 1 73.4372 0.400234 0.0103845 
1 7 2 80.4713 0.400918 0.0106829 
1 7 3 77.6766 0.421321 0.0113885 
1 7 4 93.0842 0.434397 0.0100663 
1 7 5 88.7543 0.442836 0.0104012 
1 7 6 92.6189 0.417445 0.009886 
1 7 7 111.945 0.434588 0.00992822 
1 7 8 97.4784 0.43368 0.0109425 
1 7 9 77.2498 0.429462 0.0101757 
1 7 10 79.3343 0.431943 0.0103304 
1 7 11 85.6141 0.418365 0.0103939 
1 7 12 78.3419 0.426584 0.0114362 
1 7 13 69.5213 0.40958 0.0113224 
1 7 14 81.6784 0.417324 0.0104099 
1 7 15 86.031 0.416822 0.0111053 
1 8 0 85.4958 0.399097 0.0112875 
1 8 1 67.3358 0.395965 0.0115208 
1 8 2 76.6349 0.402511 0.0106947 
1 8 3 89.9327 0.415841 0.0107435 
1 8 4 87.2392 0.441025 0.011593 
1 8 5 86.4779 0.447167 0.0113346 
1 8 6 79.6629 0.423014 0.0105264 
1 8 7 107.755 0.442242 0.0109624 
1 8 8 92.8525 0.453878 0.0118798 
1 8 9 74.1262 0.448552 0.0107777 
1 8 10 76.0741 0.44995 0.0110904 
1 8 11 73.4008 0.436261 0.0127988 
1 8 12 82.3132 0.41904 0.0114821 
1 8 13 79.1191 0.410178 0.0109256 
1 8 14 76.8436 0.411955 0.0103577 
1 8 15 99.1888 0.413532 0.0100626 
1 9 0 70.1817 0.395768 0.0123239 
1 9 1 67.5244 0.398879 0.0113748 
1 9 2 81.2577 0.40191 0.0108372 
1 9 3 87.8573 0.416052 0.0107005 
1 9 4 92.3676 0.4485 0.0108479 
1 9 5 90.1872 0.452476 0.0111213 
1 9 6 85.5223 0.432319 0.0108188 
1 9 7 102.117 0.449517 0.0117205 
1 9 8 100.168 0.457651 0.011983 
1 9 9 88.5074 0.455615 0.0108624 
1 9 10 79.4064 0.450997 0.0112845 
1 9 11 84.8982 0.441791 0.0119604 
1 9 12 75.8293 0.423607 0.0125412 
1 9 13 73.3562 0.419853 0.0107073 
1 9 14 71.6347 0.419947 0.0108592 
1 9 15 94.2638 0.41802 0.0112595 
1 10 0 87.8013 0.415483 0.011971 
1 10 1 69.5737 0.419922 0.0117492 
1 10 2 71.009 0.415899 0.011368 
1 10 3 81.7457 0.431144 0.0125876 
1 10 4 89.7774 0.468684 0.0118359 
1 10 5 76.3447 0.473886 0.0116896 
1 10 6 75.8423 0.452819 0.0120718 
1 10 7 86.9538 0.466304 0.0122888 
1 10 8 98.089 0.473382 0.0120272 
1 10 9 78.1071 0.476557 0.0103978 
1 10 10 69.6894 0.470542 0.0118949 
1 10 11 78.6411 0.460526 0.012909 
1 10 12 70.9305 0.434267 0.0139126 
1 10 13 71.597 0.425058 0.0110549 
1 10 14 72.3274 0.436882 0.0107098 
1 10 15 85.5161 0.430222 0.0121329 
1 11 0 78.4204 0.405633 0.0115694 
1 11 1 80.3806 0.399676 0.00985639 
1 11 2 80.1016 0.400118 0.0111229 
1 11 3 96.3555 0.415617 0.0105657 
1 11 4 101.982 0.42692 0.0100594 
1 11 5 89.3552 0.434911 0.0094198 
1 11 6 92.6711 0.415057 0.00942341 
1 11 7 119.139 0.426501 0.00963583 
1 11 8 100.932 0.437642 0.0103518 
1 11 9 87.1567 0.440221 0.00936398 
1 11 10 76.6095 0.439263 0.0106765 
1 11 11 92.3786 0.427729 0.0116275 
1 11 12 95.4826 0.418202 0.0110878 
1 11 13 73.3036 0.405639 0.0100889 
1 11 14 74.7715 0.416932 0.0108957 
1 11 15 107.656 0.420117 0.00912192 
1 12 0 85.4246 0.39425 0.0110221 
1 12 1 76.028 0.393714 0.010232 
1 12 2 95.043 0.394848 0.00912272 
1 12 3 92.175 0.410873 0.010491 
1 12 4 95.2313 0.43748 0.0108612 
1 12 5 76.43 0.450127 0.0103919 
1 12 6 77.288 0.421063 0.0101153 
1 12 7 111.341 0.437346 0.010258 
1 12 8 106.528 0.437801 0.00962597 
1 12 9 77.9856 0.439533 0.00991203 
1 12 10 80.4499 0.441658 0.0105032 
1 12 11 92.7627 0.426489 0.0109576 
1 12 12 91.1387 0.410161 0.0102351 
1 12 13 81.0737 0.397438 0.0090376 
1 12 14 67.7798 0.404853 0.0105402 
1 12 15 97.6224 0.405843 0.0100513 
1 13 0 84.689 0.391732 0.011208 
1 13 1 73.5435 0.390011 0.0109718 
1 13 2 79.0428 0.391735 0.01038 
1 13 3 89.7491 0.406734 0.01125 
1 13 4 104.42 0.431094 0.00999043 
1 13 5 85.7504 0.441824 0.010887 
1 13 6 72.593 0.415217 0.0100238 
1 13 7 96.3058 0.431786 0.00943598 
1 13 8 107.828 0.433301 0.00977788 
1 13 9 75.956 0.433882 0.00992719 
1 13 10 87.4231 0.438744 0.00878598 
1 13 11 96.4259 0.422965 0.0112502 
1 13 12 94.8884 0.410051 0.0111654 
1 13 13 71.7501 0.397377 0.0105937 
1 13 14 85.3495 0.404368 0.0096253 
1 13 15 103.95 0.404494 0.00992743 
1 14 0 88.39 0.392976 0.0123858 
1 14 1 73.177 0.391265 0.0112155 
1 14 2 80.2995 0.398464 0.0108569 
1 14 3 69.7469 0.407945 0.0143013 
1 14 4 73.9577 0.437658 0.0141908 
1 14 5 50.0113 0.445765 0.0153554 
1 14 6 65.6522 0.418281 0.0115723 
1 14 7 67.4806 0.434841 0.0143613 
1 14 8 72.1975 0.444682 0.0117968 
1 14 9 69.3424 0.445408 0.0114755 
1 14 10 62.3221 0.450477 0.012299 
1 14 11 70.3881 0.434805 0.0152527 
1 14 12 90.5557 0.404157 0.0111819 
1 14 13 83.5146 0.395064 0.0105803 
1 14 14 93.8859 0.398364 0.0107783 
1 14 15 97.2372 0.397719 0.0110803 
1 15 0 54.0082 0.378901 0.0131258 
1 15 1 44.2096 0.380373 0.0148944 
1 15 2 47.0822 0.386991 0.0131903 
1 15 3 45.5166 0.38902 0.0206826 
1 15 4 37.4495 0.362038 0.023974 
1 15 5 31.0137 0.362958 0.0206532 
1 15 6 29.0284 0.335011 0.0178518 
1 15 7 47.456 0.359076 0.0140426 
1 15 8 54.4945 0.427063 0.0118114 
1 15 9 39.608 0.423977 0.0134682 
1 15 10 44.6923 0.43049 0.013297 
1 15 11 51.8268 0.420407 0.0186957 
1 15 12 50.015 0.395502 0.017817 
1 15 13 46.2362 0.390066 0.0138694 
1 15 14 57.1806 0.392353 0.0119786 
1 15 15 54.2395 0.388224 0.0132698 
2 0 0 32.7814 0.376246 0.0107686 
2 0 1 27.2489 0.376503 0.0106671 
2 0 2 34.1276 0.371056 0.00785792 
2 0 3 0 0.205 0.01 
2 0 4 0 0.205 0.01 
2 0 5 33.2344 0.422024 0.0100895 
2 0 6 34.318 0.393886 0.0105484 
2 0 7 30.7747 0.408381 0.0110168 
2 0 8 34.4041 0.420114 0.0107795 
2 0 9 28.2108 0.415691 0.0113875 
2 0 10 26.5041 0.41807 0.00978397 
2 0 11 0 0.205 0.01 
2 0 12 1.01619 0.289545 0.0114122 
2 0 13 36.7205 0.368269 0.00941017 
2 0 14 35.0567 0.380703 0.0124209 
2 0 15 42.8491 0.389639 0.00997374 
2 1 0 69.2596 0.383305 0.00869399 
2 1 1 72.9378 0.379815 0.00784146 
2 1 2 69.0618 0.375755 0.00817368 
2 1 3 3 0.398868 0.0317915 
2 1 4 3.5 0.405128 0.0257971 
2 1 5 44.587 0.421432 0.00936541 
2 1 6 46.3418 0.393229 0.00804039 
2 1 7 56.8288 0.411801 0.0081424 
2 1 8 54.8722 0.425825 0.00807731 
2 1 9 51.0768 0.420743 0.00797818 
2 1 10 54.2593 0.42214 0.00855809 
2 1 11 2.39327 0.400166 0.05 
2 1 12 3 0.370191 0.0271131 
2 1 13 48.0866 0.372691 0.010081 
2 1 14 58.8868 0.38603 0.00878364 
2 1 15 68.227 0.3939 0.00792904 
2 2 0 73.996 0.366653 0.0087081 
2 2 1 67.7511 0.366774 0.00748712 
2 2 2 71.1297 0.364188 0.00768844 
2 2 3 24.0575 0.38404 0.00841723 
2 2 4 21.8076 0.405117 0.00936198 
2 2 5 56.9279 0.411463 0.00858206 
2 2 6 53.635 0.385296 0.0079873 
2 2 7 78.2297 0.403593 0.00680121 
2 2 8 65.612 0.415345 0.00702879 
2 2 9 50.5511 0.41305 0.0080902 
2 2 10 57.597 0.41244 0.007777 
2 2 11 14.3355 0.396412 0.0109931 
2 2 12 18.9794 0.373436 0.00961946 
2 2 13 75.3289 0.363458 0.00786548 
2 2 14 72.7042 0.373189 0.00707519 
2 2 15 98.303 0.378913 0.00743175 
2 3 0 84.896 0.367898 0.00793785 
2 3 1 78.9262 0.363837 0.00724997 
2 3 2 74.5506 0.363644 0.00790069 
2 3 3 53.9397 0.384382 0.0077533 
2 3 4 66.6817 0.407212 0.00746947 
2 3 5 63.5184 0.413926 0.00699493 
2 3 6 58.7 0.389329 0.0084719 
2 3 7 60.532 0.405431 0.00827551 
2 3 8 74.4968 0.412736 0.00697488 
2 3 9 58.6306 0.411572 0.00772145 
2 3 10 56.8499 0.407598 0.00747422 
2 3 11 51.1701 0.39619 0.00795488 
2 3 12 50.7135 0.380537 0.00899069 
2 3 13 79.9153 0.369045 0.00733764 
2 3 14 70.9032 0.376648 0.00735041 
2 3 15 91.5323 0.380555 0.00724959 
2 4 0 91.9288 0.359662 0.00859751 
2 4 1 87.6498 0.35972 0.00728808 
2 4 2 75.1732 0.358047 0.00759252 
2 4 3 66.4258 0.378358 0.00706225 
2 4 4 68.4807 0.403062 0.00757076 
2 4 5 67.1757 0.409919 0.00716972 
2 4 6 65.7743 0.386465 0.00732672 
2 4 7 86.1654 0.399916 0.00761495 
2 4 8 76.7108 0.414772 0.00758393 
2 4 9 63.333 0.415229 0.00722446 
2 4 10 71.1798 0.412135 0.00769252 
2 4 11 65.7778 0.400429 0.00829482 
2 4 12 64.5724 0.374311 0.0078707 
2 4 13 72.9677 0.36324 0.00789038 
2 4 14 87.3203 0.371534 0.00710427 
2 4 15 99.2087 0.370857 0.00787648 
2 5 0 92.2937 0.383885 0.009221 
2 5 1 88.7561 0.38149 0.00772948 
2 5 2 80.3486 0.379733 0.00812912 
2 5 3 64.76 0.407225 0.00875324 
2 5 4 65.9328 0.419901 0.00773016 
2 5 5 69.2777 0.428914 0.00807438 
2 5 6 60.9935 0.398928 0.00871373 
2 5 7 79.1757 0.413439 0.00746722 
2 5 8 72.0935 0.42545 0.00770983 
2 5 9 68.1263 0.430096 0.00784191 
2 5 10 60.8985 0.426546 0.00958274 
2 5 11 62.6457 0.411634 0.00833408 
2 5 12 66.3961 0.400047 0.00742594 
2 5 13 78.831 0.387286 0.00858081 
2 5 14 78.73 0.395315 0.00861547 
2 5 15 89.8782 0.397935 0.00842966 
2 6 0 102.494 0.364854 0.00817924 
2 6 1 94.6306 0.363948 0.00717889 
2 6 2 96.4341 0.361448 0.00716044 
2 6 3 69.9512 0.389246 0.008208 
2 6 4 72.4456 0.408226 0.00837383 
2 6 5 81.7554 0.418797 0.00740994 
2 6 6 66.6868 0.385822 0.00915751 
2 6 7 81.7955 0.403967 0.00712704 
2 6 8 74.0142 0.404654 0.00854308 
2 6 9 64.8526 0.405192 0.00788752 
2 6 10 66.8621 0.405948 0.0080675 
2 6 11 78.7593 0.389777 0.00762366 
2 6 12 73.4191 0.389883 0.00787743 
2 6 13 84.9679 0.37267 0.00717712 
2 6 14 90.8391 0.380225 0.00726366 
2 6 15 108.404 0.381666 0.00787968 
2 7 0 95.7616 0.360426 0.00801977 
2 7 1 71.2257 0.358872 0.00810452 
2 7 2 77.3884 0.361417 0.00793647 
2 7 3 89.4941 0.381751 0.00798925 
2 7 4 91.772 0.398456 0.00716172 
2 7 5 88.5815 0.407602 0.00699129 
2 7 6 70.4289 0.378089 0.00831286 
2 7 7 106.491 0.397788 0.00723924 
2 7 8 95.6021 0.397227 0.00751561 
2 7 9 73.7712 0.392781 0.00774611 
2 7 10 83.8851 0.39536 0.00701419 
2 7 11 85.7526 0.379812 0.00754313 
2 7 12 90.9879 0.385226 0.00755593 
2 7 13 88.8984 0.366148 0.00724914 
2 7 14 90.0566 0.376516 0.00784471 
2 7 15 110.705 0.376193 0.00753804 
2 8 0 105.933 0.357211 0.00794681 
2 8 1 76.7679 0.354677 0.00814166 
2 8 2 88.8019 0.361332 0.00787995 
2 8 3 90.1606 0.375775 0.00774314 
2 8 4 91.3677 0.404709 0.0079546 
2 8 5 82.762 0.410062 0.00893015 
2 8 6 89.0522 0.383608 0.0076901 
2 8 7 99.2141 0.404868 0.00753517 
2 8 8 99.5903 0.414338 0.00762753 
2 8 9 88.7987 0.409761 0.00747716 
2 8 10 77.8894 0.409747 0.00759834 
2 8 11 96.258 0.396959 0.00750257 
2 8 12 92.3018 0.37777 0.00808004 
2 8 13 83.7632 0.368644 0.0083411 
2 8 14 89.2862 0.370737 0.00747407 
2 8 15 127.756 0.372762 0.00697787 
2 9 0 98.7592 0.353926 0.00765702 
2 9 1 72.1242 0.358511 0.0096319 
2 9 2 88.9675 0.361779 0.00758533 
2 9 3 90.4835 0.375272 0.00779569 
2 9 4 96.0453 0.412056 0.0078534 
2 9 5 95.5173 0.413671 0.00733291 
2 9 6 88.0408 0.39251 0.00777709 
2 9 7 103.754 0.411292 0.00823084 
2 9 8 117.684 0.419853 0.00756876 
2 9 9 81.4112 0.416944 0.00773607 
2 9 10 105.842 0.410562 0.0068602 
2 9 11 97.318 0.403082 0.00797046 
2 9 12 86.3149 0.383925 0.00780018 
2 9 13 85.9872 0.376661 0.00788328 
2 9 14 70.252 0.37893 0.00869533 
2 9 15 107.886 0.377197 0.0072688 
2 10 0 84.7506 0.371836 0.00897496 
2 10 1 66.411 0.378695 0.00910459 
2 10 2 76.2589 0.372847 0.0087283 
2 10 3 83.0852 0.389197 0.00870503 
2 10 4 86.0473 0.428378 0.0086625 
2 10 5 91.4005 0.43345 0.00814855 
2 10 6 80.3553 0.411613 0.00779683 
2 10 7 83.2157 0.424489 0.00972447 
2 10 8 94.4273 0.433721 0.00826262 
2 10 9 85.0854 0.436678 0.00752201 
2 10 10 91.2189 0.427992 0.00816196 
2 10 11 88.3811 0.420079 0.00776769 
2 10 12 86.4278 0.394032 0.00853033 
2 10 13 63.4356 0.382527 0.00909347 
2 10 14 75.962 0.395118 0.0080738 
2 10 15 89.8001 0.388872 0.00759953 
2 11 0 89.0677 0.366906 0.0078501 
2 11 1 85.5152 0.358508 0.0070596 
2 11 2 91.1375 0.359506 0.00663684 
2 11 3 89.8388 0.377239 0.00804141 
2 11 4 104.937 0.392449 0.00749922 
2 11 5 94.0237 0.399635 0.00736665 
2 11 6 79.0875 0.377225 0.0081533 
2 11 7 106.472 0.390425 0.0071544 
2 11 8 116.339 0.401043 0.00699642 
2 11 9 102.055 0.405208 0.00640335 
2 11 10 75.0889 0.400848 0.00828925 
2 11 11 95.1864 0.391455 0.00722628 
2 11 12 86.6802 0.378477 0.0083711 
2 11 13 80.6404 0.3641 0.00746598 
2 11 14 66.141 0.377199 0.00785723 
2 11 15 103.343 0.381996 0.00677423 
2 12 0 82.2711 0.35329 0.00855547 
2 12 1 71.396 0.352167 0.00860836 
2 12 2 84.4611 0.354172 0.0074206 
2 12 3 94.1843 0.37327 0.00834208 
2 12 4 93.6545 0.400067 0.00784506 
2 12 5 77.6445 0.413091 0.00765891 
2 12 6 68.6571 0.382642 0.00907522 
2 12 7 90.1638 0.39931 0.00787542 
2 12 8 113.888 0.401478 0.00710865 
2 12 9 76.1896 0.403394 0.00769054 
2 12 10 82.23 0.404431 0.00658056 
2 12 11 69.4222 0.389469 0.00899618 
2 12 12 92.1452 0.371448 0.00745334 
2 12 13 85.5305 0.355235 0.00647515 
2 12 14 88.2025 0.364245 0.00665552 
2 12 15 87.1171 0.366294 0.00746765 
2 13 0 83.8597 0.35085 0.00816044 
2 13 1 82.0312 0.349364 0.00787136 
2 13 2 78.1797 0.351798 0.00799633 
2 13 3 71.038 0.368272 0.00951414 
2 13 4 82.5861 0.393008 0.00865583 
2 13 5 76.0146 0.405077 0.008494 
2 13 6 83.0385 0.374739 0.00842859 
2 13 7 90.7338 0.393647 0.00803822 
2 13 8 89.9352 0.396129 0.00707868 
2 13 9 79.4724 0.396957 0.0062842 
2 13 10 101.508 0.402354 0.00593363 
2 13 11 89.9354 0.384707 0.00725643 
2 13 12 81.082 0.372069 0.00767911 
2 13 13 69.2241 0.356275 0.00767257 
2 13 14 77.9087 0.363548 0.00704183 
2 13 15 88.3822 0.364521 0.00754067 
2 14 0 72.2841 0.351602 0.00894621 
2 14 1 64.6085 0.349463 0.00946379 
2 14 2 73.4048 0.356853 0.00851395 
2 14 3 54.4759 0.366892 0.0122816 
2 14 4 53.6025 0.39799 0.0120531 
2 14 5 50.6209 0.407238 0.0122111 
2 14 6 57.2029 0.377344 0.0100925 
2 14 7 58.6366 0.397107 0.0103524 
2 14 8 82.938 0.404774 0.00819393 
2 14 9 69.2726 0.404051 0.00857034 
2 14 10 66.2209 0.408206 0.00801461 
2 14 11 61.844 0.394456 0.0114278 
2 14 12 75.5792 0.364903 0.00839679 
2 14 13 69.6757 0.354326 0.00856451 
2 14 14 73.8547 0.357365 0.00863261 
2 14 15 79.9162 0.357567 0.00834241 
2 15 0 43.0757 0.336198 0.0102384 
2 15 1 35.7923 0.338005 0.0101369 
2 15 2 42.9594 0.344605 0.0100871 
2 15 3 42.7425 0.349332 0.0146059 
2 15 4 32.3459 0.317718 0.0175686 
2 15 5 44.821 0.322963 0.0105021 
2 15 6 40.46 0.294124 0.00981667 
2 15 7 46.148 0.316943 0.0101232 
2 15 8 46.8692 0.387291 0.0101928 
2 15 9 42.7607 0.387389 0.00863204 
2 15 10 39.4755 0.392037 0.0106535 
2 15 11 53.1361 0.384291 0.0091813 
2 15 12 46.2465 0.352248 0.0113634 
2 15 13 39.0684 0.345427 0.0115441 
2 15 14 30.3026 0.349912 0.012523 
2 15 15 47.5971 0.347621 0.00915116 
3 0 0 37.027 0.351847 0.00906009 
3 0 1 33.1413 0.351629 0.0090147 
3 0 2 49.1127 0.345247 0.00730863 
3 0 3 0 0.205 0.01 
3 0 4 1.01619 0.289545 0.0114122 
3 0 5 42.7725 0.398184 0.00925165 
3 0 6 41.3253 0.366824 0.00970162 
3 0 7 36.8523 0.38397 0.0111755 
3 0 8 35.7589 0.395024 0.00970247 
3 0 9 36.7713 0.391944 0.00948554 
3 0 10 36.5883 0.39179 0.0104346 
3 0 11 1.01618 0.254545 0.0114126 
3 0 12 1.01619 0.239545 0.0114122 
3 0 13 28.3166 0.340967 0.011824 
3 0 14 28.4424 0.35321 0.00960779 
3 0 15 36.5047 0.360645 0.00778962 
3 1 0 64.7777 0.35758 0.0075456 
3 1 1 74.3344 0.352195 0.00705431 
3 1 2 86.9506 0.348384 0.00652031 
3 1 3 4.5 0.352635 0.0237008 
3 1 4 3 0.375199 0.0298304 
3 1 5 69.6919 0.396745 0.00833443 
3 1 6 66.235 0.367912 0.0084756 
3 1 7 72.8725 0.388281 0.00785894 
3 1 8 72.5126 0.398072 0.00771002 
3 1 9 62.1828 0.394783 0.00773311 
3 1 10 65.4466 0.396693 0.00908861 
3 1 11 5.71896 0.380563 0.0214506 
3 1 12 3.5 0.351564 0.0196661 
3 1 13 55.404 0.344425 0.00905873 
3 1 14 60.5045 0.35769 0.0079289 
3 1 15 66.2724 0.366845 0.00746175 
3 2 0 77.3161 0.342869 0.00606423 
3 2 1 92.0884 0.3414 0.00598125 
3 2 2 88.698 0.33894 0.00667577 
3 2 3 27.3371 0.359959 0.00858813 
3 2 4 33.5266 0.380644 0.00815338 
3 2 5 70.3447 0.387917 0.00849868 
3 2 6 85.219 0.361907 0.00783561 
3 2 7 103.143 0.3798 0.00664227 
3 2 8 94.0603 0.390161 0.00655193 
3 2 9 92.5466 0.386597 0.00644563 
3 2 10 82.2532 0.387426 0.00798887 
3 2 11 21.8543 0.376003 0.00900157 
3 2 12 35.0884 0.349998 0.00692542 
3 2 13 76.8958 0.337108 0.00742329 
3 2 14 77.4369 0.347427 0.00691115 
3 2 15 92.6351 0.351949 0.00607873 
3 3 0 74.7059 0.342324 0.00671543 
3 3 1 87.0992 0.339469 0.00660507 
3 3 2 88.3695 0.33785 0.00655138 
3 3 3 72.2053 0.360095 0.00727345 
3 3 4 87.476 0.382787 0.0061762 
3 3 5 97.4295 0.387847 0.00672932 
3 3 6 95.1 0.363549 0.00722417 
3 3 7 98.3622 0.381035 0.00599854 
3 3 8 111.222 0.388131 0.00557232 
3 3 9 95.611 0.387367 0.00585993 
3 3 10 89.3471 0.384386 0.00712963 
3 3 11 64.5271 0.373959 0.00706136 
3 3 12 68.6606 0.355031 0.00628718 
3 3 13 94.0144 0.342236 0.00603947 
3 3 14 88.6169 0.349837 0.00588352 
3 3 15 94.126 0.354014 0.00588668 
3 4 0 76.9693 0.334968 0.00721954 
3 4 1 91.7703 0.334271 0.00619531 
3 4 2 97.2409 0.33347 0.00638654 
3 4 3 89.7702 0.354685 0.00569737 
3 4 4 88.3994 0.380164 0.00686549 
3 4 5 99.5159 0.386334 0.00631679 
3 4 6 80.3472 0.362118 0.00795936 
3 4 7 89.2963 0.377572 0.00707279 
3 4 8 106.083 0.390487 0.00596013 
3 4 9 116.021 0.390217 0.00586365 
3 4 10 94.3516 0.387493 0.00665985 
3 4 11 82.6265 0.376748 0.00644714 
3 4 12 79.6922 0.348894 0.00615862 
3 4 13 96.3558 0.337323 0.00573892 
3 4 14 92.2766 0.34569 0.00564889 
3 4 15 90.3962 0.346298 0.00594186 
3 5 0 79.342 0.357058 0.00745339 
3 5 1 83.1296 0.354996 0.00655677 
3 5 2 92.3539 0.353077 0.00669683 
3 5 3 73.7262 0.380992 0.00784292 
3 5 4 85.0873 0.396144 0.00606737 
3 5 5 88.8863 0.405474 0.007097 
3 5 6 83.7496 0.375261 0.00810812 
3 5 7 102.465 0.390665 0.00640676 
3 5 8 103.177 0.401442 0.00640189 
3 5 9 105.721 0.404415 0.00611573 
3 5 10 92.6345 0.402389 0.00733441 
3 5 11 75.9534 0.387987 0.00740097 
3 5 12 63.4296 0.373696 0.00769568 
3 5 13 97.0834 0.359206 0.00663396 
3 5 14 74.5776 0.367968 0.00715125 
3 5 15 78.3378 0.369792 0.00680696 
3 6 0 84.2834 0.340829 0.00673692 
3 6 1 91.3906 0.34001 0.00631949 
3 6 2 90.3611 0.338152 0.0070544 
3 6 3 85.2195 0.364625 0.0069366 
3 6 4 93.9966 0.384698 0.0060436 
3 6 5 86.9622 0.394558 0.00705099 
3 6 6 82.9103 0.36276 0.00739614 
3 6 7 109.893 0.380858 0.00607227 
3 6 8 97.1114 0.380253 0.0062694 
3 6 9 89.6455 0.380227 0.00690771 
3 6 10 102.276 0.380756 0.0064076 
3 6 11 84.449 0.364344 0.00637089 
3 6 12 65.8386 0.363635 0.00713324 
3 6 13 105.123 0.34663 0.00576773 
3 6 14 95.6699 0.354323 0.00593032 
3 6 15 104.283 0.355988 0.00569759 
3 7 0 85.5196 0.336298 0.00689418 
3 7 1 96.0096 0.333615 0.00644422 
3 7 2 91.2242 0.338038 0.00684373 
3 7 3 73.5975 0.358432 0.00699231 
3 7 4 98.0707 0.375322 0.00607562 
3 7 5 92.141 0.383931 0.00682667 
3 7 6 102.244 0.354415 0.00717511 
3 7 7 118.358 0.374807 0.00614606 
3 7 8 116.382 0.373466 0.00608822 
3 7 9 111.591 0.368952 0.00593419 
3 7 10 93.8028 0.371117 0.00616022 
3 7 11 85.2044 0.356386 0.00628053 
3 7 12 88.9453 0.359996 0.00642493 
3 7 13 94.8484 0.341063 0.00665611 
3 7 14 90.5777 0.349673 0.0061858 
3 7 15 97.2398 0.351469 0.00644023 
3 8 0 83.7353 0.333104 0.00701921 
3 8 1 83.5473 0.329769 0.00660351 
3 8 2 79.8827 0.337504 0.00756731 
3 8 3 91.1743 0.351354 0.00677627 
3 8 4 101.244 0.38189 0.00621087 
3 8 5 94.2476 0.386031 0.00763334 
3 8 6 93.2826 0.360684 0.00773517 
3 8 7 113.14 0.381481 0.00601595 
3 8 8 118.711 0.391148 0.00571677 
3 8 9 98.7216 0.385677 0.00620547 
3 8 10 102.951 0.385522 0.00632332 
3 8 11 79.9335 0.373242 0.00744025 
3 8 12 81.4903 0.353912 0.00713103 
3 8 13 88.1674 0.342488 0.00699218 
3 8 14 91.8758 0.345495 0.00614529 
3 8 15 104.684 0.347666 0.00595833 
3 9 0 100.557 0.329694 0.0069618 
3 9 1 69.1162 0.332528 0.0076866 
3 9 2 87.3867 0.337514 0.00686292 
3 9 3 97.1132 0.351255 0.00624468 
3 9 4 85.941 0.390361 0.00604254 
3 9 5 103.763 0.391208 0.00682277 
3 9 6 101.748 0.36843 0.00697867 
3 9 7 100.758 0.38807 0.00676867 
3 9 8 104.405 0.396945 0.0060421 
3 9 9 101.382 0.393074 0.00619847 
3 9 10 102.133 0.3868 0.00593205 
3 9 11 99.1826 0.379743 0.00587104 
3 9 12 87.2877 0.360019 0.00588861 
3 9 13 96.6695 0.35301 0.00629261 
3 9 14 74.5538 0.355068 0.00756014 
3 9 15 88.0317 0.352155 0.00630039 
3 10 0 70.3315 0.346947 0.00805051 
3 10 1 76.2336 0.354175 0.00706251 
3 10 2 88.8522 0.34898 0.00662846 
3 10 3 86.883 0.365444 0.00656808 
3 10 4 78.9177 0.405134 0.0072836 
3 10 5 101.556 0.408153 0.00677049 
3 10 6 85.1512 0.386323 0.00778292 
3 10 7 88.5496 0.399995 0.00758722 
3 10 8 92.8524 0.409666 0.00689787 
3 10 9 96.885 0.412585 0.00639321 
3 10 10 83.3114 0.403825 0.00700898 
3 10 11 79.4513 0.396448 0.00723989 
3 10 12 88.4014 0.367813 0.00653643 
3 10 13 75.4443 0.358161 0.00724735 
3 10 14 83.6812 0.372147 0.00696564 
3 10 15 90.3255 0.364633 0.00608701 
3 11 0 98.9222 0.34414 0.00643416 
3 11 1 87.8301 0.335718 0.006519 
3 11 2 103.626 0.336661 0.00623517 
3 11 3 79.5263 0.353835 0.0068472 
3 11 4 82.2841 0.370701 0.00743842 
3 11 5 100.644 0.379265 0.00616564 
3 11 6 91.6666 0.355116 0.00722684 
3 11 7 112.828 0.368217 0.00563273 
3 11 8 110.628 0.378514 0.00518851 
3 11 9 116.622 0.38215 0.00532826 
3 11 10 82.1207 0.379321 0.00731202 
3 11 11 89.188 0.368246 0.00626732 
3 11 12 86.8892 0.354254 0.0063783 
3 11 13 115.148 0.341239 0.00573371 
3 11 14 87.122 0.353939 0.00621128 
3 11 15 100.396 0.358044 0.00637679 
3 12 0 83.7798 0.33055 0.00738237 
3 12 1 87.5636 0.329459 0.0074474 
3 12 2 106.148 0.330238 0.00606974 
3 12 3 84.2207 0.350574 0.00664659 
3 12 4 90.8171 0.377069 0.00719979 
3 12 5 97.8073 0.390146 0.00668628 
3 12 6 84.167 0.358655 0.00754907 
3 12 7 93.033 0.37637 0.00659819 
3 12 8 95.2301 0.378988 0.00563891 
3 12 9 93.9204 0.379767 0.00640904 
3 12 10 91.5398 0.381564 0.00624372 
3 12 11 79.6853 0.366896 0.00700039 
3 12 12 93.6951 0.349 0.00543667 
3 12 13 115.981 0.332415 0.00525046 
3 12 14 101.558 0.341749 0.00611539 
3 12 15 85.0325 0.344558 0.00632397 
3 13 0 99.8593 0.32708 0.00699088 
3 13 1 101.651 0.326577 0.00693157 
3 13 2 94.7248 0.329202 0.00709975 
3 13 3 71.5721 0.345681 0.00819498 
3 13 4 78.8853 0.37204 0.00802478 
3 13 5 81.9344 0.383389 0.00795782 
3 13 6 73.6253 0.352063 0.00784618 
3 13 7 95.766 0.370419 0.00695069 
3 13 8 91.6843 0.373983 0.00610683 
3 13 9 99.9393 0.374762 0.00620138 
3 13 10 107.544 0.380452 0.0051866 
3 13 11 88.1823 0.363793 0.00679022 
3 13 12 101.456 0.348787 0.00623999 
3 13 13 106.43 0.333193 0.006025 
3 13 14 93.3834 0.34191 0.00632627 
3 13 15 103.052 0.341699 0.00626305 
3 14 0 77.292 0.329123 0.00822708 
3 14 1 66.5001 0.324873 0.0093691 
3 14 2 94.8979 0.334214 0.00737832 
3 14 3 55.1048 0.345753 0.0120027 
3 14 4 64.6703 0.377526 0.00899658 
3 14 5 54.4071 0.384773 0.0100129 
3 14 6 66.7533 0.353487 0.00837391 
3 14 7 58.7348 0.373958 0.00814747 
3 14 8 75.0073 0.380137 0.00751457 
3 14 9 67.7665 0.380427 0.00819011 
3 14 10 76.8667 0.385451 0.00771843 
3 14 11 68.3748 0.373273 0.00869184 
3 14 12 74.4602 0.341753 0.00773812 
3 14 13 88.0017 0.331553 0.00702065 
3 14 14 71.6819 0.334098 0.00828602 
3 14 15 87.4098 0.336477 0.00660437 
3 15 0 44.6428 0.314052 0.00879039 
3 15 1 43.3188 0.314961 0.0105912 
3 15 2 54.8806 0.322635 0.00782153 
3 15 3 33.0212 0.32366 0.0167921 
3 15 4 26.4467 0.293929 0.0181389 
3 15 5 37.5054 0.299611 0.0108753 
3 15 6 35.0388 0.269758 0.00957921 
3 15 7 45.8308 0.293483 0.00713968 
3 15 8 50.286 0.365958 0.00793169 
3 15 9 41.5158 0.362467 0.00960859 
3 15 10 43.4485 0.369003 0.00833331 
3 15 11 40.9041 0.361214 0.0112285 
3 15 12 41.5617 0.331028 0.0116979 
3 15 13 46.9225 0.322577 0.00912176 
3 15 14 52.6869 0.327502 0.00855604 
3 15 15 50.29 0.324235 0.00866296 
