0.0414147 -0.0144716 0.379645 -0.393431
0.0612322 -0.0187653 0.530357 -1.41478
0.0569489 -0.0186302 0.494101 -1.59111
-1.24712 0.173048 1.21791 0.703954
-0.22489 0.00545979 0.0169694 1.95148
0.0497331 -0.0108274 0.386236 -0.452221
0.0294956 -0.00572912 0.265677 0.4104
0.0462079 -0.0111961 0.375607 -0.428801
0.028701 -0.00681354 0.289161 0.43043
0.0342198 -0.00646751 0.245553 0.4937
0.0726736 -0.0183126 0.622976 -2.75974
-0.107445 -0.00661015 -0.564526 -5.68527
0.0920378 -0.0537372 0.0296951 2.15613
0.328139 -0.0601348 -0.110071 -0.420169
0.0426991 -0.0115642 0.364824 -0.403603
0.372222 -0.0501259 -0.342918 -0.304692
0.0355192 -0.0145551 0.371709 -0.362377
0.0552123 -0.0196755 0.506488 -1.39616
0.0319435 -0.0117002 0.324642 0.0144907
0.507346 -0.141191 -0.208375 -1.37768
-10.5 0.721578 82.0783 -6.86131
0.0639793 -0.0161069 0.518914 -1.51432
0.0334258 -0.00810109 0.292163 0.012578
0.0323912 -0.00614363 0.246434 0.279253
0.0345417 -0.00843133 0.303055 0.0135695
0.0601713 -0.016238 0.497995 -1.43898
0.0360023 -0.0102471 0.334231 0.016192
7.37974 -0.631566 -50.2155 -6.40338
-6.34301 0.377563 61.119 -8.74916
0.0544842 -0.0152925 0.44891 -0.917442
0.0763328 -0.0215675 0.687871 -2.9115
0.0784737 -0.0208231 0.672569 -2.50475
0.0333557 -0.0102732 0.351328 -0.311953
0.0321607 -0.00958459 0.317905 -0.319019
0.031067 -0.0122335 0.32781 0.0146621
0.0472712 -0.0100842 0.352942 -0.562918
0.0250307 -0.00383722 0.233168 0.489428
0.0330727 -0.00661028 0.271763 0.0111275
0.0229245 -0.00575976 0.228677 0.35565
0.0408616 -0.0117511 0.362143 -0.872325
0.0489817 -0.0108215 0.384817 -0.528219
0.024584 -0.00240928 0.228609 0.619033
0.038715 -0.00760592 0.318993 0.0153931
0.0666636 -0.0192044 0.578183 -2.23768
0.0622308 -0.0222823 0.562403 -1.08759
0.0535021 -0.01311 0.428041 -0.977826
0.0756163 -0.0211203 0.642118 -2.22968
0.066145 -0.0184727 0.533688 -1.26957
0.0200815 -0.00370559 0.190437 0.541711
0.0684185 -0.0219001 0.676181 -3.64513
0.0390597 -0.0149263 0.389103 -1.05049
0.0419616 -0.0115918 0.364672 -0.489362
0.0319537 -0.00627818 0.260829 0.0102227
0.0321607 -0.00958459 0.317905 -0.319019
0.02672 -0.00960132 0.269735 0.0101245
0.0214276 -0.00605603 0.238924 0.222727
0.0350753 -0.00795582 0.301733 0.0135663
0.0344829 -0.00560145 0.267273 0.0108722
0.0502221 -0.0135528 0.41665 -0.95721
0.033776 -0.00959001 0.312522 0.0140751
0.0505096 -0.0164194 0.467631 -1.3326
0.0321275 -0.00973608 0.302968 0.0130521
0.0509125 -0.0160266 0.451683 -1.105
0.0341193 -0.00953263 0.310685 0.0138542
0.0380026 -0.0137217 0.346295 -0.590195
0.0408616 -0.0117511 0.362143 -0.872325
0.017736 -0.00491473 0.218869 0.466921
0.0361347 -0.00545752 0.276875 0.0117742
0.0357804 -0.0039659 0.256457 0.0102779
0.0348361 -0.0070923 0.287675 0.0123458
0.0684185 -0.0219001 0.676181 -3.64513
0.0321607 -0.00958459 0.317905 -0.319019
0.0497331 -0.0108274 0.386236 -0.452221
0.0515273 -0.0139153 0.436415 -0.701945
0.0313461 -0.00837305 0.292448 0.349823
0.0468694 -0.0139686 0.404622 -0.930441
0.0343025 -0.00756797 0.288999 0.0123586
0.0317754 -0.00824598 0.282582 0.0116219
0.049224 -0.0140196 0.437962 -1.36121
0.0343025 -0.00756797 0.288999 0.0123586
0.0321796 -0.0125617 0.338656 0.0157224
0.0332425 -0.0100657 0.313848 0.014058
0.0312185 -0.00746818 0.271396 0.248156
0.0408511 -0.0108411 0.368436 0.0197207
0.077051 -0.0181326 0.625272 -2.31726
0.0735204 -0.01847 0.610122 -2.2961
0.0359523 -0.00742265 0.29857 0.0133315
0.0587136 -0.0155631 0.470249 -1.45634
0.0221563 -0.00257445 0.217728 0.702766
0.0565313 -0.0164814 0.480599 -1.25057
0.0363006 -0.00891031 0.318902 0.0149013
0.0343025 -0.00756797 0.288999 0.0123586
0.0630559 -0.0157498 0.516366 -2.07138
0.0348898 -0.00991896 0.323385 0.0151166
0.0425863 -0.0151986 0.414871 -0.389282
0.0256769 -0.00800132 0.296714 0.541844
0.0294894 -0.00978868 0.290252 0.0119786
0.0300225 -0.0093129 0.288925 0.0120028
0.0294201 -0.0123806 0.318277 0.013584
0.0370672 -0.00775231 0.309449 0.0143529
0.0317754 -0.00824598 0.282582 0.0116219
0.0337723 -0.00665805 0.300293 -0.311549
0.0254251 -0.0112386 0.280586 0.0104483
0.0284847 -0.0100842 0.285664 0.0112942
0.049224 -0.0140196 0.437962 -1.36121
0.275932 -0.0427252 -0.10481 -0.28851
0.0535767 -0.0135252 0.436234 -1.71704
0.0276086 -0.0106178 0.28884 0.0114509
0.0333557 -0.0102732 0.351328 -0.311953
0.0549827 -0.0162874 0.489317 -2.21936
0.0383993 -0.00829433 0.304225 -0.495507
0.049224 -0.0140196 0.437962 -1.36121
0.0242344 -0.0103437 0.296677 -0.353527
0.0327997 -0.0115889 0.30829 -0.554716
0.0390597 -0.0149263 0.389103 -1.05049
0.041805 -0.00792388 0.31543 -0.526382
0.0478464 -0.0110662 0.38895 -0.953043
0.0387737 -0.0105379 0.334282 -0.410719
0.019869 -0.00620183 0.218638 0.393402
0.0321607 -0.00958459 0.317905 -0.319019
0.0323087 -0.00777018 0.281256 0.0116227
0.0321607 -0.00958459 0.317905 -0.319019
0.0305441 -0.00728734 0.265327 0.0104399
0.0214276 -0.00605603 0.238924 0.222727
0.0443511 -0.0117159 0.385447 -1.127
0.0644427 -0.0218979 0.621591 -3.0671
0.0552123 -0.0196755 0.506488 -1.39616
0.0308989 -0.00877932 0.285752 0.0118171
0.0258352 -0.00737618 0.238397 0.00826651
0.0175151 -0.00499025 0.199834 0.661087
0.0390041 -0.0137971 0.34852 -0.510274
0.0318201 -0.00714248 0.267861 0.326675
0.0607761 -0.0128149 0.471433 -2.3743
0.0347983 -0.0069806 0.301203 -0.435888
0.0274956 -0.00999112 0.282514 0.0112094
0.0464728 -0.0164434 0.437923 -1.57731
0.070531 -0.0191993 0.628603 -2.7192
0.070531 -0.0191993 0.628603 -2.7192
0.0819487 -0.0218196 0.759568 -3.959
0.0317754 -0.00824598 0.282582 0.0116219
0.0443696 -0.0114147 0.375612 -0.91413
0.0505096 -0.0164194 0.467631 -1.3326
0.038472 -0.0119487 0.353637 -0.462405
0.0591711 -0.0159771 0.496689 -1.99868
0.0229245 -0.00575976 0.228677 0.35565
0.0468694 -0.0139686 0.404622 -0.930441
0.0480889 -0.0162053 0.426871 -0.883722
0.0373632 -0.0064142 0.29409 0.0130613
0.0483597 -0.0133001 0.405651 -1.35156
0.0159391 -0.00268821 0.180411 0.70779
0.0300962 -0.00890647 0.281855 -0.534611
0.0554831 -0.0162424 0.489835 -2.60232
0.0337723 -0.00665805 0.300293 -0.311549
0.0350714 -0.00914261 0.329659 -0.34946
0.0710935 -0.0214041 0.709821 -4.05148
0.020508 -0.00696529 0.232927 0.520757
0.0417878 -0.0123996 0.395596 -0.802044
0.038472 -0.0119487 0.353637 -0.462405
0.0286114 -0.00806783 0.262768 0.26718
0.0300225 -0.0093129 0.288925 0.0120028
0.0540622 -0.0194708 0.517212 -2.21657
0.0220098 -0.00683679 0.252618 0.384222
0.0369127 -0.0112479 0.321751 -0.494751
0.0502221 -0.0135528 0.41665 -0.95721
0.0214569 0.000397805 0.176392 0.692645
0.0744911 -0.0223746 0.724672 -3.94417
0.0280152 -0.00796419 0.258886 0.00974484
0.0272529 -0.00912528 0.268404 0.010153
0.0744911 -0.0223746 0.724672 -3.94417
0.0344829 -0.00560145 0.267273 0.0108722
0.0459482 -0.014216 0.416806 -1.12978
0.027761 -0.00443324 0.211922 0.296702
0.0453189 -0.0173205 0.4356 -1.11745
0.0170791 -0.0067887 0.211159 0.412815
0.0292479 -0.00892376 0.27616 0.0108772
0.0283717 -0.00945732 0.279336 0.0110481
0.033681 -0.0120472 0.345092 -0.342674
0.0151603 -0.00547192 0.20946 0.498032
0.0296976 -0.0102668 0.307594 -0.404276
0.0310773 -0.0068116 0.264001 0.0104342
0.0319537 -0.00627818 0.260829 0.0102227
0.0283035 -0.00662149 0.243423 0.00872762
0.0361383 -0.0120519 0.351586 -0.975985
0.0416054 -0.0140466 0.377148 -1.26913
0.0200815 -0.00370559 0.190437 0.541711
0.0588132 -0.0159927 0.523653 -3.04894
0.0622367 -0.0191553 0.589278 -3.22638
0.0258352 -0.00737618 0.238397 0.00826651
0.0425084 -0.0137124 0.361778 -1.0138
0.022115 -0.00754023 0.219424 0.297676
0.0292479 -0.00892376 0.27616 0.0108772
0.0632065 -0.0159873 0.560007 -3.27657
0.0128602 -0.00312321 0.17134 0.744676
0.0308427 -0.00893767 0.283395 -0.433001
0.264104 -0.0431253 -0.106991 -0.267732
0.0569512 -0.0127606 0.429235 -1.87862
0.0372007 -0.0089069 0.331817 -0.822996
0.0308337 -0.00594545 0.249881 0.00935369
0.0258352 -0.00737618 0.238397 0.00826651
0.0128602 -0.00312321 0.17134 0.744676
0.0257456 -0.00674646 0.2319 0.00798219
0.0214594 -0.00491693 0.19244 0.452199
0.0331234 -0.00986181 0.31767 -0.428465
0.0143924 -0.00456935 0.167551 0.647839
0.0312185 -0.00746818 0.271396 0.248156
0.0526855 -0.0170371 0.480726 -1.599
0.0469186 -0.0147513 0.443353 -0.992688
0.0250307 -0.00383722 0.233168 0.489428
0.019869 -0.00620183 0.218638 0.393402
0.0283717 -0.00945732 0.279336 0.0110481
0.0321607 -0.00958459 0.317905 -0.319019
0.0400376 -0.0127136 0.387579 -0.448105
0.0242092 -0.00210201 0.173278 0.50489
0.0232499 -0.00318085 0.197393 0.517993
0.0531744 -0.0226117 0.560298 -2.9021
0.0209325 -0.00517221 0.194663 0.361948
0.0296678 -0.00782093 0.268501 0.0106333
0.024061 -0.00287371 0.193255 0.602727
0.0330727 -0.00661028 0.271763 0.0111275
0.0192006 -0.00481707 0.21541 0.543751
0.0302009 -0.00734528 0.267176 0.0106361
0.0186776 -0.00263657 0.150569 0.691534
0.0296019 -0.0104151 0.296573 0.0122338
0.0268946 -0.00763107 0.24793 0.00890139
0.0367015 -0.0116271 0.35685 -0.371365
0.0267433 -0.00559056 0.240821 0.301746
0.0302862 -0.00462705 0.241853 0.387089
0.0213642 -0.00369007 0.241937 0.69302
0.281418 -0.0463871 -0.121672 -0.27673
0.0302009 -0.00734528 0.267176 0.0106361
0.0258442 -0.0101351 0.272915 0.0102708
0.280192 -0.0534107 -0.106054 -0.301577
0.0417524 -0.0126291 0.401216 -0.961341
0.0286114 -0.00806783 0.262768 0.26718
0.0419616 -0.0115918 0.364672 -0.489362
0.029781 -0.00844784 0.274832 0.0108918
0.0350714 -0.00914261 0.329659 -0.34946
0.0300225 -0.0093129 0.288925 0.0120028
0.0450049 -0.0136829 0.391607 -1.31327
0.0308337 -0.00594545 0.249881 0.00935369
-2.52296 0.180497 16.9178 -5.22924
0.0644574 -0.0250916 0.59623 -1.60871
0.0620668 -0.0191782 0.544698 -1.6497
6.37322 -0.541943 -44.0396 -6.57881
-4.26579 0.270066 37.5045 -7.48875
0.280746 -0.0406707 0.0158134 -0.336815
0.023231 -0.00102283 0.254504 0.765238
0.0436764 -0.00882593 0.359521 0.0191742
0.0294243 -0.00695472 0.254382 0.0095658
-0.0975487 0.0129504 0.388808 0.120972
0.0357386 -0.0109437 0.322137 -0.378053
0.0415294 -0.0170592 0.403359 -0.835116
0.0350753 -0.00795582 0.301733 0.0135663
0.0526954 -0.013449 0.443564 -1.19504
0.0365361 -0.0097717 0.332908 0.016205
0.0602016 -0.012766 0.478473 -2.66976
