0.0357668 -0.00938587 0.320225 0.014898
0.0535021 -0.01311 0.428041 -0.977826
0.0426991 -0.0115642 0.364824 -0.403603
-9.2072 0.671444 65.8755 -6.30452
-13.5062 1.18149 74.4104 -4.63709
0.0692451 -0.0123874 0.492473 -1.18243
0.0532705 -0.0104576 0.396727 -0.474037
0.0496334 -0.00756478 0.371239 -0.360789
0.047507 -0.00867372 0.394844 -0.334094
0.0909411 -0.021702 0.797329 -3.78099
0.047507 -0.00867372 0.394844 -0.334094
3.35538 -0.349274 -16.2858 -4.06553
0.316804 -0.099807 -0.206889 -0.553741
0.03619 -0.00828542 0.312609 0.014594
0.0462079 -0.0111961 0.375607 -0.428801
0.0727075 -0.0184566 0.622302 -2.55001
0.0565313 -0.0164814 0.480599 -1.25057
0.0346528 -0.00905687 0.309359 0.0138627
0.044043 -0.0141433 0.391475 -0.503626
0.0497331 -0.0108274 0.386236 -0.452221
-0.305532 0.0518442 0.619578 0.423715
0.0496334 -0.00756478 0.371239 -0.360789
0.0462079 -0.0111961 0.375607 -0.428801
0.0567191 -0.0126449 0.438863 -0.993104
0.0531412 -0.011123 0.423675 -0.739978
0.0497331 -0.0108274 0.386236 -0.452221
0.0635825 -0.0158036 0.506243 -1.29598
2.48104 -0.263227 -12.3163 -4.96415
0.30421 -0.0428931 -0.106155 -0.33905
0.0444436 -0.00909321 0.383353 -0.308928
0.0672154 -0.0154895 0.519495 -1.32134
0.0616732 -0.0126976 0.470915 -0.770259
0.0419616 -0.0115918 0.364672 -0.489362
0.0426991 -0.0115642 0.364824 -0.403603
0.0419616 -0.0115918 0.364672 -0.489362
0.0549474 -0.0135226 0.448161 -0.727296
0.0547944 -0.0104095 0.418174 -1.0451
0.0441056 -0.00866055 0.349395 -0.412294
0.0319537 -0.00627818 0.260829 0.0102227
0.0502221 -0.0135528 0.41665 -0.95721
0.0531412 -0.011123 0.423675 -0.739978
0.0593411 -0.0126394 0.469278 -1.24704
0.0412395 -0.00692617 0.325372 0.0161839
0.0462079 -0.0111961 0.375607 -0.428801
0.0680388 -0.0153419 0.506833 -1.13638
0.0433376 -0.00734475 0.339326 0.0173659
0.0460903 -0.00752137 0.359604 0.0196738
0.0708654 -0.0151777 0.532688 -1.34555
0.0267433 -0.00559056 0.240821 0.301746
0.0267433 -0.00559056 0.240821 0.301746
0.0300225 -0.0093129 0.288925 0.0120028
0.0441056 -0.00866055 0.349395 -0.412294
0.0441056 -0.00866055 0.349395 -0.412294
0.0478464 -0.0110662 0.38895 -0.953043
0.0459482 -0.014216 0.416806 -1.12978
0.0323087 -0.00777018 0.281256 0.0116227
0.0476001 -0.00828368 0.359961 -0.437061
0.0547944 -0.0104095 0.418174 -1.0451
0.0560283 -0.0130482 0.456538 -1.22251
0.0454693 -0.0112066 0.374772 -0.509352
0.0489817 -0.0108215 0.384817 -0.528219
0.0374134 -0.00923862 0.329751 0.0159718
0.0441056 -0.00866055 0.349395 -0.412294
0.0653347 -0.0149758 0.506321 -1.71472
0.0403579 -0.0108612 0.332273 -0.519366
0.0320157 -0.00911011 0.296656 0.0127778
0.0468694 -0.0139686 0.404622 -0.930441
0.0384785 -0.00674398 0.304973 0.0140773
0.0645366 -0.0125888 0.482821 -1.84454
0.0507356 -0.00969402 0.363125 -0.58231
0.0350714 -0.00914261 0.329659 -0.34946
0.0572035 -0.0132171 0.452365 -1.76642
0.0598852 -0.012163 0.449229 -1.00414
0.077051 -0.0181326 0.625272 -2.31726
0.0410043 -0.00606509 0.311371 0.0148148
0.0414135 -0.00951472 0.371702 -0.282082
0.0489817 -0.0108215 0.384817 -0.528219
0.0406319 -0.00903814 0.338689 -0.385694
0.0512594 -0.0142508 0.449645 -0.88196
0.0441056 -0.00866055 0.349395 -0.412294
0.0426991 -0.0115642 0.364824 -0.403603
0.0353649 -0.00694449 0.279353 0.286955
0.0357668 -0.00938587 0.320225 0.014898
0.0547439 -0.0111896 0.430055 -0.456243
0.0790685 -0.0150967 0.594243 -2.14739
0.0708654 -0.0151777 0.532688 -1.34555
0.0515273 -0.0139153 0.436415 -0.701945
0.0735204 -0.01847 0.610122 -2.2961
0.0476001 -0.00828368 0.359961 -0.437061
0.0657699 -0.0130055 0.492475 -1.36925
0.0531412 -0.011123 0.423675 -0.739978
0.0376012 -0.00727693 0.30813 0.0143361
0.0412395 -0.00692617 0.325372 0.0161839
0.0649027 -0.0186117 0.552825 -1.62916
0.0635825 -0.0158036 0.506243 -1.29598
0.0444436 -0.00909321 0.383353 -0.308928
0.0233949 -0.00674789 0.24966 0.452505
0.0323087 -0.00777018 0.281256 0.0116227
0.038472 -0.0119487 0.353637 -0.462405
0.0410043 -0.00606509 0.311371 0.0148148
0.0469686 -0.0082513 0.357111 -0.510127
0.0373632 -0.0064142 0.29409 0.0130613
0.0283717 -0.00945732 0.279336 0.0110481
0.0350714 -0.00914261 0.329659 -0.34946
0.0735896 -0.0184412 0.648785 -3.3545
0.0526954 -0.013449 0.443564 -1.19504
0.0608591 -0.0129038 0.467875 -1.80874
0.0535767 -0.0135252 0.436234 -1.71704
0.0441056 -0.00866055 0.349395 -0.412294
0.0346528 -0.00905687 0.309359 0.0138627
0.0371778 -0.00837739 0.315745 0.0146649
0.0359523 -0.00742265 0.29857 0.0133315
0.0425233 -0.0145785 0.403045 -1.09177
0.0285482 -0.00748835 0.257558 0.00975283
0.0369127 -0.0112479 0.321751 -0.494751
0.0441056 -0.00866055 0.349395 -0.412294
0.0486726 -0.00712901 0.335777 -0.569322
0.0513669 -0.0107694 0.404591 -1.00804
0.0321607 -0.00958459 0.317905 -0.319019
0.0406319 -0.00903814 0.338689 -0.385694
0.0406319 -0.00903814 0.338689 -0.385694
0.0350714 -0.00914261 0.329659 -0.34946
0.041805 -0.00792388 0.31543 -0.526382
0.0310773 -0.0068116 0.264001 0.0104342
0.0372518 -0.0057885 0.287782 0.0127458
0.0403579 -0.0108612 0.332273 -0.519366
0.0493372 -0.013839 0.430322 -1.16421
0.0438116 -0.0104733 0.342663 -0.542005
0.0308989 -0.00877932 0.285752 0.0118171
0.0521036 -0.0164786 0.454092 -1.65321
0.0350714 -0.00914261 0.329659 -0.34946
0.0535021 -0.01311 0.428041 -0.977826
0.0421849 -0.00614507 0.322827 -0.392401
0.0370117 -0.00492453 0.273713 0.0115138
0.0294243 -0.00695472 0.254382 0.0095658
0.0348361 -0.0070923 0.287675 0.0123458
0.0593411 -0.0126394 0.469278 -1.24704
0.0489817 -0.0108215 0.384817 -0.528219
0.0414135 -0.00951472 0.371702 -0.282082
0.0535021 -0.01311 0.428041 -0.977826
0.0385249 -0.00956611 0.340582 0.017076
0.0359523 -0.00742265 0.29857 0.0133315
0.0630559 -0.0157498 0.516366 -2.07138
0.0454693 -0.0112066 0.374772 -0.509352
0.0468694 -0.0139686 0.404622 -0.930441
0.0334258 -0.00810109 0.292163 0.012578
0.0373632 -0.0064142 0.29409 0.0130613
0.0593411 -0.0126394 0.469278 -1.24704
0.036592 -0.0061817 0.311493 -0.33913
0.0322063 -0.00438593 0.240487 0.00900964
0.0349666 -0.00871721 0.294689 -0.476067
0.0322063 -0.00438593 0.240487 0.00900964
0.0441056 -0.00866055 0.349395 -0.412294
0.0441056 -0.00866055 0.349395 -0.412294
0.0368293 -0.00688974 0.295411 0.0130877
0.0344829 -0.00560145 0.267273 0.0108722
0.0526954 -0.013449 0.443564 -1.19504
0.0406319 -0.00903814 0.338689 -0.385694
0.0630559 -0.0157498 0.516366 -2.07138
0.0347241 -0.00646618 0.28136 0.0120494
0.0296678 -0.00782093 0.268501 0.0106333
0.0298612 -0.00888533 0.300667 0.198013
0.0323087 -0.00777018 0.281256 0.0116227
0.0462079 -0.0111961 0.375607 -0.428801
0.0469686 -0.0082513 0.357111 -0.510127
0.0406319 -0.00903814 0.338689 -0.385694
0.0334258 -0.00810109 0.292163 0.012578
0.0419616 -0.0115918 0.364672 -0.489362
0.0441056 -0.00866055 0.349395 -0.412294
0.0421849 -0.00614507 0.322827 -0.392401
0.0454693 -0.0112066 0.374772 -0.509352
0.0344829 -0.00560145 0.267273 0.0108722
0.0337723 -0.00665805 0.300293 -0.311549
0.0317754 -0.00824598 0.282582 0.0116219
0.0478464 -0.0110662 0.38895 -0.953043
0.0443696 -0.0114147 0.375612 -0.91413
0.0319537 -0.00627818 0.260829 0.0102227
0.0408616 -0.0117511 0.362143 -0.872325
0.0458678 -0.0144117 0.424166 -1.32712
0.0434968 -0.00865419 0.347368 -0.491794
0.036592 -0.0061817 0.311493 -0.33913
0.0478464 -0.0110662 0.38895 -0.953043
0.0408616 -0.0117511 0.362143 -0.872325
0.0308337 -0.00594545 0.249881 0.00935369
0.0383993 -0.00829433 0.304225 -0.495507
0.0337723 -0.00665805 0.300293 -0.311549
0.0383993 -0.00829433 0.304225 -0.495507
0.0294243 -0.00695472 0.254382 0.0095658
0.0400289 -0.00905642 0.33755 -0.472132
0.0296678 -0.00782093 0.268501 0.0106333
0.0319537 -0.00627818 0.260829 0.0102227
0.036592 -0.0061817 0.311493 -0.33913
0.0192006 -0.00481707 0.21541 0.543751
0.029781 -0.00844784 0.274832 0.0108918
0.0321607 -0.00958459 0.317905 -0.319019
0.0373632 -0.0064142 0.29409 0.0130613
0.0452364 -0.00752662 0.325643 -0.548645
0.0434968 -0.00865419 0.347368 -0.491794
0.0283717 -0.00945732 0.279336 0.0110481
0.0535767 -0.0135252 0.436234 -1.71704
0.0450175 -0.0103749 0.37225 -1.32218
0.0310773 -0.0068116 0.264001 0.0104342
0.0443696 -0.0114147 0.375612 -0.91413
0.0285482 -0.00748835 0.257558 0.00975283
0.0476001 -0.00828368 0.359961 -0.437061
0.0454693 -0.0112066 0.374772 -0.509352
0.0454693 -0.0112066 0.374772 -0.509352
0.0384785 -0.00674398 0.304973 0.0140773
0.0350714 -0.00914261 0.329659 -0.34946
0.0323087 -0.00777018 0.281256 0.0116227
0.0250307 -0.00383722 0.233168 0.489428
0.0395403 -0.00424744 0.28015 0.0121453
0.036592 -0.0061817 0.311493 -0.33913
0.036592 -0.0061817 0.311493 -0.33913
0.0283035 -0.00662149 0.243423 0.00872762
0.0308337 -0.00594545 0.249881 0.00935369
0.0406319 -0.00903814 0.338689 -0.385694
0.0359523 -0.00742265 0.29857 0.0133315
0.0608591 -0.0129038 0.467875 -1.80874
0.0334258 -0.00810109 0.292163 0.012578
0.0478464 -0.0110662 0.38895 -0.953043
0.0483597 -0.0133001 0.405651 -1.35156
0.0350714 -0.00914261 0.329659 -0.34946
0.0321961 -0.00714366 0.274933 0.0113451
0.0454693 -0.0112066 0.374772 -0.509352
0.0371778 -0.00837739 0.315745 0.0146649
0.0399366 -0.00855799 0.336112 0.0168182
0.0583284 -0.0131162 0.459653 -0.749978
0.0421849 -0.00614507 0.322827 -0.392401
0.0513669 -0.0107694 0.404591 -1.00804
0.027761 -0.00443324 0.211922 0.296702
0.0294164 -0.00504713 0.25109 0.268323
0.0373632 -0.0064142 0.29409 0.0130613
0.0372518 -0.0057885 0.287782 0.0127458
0.0384785 -0.00674398 0.304973 0.0140773
0.0250307 -0.00383722 0.233168 0.489428
0.0336214 -0.0048581 0.259237 0.242567
0.0347241 -0.00646618 0.28136 0.0120494
0.0348361 -0.0070923 0.287675 0.0123458
0.0348361 -0.0070923 0.287675 0.0123458
0.0374134 -0.00923862 0.329751 0.0159718
0.024584 -0.00240928 0.228609 0.619033
0.0739258 -0.0183243 0.592425 -2.01749
0.0511095 -0.00790703 0.370408 -0.460187
0.0818696 -0.0118352 0.548816 -0.995112
0.0947554 -0.0198802 0.722993 -2.01189
0.0659181 -0.0121637 0.473407 -0.658814
0.0464818 -0.00261307 0.333457 0.216652
0.0332502 -0.00464194 0.249999 0.00968731
0.0602016 -0.012766 0.478473 -2.66976
0.0289833 -0.00235058 0.22026 0.427589
0.0406319 -0.00903814 0.338689 -0.385694
0.0376826 -0.00428833 0.266171 0.290593
0.0408144 -0.00802539 0.332964 0.0165518
0.223903 -0.0341293 0.0537134 -0.247226
0.0476001 -0.00828368 0.359961 -0.437061
