0.458275 -0.0783844 -0.317065 -0.718479
0.285911 -0.0461291 -0.0330518 -0.358587
-8.32986 0.54873 67.7635 -7.12427
-0.107445 -0.00661015 -0.564526 -5.68527
-0.107445 -0.00661015 -0.564526 -5.68527
-7.15301 0.46273 60.7807 -7.38641
-0.235865 0.0658377 -0.00177987 2.00628
-1.06668 0.0142316 9.35843 -5.37207
3.78791 -0.33386 -24.8927 -6.54484
0.0778679 -0.0216904 0.642109 -1.54157
6.26551 -0.514756 -45.228 -6.96244
-0.233611 0.00696748 0.0214544 1.94404
-0.107445 -0.00661015 -0.564526 -5.68527
0.868144 -0.126332 -1.49582 -1.39343
0.276517 -0.0631175 0.135725 -1.40444
0.890391 -0.169438 -1.07207 -1.15503
0.32709 -0.0532695 -0.0851691 -0.42865
0.0612322 -0.0187653 0.530357 -1.41478
0.0333878 -0.0156635 0.395337 -0.33567
11.242 -0.780851 -108.66 -9.46147
0.983165 -0.169503 -2.3517 -3.09405
0.086181 -0.0200365 0.684127 -2.2713
0.0380998 -0.0106654 0.348176 0.0173863
0.25758 -0.0377847 0.0430874 -0.31567
0.0454641 -0.00972783 0.416108 -0.299144
0.278203 -0.0408982 -0.0264396 -0.299198
0.0570289 -0.0123723 0.426096 -0.80106
8.28033 -0.735852 -50.132 -5.49261
5.5906 -0.591243 -24.521 -3.60369
0.408593 -0.0652467 -0.223872 -0.55845
0.253842 -0.0417963 0.118304 -0.330942
0.264975 -0.03703 0.0695385 -0.326558
0.0612322 -0.0187653 0.530357 -1.41478
0.080849 -0.0246639 0.738038 -3.28322
0.234957 -0.0410637 0.00998052 -0.259438
0.0616636 -0.0142856 0.461366 -0.794176
4.32269 -0.410153 -24.6941 -5.37391
0.259123 -0.0378819 -0.0445803 -0.254988
0.262688 -0.0452145 -0.0658558 -0.284528
0.322539 -0.0499546 -0.139377 -0.360968
0.256175 -0.040978 0.0748083 -0.322326
0.219184 -0.0363701 0.138516 -0.273822
0.26018 -0.0412938 0.0532484 -0.331844
2.7989 -0.290233 -12.8663 -4.28804
0.211655 -0.0337208 0.00540964 2.04757
0.243475 -0.0375636 0.0219466 -0.259795
0.291239 -0.0450204 -0.00384077 -0.369249
0.274149 -0.0407379 0.0150315 -0.324995
0.20813 -0.0369808 0.0695778 -0.233795
0.274962 -0.045978 -0.0749788 -0.303331
0.055066 -0.0214871 0.507814 -1.50518
0.255283 -0.0411322 0.0130804 -0.292349
0.0707037 -0.0188109 0.613872 -2.96441
0.255283 -0.0411322 0.0130804 -0.292349
0.229189 -0.0412835 0.00833211 -0.250323
0.245215 -0.0438113 0.0439123 -0.28487
0.223092 -0.0332799 0.0816949 -0.242921
0.274026 -0.041707 0.00332246 -0.323632
0.224212 -0.0330688 0.0571512 -0.215048
0.0379909 -0.0100415 0.341903 0.0170703
0.0577606 -0.0119186 0.399622 -0.528044
0.0461692 -0.014836 0.425313 -0.41055
0.0849561 -0.0245452 0.757008 -3.31269
0.075591 -0.0239336 0.628765 -1.51714
0.0551332 -0.019379 0.493048 -1.1842
0.0586539 -0.0211534 0.520543 -1.52366
0.0635113 -0.025012 0.60818 -2.04622
0.0598921 -0.0160865 0.492182 -1.26419
0.0786172 -0.0217818 0.681556 -3.03266
0.217053 -0.0333683 0.0793187 -0.23383
0.0577378 -0.0185752 0.482966 -1.37907
0.21771 -0.0365972 0.091861 -0.244357
0.0734327 -0.017877 0.561562 -1.32552
0.0836035 -0.0203604 0.654178 -2.0265
0.0823004 -0.0232961 0.667076 -1.9415
0.375792 -0.0583741 -0.168307 -0.496728
11.546 -0.8462 -98.8714 -8.19787
0.291269 -0.0459965 -0.0953978 -0.330609
0.243057 -0.041077 0.0727203 -0.299157
0.0551308 -0.0187383 0.484749 -0.677075
0.0443189 -0.0137812 0.386724 -0.306972
0.0741946 -0.0240116 0.65394 -2.12242
0.223957 -0.0401117 0.0658778 -0.271813
0.412558 -0.0629748 -0.22466 -0.591675
2.45935 -0.256618 -11.5158 -4.54569
0.0754351 -0.0147609 0.534663 -1.19862
0.0691479 -0.0220595 0.616324 -1.82577
0.0765493 -0.0214553 0.646535 -1.88204
0.0759928 -0.0205785 0.591668 -1.31609
0.0920576 -0.0240397 0.772234 -2.73749
0.274026 -0.041707 0.00332246 -0.323632
0.311016 -0.0493077 -0.0640674 -0.382556
0.0596827 -0.0190774 0.531748 -0.672669
0.0431333 -0.0119887 0.397947 -0.30101
0.297628 -0.0456878 -0.0305258 -0.381283
0.0698312 -0.0181712 0.547142 -1.29568
0.304192 -0.0507236 -0.120372 -0.362728
0.0747671 -0.0279867 0.732562 -2.76837
0.0453189 -0.0173205 0.4356 -1.11745
0.217053 -0.0333683 0.0793187 -0.23383
0.0502221 -0.0135528 0.41665 -0.95721
0.284701 -0.0424804 -0.0665036 -0.307388
0.0415294 -0.0170592 0.403359 -0.835116
0.310006 -0.0504844 -0.119416 -0.374401
0.232735 -0.0337385 0.0137331 -0.233373
0.0749166 -0.0211259 0.655482 -2.47602
0.0831406 -0.0220802 0.749595 -3.65682
0.0726377 -0.0215971 0.66958 -3.23494
0.0684153 -0.0180893 0.555122 -1.44834
0.0425863 -0.0151986 0.414871 -0.389282
0.0829152 -0.0276804 0.773129 -2.86295
0.22787 -0.0399621 0.0865601 -0.274608
0.0569489 -0.0186302 0.494101 -1.59111
0.0504209 -0.019472 0.471808 -1.58501
0.0631159 -0.0251246 0.666686 -3.37566
0.241678 -0.0413104 0.0254132 -0.267239
0.0520969 -0.0155725 0.425735 -0.725598
0.232735 -0.0337385 0.0137331 -0.233373
0.0474707 -0.0188372 0.426456 -0.664987
0.205977 -0.0334587 0.0592819 -0.220514
0.0892946 -0.0249116 0.873172 -4.28401
0.0484571 -0.0137462 0.40145 -0.442614
0.217489 -0.0336143 0.0164053 -0.210921
0.264085 -0.0422256 -0.0814518 -0.271917
0.0428286 -0.0156183 0.448702 -0.30187
0.324978 -0.0542547 -0.157268 -0.375943
0.0726377 -0.0215971 0.66958 -3.23494
0.068465 -0.0217787 0.611818 -2.18346
0.0764289 -0.0282467 0.7409 -3.15359
0.0442137 -0.0201115 0.460341 -0.752377
0.0598141 -0.0253187 0.593237 -2.02027
0.0662746 -0.0178509 0.495952 -1.23393
-0.107445 -0.00661015 -0.564526 -5.68527
-0.107445 -0.00661015 -0.564526 -5.68527
-0.107445 -0.00661015 -0.564526 -5.68527
-0.107445 -0.00661015 -0.564526 -5.68527
0.0861884 -0.0230751 0.685256 -1.98629
0.380343 -0.0576757 -0.181631 -0.506918
0.0583284 -0.0131162 0.459653 -0.749978
0.3857 -0.059244 -0.219918 -0.50877
0.388754 -0.0681728 -0.157948 -0.583829
0.0561409 -0.0199426 0.520782 -1.06802
0.049958 -0.0167222 0.449119 -0.666822
0.077847 -0.0237114 0.670251 -2.15343
0.0493854 -0.0169681 0.461136 -0.828612
0.240948 -0.0410771 0.0126235 -0.269252
0.0692434 -0.0244387 0.669973 -2.61305
1.36862 -0.171057 -4.29502 -3.08383
-0.107445 -0.00661015 -0.564526 -5.68527
-0.107445 -0.00661015 -0.564526 -5.68527
-0.107445 -0.00661015 -0.564526 -5.68527
-0.107445 -0.00661015 -0.564526 -5.68527
0.265877 -0.038385 -0.0152112 0.543172
0.0739258 -0.0183243 0.592425 -2.01749
0.233292 -0.0368996 0.0257669 -0.244601
0.0891099 -0.0244075 0.7984 -3.51964
0.0592512 -0.0212888 0.50087 -0.567988
0.0400257 -0.0123904 0.38614 -0.273766
0.0677447 -0.0206906 0.539657 -1.41287
0.0735219 -0.0241482 0.673762 -2.39118
0.324978 -0.0542547 -0.157268 -0.375943
0.0355906 -0.015655 0.387945 -0.234991
0.0514779 -0.0196815 0.479367 -1.1528
0.0718965 -0.024242 0.614277 -1.48909
-0.107445 -0.00661015 -0.564526 -5.68527
-0.107445 -0.00661015 -0.564526 -5.68527
-0.107445 -0.00661015 -0.564526 -5.68527
-0.107445 -0.00661015 -0.564526 -5.68527
0.0825314 -0.0215726 0.700486 -3.07002
0.0616636 -0.0142856 0.461366 -0.794176
0.288529 -0.0428175 -0.0875572 -0.312478
0.0489817 -0.0108215 0.384817 -0.528219
0.0334793 -0.0109279 0.327873 0.0152989
0.0806398 -0.0252826 0.856252 -4.66713
0.218608 -0.036054 0.0533086 -0.220309
0.326489 -0.0513451 -0.17315 -0.361218
0.068465 -0.0217787 0.611818 -2.18346
0.0516586 -0.0199968 0.49305 -1.371
0.0545312 -0.0215553 0.517478 -1.71237
0.0368795 -0.0097141 0.331073 0.0159673
-0.107445 -0.00661015 -0.564526 -5.68527
-0.107445 -0.00661015 -0.564526 -5.68527
-0.107445 -0.00661015 -0.564526 -5.68527
-0.107445 -0.00661015 -0.564526 -5.68527
0.0513035 -0.0157547 0.438046 -0.902128
0.0666636 -0.0192044 0.578183 -2.23768
0.0685402 -0.0220389 0.634648 -2.51578
0.0341193 -0.00953263 0.310685 0.0138542
0.0587956 -0.0190765 0.506651 -1.21398
0.0355192 -0.0145551 0.371709 -0.362377
0.0775992 -0.0253912 0.768665 -3.85319
0.226661 -0.0407205 0.0757122 -0.272747
0.0262979 -0.0107297 0.2761 0.263675
0.0355192 -0.0145551 0.371709 -0.362377
0.040676 -0.0173995 0.418689 -1.04665
0.0795069 -0.0245441 0.728243 -2.87074
-2.26662 0.143473 17.4983 -6.12847
0.0453895 -0.0108748 0.373324 -0.320149
0.0415294 -0.0170592 0.403359 -0.835116
0.0666636 -0.0192044 0.578183 -2.23768
0.0525033 -0.01802 0.459622 -0.852947
0.0344829 -0.00560145 0.267273 0.0108722
0.035601 -0.00593302 0.278195 0.0118074
0.0307178 -0.0107453 0.307465 0.0132091
0.217053 -0.0333683 0.0793187 -0.23383
0.0611048 -0.0181697 0.494723 -1.39245
0.077102 -0.0237845 0.686365 -2.39351
0.250425 -0.0379658 -0.0203128 -0.273034
0.0647772 -0.0222781 0.613449 -2.4496
0.0536423 -0.0190393 0.482842 -1.58699
0.233429 -0.0439838 0.0261261 -0.269094
0.0462079 -0.0111961 0.375607 -0.428801
0.064045 -0.0217735 0.595489 -2.62658
0.0714175 -0.0242157 0.619648 -1.8493
0.0608181 -0.0222016 0.582274 -2.6285
8.42732 -0.686089 -61.7152 -6.9244
0.0653347 -0.0149758 0.506321 -1.71472
0.233292 -0.0368996 0.0257669 -0.244601
0.0520046 -0.0133816 0.412086 -0.464576
0.224642 -0.0373449 0.0657886 -0.258889
0.068465 -0.0217787 0.611818 -2.18346
0.269308 -0.0459245 -0.0921299 -0.292365
0.0551332 -0.019379 0.493048 -1.1842
0.0614402 -0.0188323 0.546912 -2.26692
0.280082 -0.048685 0.00676518 -0.361577
0.316671 -0.0538574 -0.0906285 -0.40514
0.0640934 -0.0215508 0.559616 -1.39314
-1.71347 0.101218 12.813 -5.32532
0.0786172 -0.0217818 0.681556 -3.03266
0.0866369 -0.0214156 0.721179 -3.12088
0.231912 -0.0414074 -0.0112275 -0.255447
0.0714605 -0.0214906 0.641242 -2.46531
0.0892946 -0.0249116 0.873172 -4.28401
0.0674705 -0.0211251 0.570306 -1.39897
0.0484562 -0.0115363 0.400865 -0.223375
0.0763328 -0.0215675 0.687871 -2.9115
0.0913993 -0.028802 0.96304 -5.11644
0.0775992 -0.0253912 0.768665 -3.85319
0.0420531 -0.0152555 0.414301 -0.463291
0.223957 -0.0401117 0.0658778 -0.271813
0.0461692 -0.014836 0.425313 -0.41055
0.0561409 -0.0199426 0.520782 -1.06802
0.327468 -0.0509807 -0.127779 -0.407239
0.717125 -0.105373 -1.1086 -1.58394
7.56624 -0.561414 -65.5115 -8.51981
0.0949437 -0.0196243 0.702807 -1.78473
7.52747 -0.577365 -60.8022 -7.82626
-4.86327 0.290856 42.2051 -7.27323
0.245215 -0.0438113 0.0439123 -0.28487
3.29087 -0.318979 -19.6434 -5.82322
0.0520969 -0.0155725 0.425735 -0.725598
0.0316001 -0.0117577 0.32648 0.0147083
9.79055 -0.708537 -88.6299 -8.80941
0.0918822 -0.0305939 0.853564 -3.32125
0.324543 -0.0471236 -0.155695 -0.347871
0.0756163 -0.0211203 0.642118 -2.22968
