0.0453189 -0.0173205 0.4356 -1.11745
0.0472224 -0.016841 0.454913 -1.30906
0.0453189 -0.0173205 0.4356 -1.11745
-0.179245 -0.0212427 0.533256 0.104772
4.07142 -0.350394 -27.9174 -6.15508
0.0598921 -0.0160865 0.492182 -1.26419
0.0440407 -0.0149863 0.424148 -0.812553
0.0440407 -0.0149863 0.424148 -0.812553
0.0298612 -0.00888533 0.300667 0.198013
0.036951 -0.0130476 0.378701 -0.351336
0.0332425 -0.0100657 0.313848 0.014058
-4.62131 0.312899 37.6124 -7.45518
-0.284842 0.0330139 -0.0310054 3.23195
0.0453189 -0.0173205 0.4356 -1.11745
0.0404338 -0.0153137 0.411273 -0.77779
0.0308989 -0.00877932 0.285752 0.0118171
0.03699 -0.0148969 0.370901 -0.461871
0.0287256 -0.0109487 0.299746 0.0123968
0.0380026 -0.0137217 0.346295 -0.590195
-5.67882 0.363757 47.213 -7.19863
0.0384904 -0.0133271 0.418995 -0.722213
0.0371778 -0.00837739 0.315745 0.0146649
0.0321275 -0.00973608 0.302968 0.0130521
0.0647772 -0.0222781 0.613449 -2.4496
0.0405132 -0.0145204 0.381234 -0.483429
0.0196612 -0.00756066 0.246217 0.391154
0.0477477 -0.0165243 0.441591 -1.09683
-4.28844 0.257377 39.3884 -8.10336
0.222189 -0.0384784 0.0164462 -0.258287
0.0323658 -0.010599 0.317014 0.0142523
0.0344665 -0.0110195 0.331002 0.0153876
0.0476299 -0.0146527 0.436993 -0.845794
0.0274956 -0.00999112 0.282514 0.0112094
0.033681 -0.0120472 0.345092 -0.342674
0.0472224 -0.016841 0.454913 -1.30906
0.0502221 -0.0135528 0.41665 -0.95721
0.0296678 -0.00782093 0.268501 0.0106333
0.0268946 -0.00763107 0.24793 0.00890139
0.0256002 -0.00926871 0.258789 0.00926612
0.0276159 -0.0093738 0.272965 -0.405448
0.0598765 -0.018405 0.521096 -1.85859
0.0308989 -0.00877932 0.285752 0.0118171
0.038472 -0.0119487 0.353637 -0.462405
0.0292479 -0.00892376 0.27616 0.0108772
0.033776 -0.00959001 0.312522 0.0140751
0.036951 -0.0130476 0.378701 -0.351336
0.0513035 -0.0157547 0.438046 -0.902128
0.0400257 -0.0123904 0.38614 -0.273766
0.0256002 -0.00926871 0.258789 0.00926612
0.0211463 -0.00848381 0.240447 0.353233
0.0315201 -0.0127391 0.333519 -0.418554
0.0459482 -0.014216 0.416806 -1.12978
0.0408616 -0.0117511 0.362143 -0.872325
0.0260187 -0.00816489 0.251112 0.00906391
0.0345596 -0.0141193 0.336241 -0.571039
0.0354842 -0.0152065 0.373178 -0.990811
0.0554785 -0.0162907 0.481549 -1.96429
0.0434402 -0.0143549 0.391959 -0.897238
0.0349906 -0.0123441 0.343636 -0.441305
0.019869 -0.00620183 0.218638 0.393402
0.0541287 -0.0192666 0.497924 -1.87728
0.0368131 -0.0156358 0.398396 -0.74166
0.0281289 -0.00859169 0.265226 0.00998844
0.0308989 -0.00877932 0.285752 0.0118171
0.0390597 -0.0149263 0.389103 -1.05049
0.0315201 -0.0127391 0.333519 -0.418554
0.0256002 -0.00926871 0.258789 0.00926612
0.0267433 -0.00559056 0.240821 0.301746
0.0383993 -0.00829433 0.304225 -0.495507
0.0459482 -0.014216 0.416806 -1.12978
0.0281289 -0.00859169 0.265226 0.00998844
0.0390597 -0.0149263 0.389103 -1.05049
0.0509125 -0.0160266 0.451683 -1.105
0.0367015 -0.0116271 0.35685 -0.371365
0.0323658 -0.010599 0.317014 0.0142523
0.0404338 -0.0153137 0.411273 -0.77779
0.03699 -0.0148969 0.370901 -0.461871
0.0283717 -0.00945732 0.279336 0.0110481
0.0349906 -0.0123441 0.343636 -0.441305
0.0307178 -0.0107453 0.307465 0.0132091
0.0284847 -0.0100842 0.285664 0.0112942
0.0290445 -0.0101867 0.285733 0.238622
0.03699 -0.0148969 0.370901 -0.461871
0.0535021 -0.01311 0.428041 -0.977826
0.0535021 -0.01311 0.428041 -0.977826
0.0565313 -0.0164814 0.480599 -1.25057
0.0405132 -0.0145204 0.381234 -0.483429
0.0577757 -0.0191602 0.532684 -2.24795
0.0425233 -0.0145785 0.403045 -1.09177
0.0286114 -0.00806783 0.262768 0.26718
0.0300225 -0.0093129 0.288925 0.0120028
0.0315201 -0.0127391 0.333519 -0.418554
0.0477477 -0.0165243 0.441591 -1.09683
0.0298414 -0.0112788 0.310637 0.0133789
0.0477477 -0.0165243 0.441591 -1.09683
0.0323658 -0.010599 0.317014 0.0142523
0.0256002 -0.00926871 0.258789 0.00926612
0.0256002 -0.00926871 0.258789 0.00926612
0.0258442 -0.0101351 0.272915 0.0102708
0.0476299 -0.0146527 0.436993 -0.845794
0.0308427 -0.00893767 0.283395 -0.433001
0.0268946 -0.00763107 0.24793 0.00890139
0.0319805 -0.0155413 0.359598 -0.949177
0.0216634 -0.0109557 0.256869 0.00859342
0.0361383 -0.0120519 0.351586 -0.975985
0.0296976 -0.0102668 0.307594 -0.404276
0.0514028 -0.0165977 0.471118 -2.16086
0.0233163 -0.0108126 0.26649 0.0094848
0.0349906 -0.0123441 0.343636 -0.441305
0.0258442 -0.0101351 0.272915 0.0102708
0.0315201 -0.0127391 0.333519 -0.418554
0.0296019 -0.0104151 0.296573 0.0122338
0.0280145 -0.0116955 0.297246 -0.508677
0.0230712 -0.00994551 0.252347 0.00853553
0.043166 -0.01684 0.423263 -1.53925
0.0308989 -0.00877932 0.285752 0.0118171
0.0321607 -0.00958459 0.317905 -0.319019
0.0331234 -0.00986181 0.31767 -0.428465
0.0327997 -0.0115889 0.30829 -0.554716
0.04822 -0.0169161 0.448876 -1.8699
0.0334797 -0.0116334 0.31107 -0.46785
0.0256002 -0.00926871 0.258789 0.00926612
0.0268946 -0.00763107 0.24793 0.00890139
0.0205669 -0.0106397 0.284702 -0.307679
0.019869 -0.00620183 0.218638 0.393402
0.0256673 -0.0121038 0.294686 0.0114867
0.0270758 -0.0110939 0.290172 0.0114073
0.0258442 -0.0101351 0.272915 0.0102708
0.0170791 -0.0067887 0.211159 0.412815
0.0280666 -0.0131343 0.323275 -0.394009
0.019869 -0.00620183 0.218638 0.393402
0.0521036 -0.0164786 0.454092 -1.65321
0.0294243 -0.00695472 0.254382 0.0095658
0.0464728 -0.0164434 0.437923 -1.57731
0.0230712 -0.00994551 0.252347 0.00853553
0.0327997 -0.0115889 0.30829 -0.554716
0.0459482 -0.014216 0.416806 -1.12978
0.0577757 -0.0191602 0.532684 -2.24795
0.0298414 -0.0112788 0.310637 0.0133789
0.0306894 -0.0124664 0.333103 -0.311431
0.0246795 -0.00826485 0.253113 0.300767
0.03699 -0.0148969 0.370901 -0.461871
0.0380026 -0.0137217 0.346295 -0.590195
0.0425233 -0.0145785 0.403045 -1.09177
0.0390597 -0.0149263 0.389103 -1.05049
0.0434402 -0.0143549 0.391959 -0.897238
0.0459482 -0.014216 0.416806 -1.12978
0.0438116 -0.0104733 0.342663 -0.542005
0.0308337 -0.00594545 0.249881 0.00935369
0.0256002 -0.00926871 0.258789 0.00926612
0.0256002 -0.00926871 0.258789 0.00926612
0.0327997 -0.0115889 0.30829 -0.554716
0.0331234 -0.00986181 0.31767 -0.428465
0.0283717 -0.00945732 0.279336 0.0110481
0.0256002 -0.00926871 0.258789 0.00926612
0.0256002 -0.00926871 0.258789 0.00926612
0.0306894 -0.0124664 0.333103 -0.311431
0.0283717 -0.00945732 0.279336 0.0110481
0.0211463 -0.00848381 0.240447 0.353233
0.0368334 -0.0119353 0.346061 -0.802401
0.0228981 -0.0119166 0.274171 0.00962824
0.0258442 -0.0101351 0.272915 0.0102708
0.0211463 -0.00848381 0.240447 0.353233
0.033681 -0.0120472 0.345092 -0.342674
0.033681 -0.0120472 0.345092 -0.342674
0.0256002 -0.00926871 0.258789 0.00926612
0.0258442 -0.0101351 0.272915 0.0102708
0.0233163 -0.0108126 0.26649 0.0094848
0.0464728 -0.0164434 0.437923 -1.57731
0.0206372 -0.00589367 0.213076 0.493587
0.022115 -0.00754023 0.219424 0.297676
0.0180118 -0.00891311 0.230526 0.388808
0.0221957 -0.0104795 0.255534 0.00865035
0.0219082 -0.0090634 0.236372 0.00767946
0.0327997 -0.0115889 0.30829 -0.554716
0.0370448 -0.014169 0.362849 -1.20587
0.022115 -0.00754023 0.219424 0.297676
0.0215449 -0.00903035 0.24278 0.27015
0.0256002 -0.00926871 0.258789 0.00926612
0.0425233 -0.0145785 0.403045 -1.09177
0.0388059 -0.0112625 0.337201 -1.15971
0.0327997 -0.0115889 0.30829 -0.554716
0.0233016 -0.00804657 0.231802 0.00759945
0.0216089 -0.00817455 0.222015 0.00683166
0.0360358 -0.0140305 0.366534 -1.39716
0.0233016 -0.00804657 0.231802 0.00759945
0.0134836 -0.00487124 0.174264 0.532752
0.0210672 -0.00960594 0.239564 0.00776941
0.0233163 -0.0108126 0.26649 0.0094848
0.0221957 -0.0104795 0.255534 0.00865035
0.0256002 -0.00926871 0.258789 0.00926612
0.0256519 -0.00726694 0.229787 0.256167
0.0233163 -0.0108126 0.26649 0.0094848
0.0170791 -0.0067887 0.211159 0.412815
0.0170791 -0.0067887 0.211159 0.412815
0.0280152 -0.00796419 0.258886 0.00974484
0.0368334 -0.0119353 0.346061 -0.802401
0.0308427 -0.00893767 0.283395 -0.433001
0.0205669 -0.0106397 0.284702 -0.307679
0.0205669 -0.0106397 0.284702 -0.307679
0.0210672 -0.00960594 0.239564 0.00776941
0.0219082 -0.0090634 0.236372 0.00767946
0.0186569 -0.0059724 0.188511 0.368812
0.0193746 -0.0097328 0.229764 0.00696563
0.0434402 -0.0143549 0.391959 -0.897238
0.0258442 -0.0101351 0.272915 0.0102708
0.0296019 -0.0104151 0.296573 0.0122338
0.0300225 -0.0093129 0.288925 0.0120028
0.0233163 -0.0108126 0.26649 0.0094848
0.0256002 -0.00926871 0.258789 0.00926612
0.0272529 -0.00912528 0.268404 0.010153
0.0308989 -0.00877932 0.285752 0.0118171
0.0276159 -0.0093738 0.272965 -0.405448
0.0258352 -0.00737618 0.238397 0.00826651
0.024793 -0.0121524 0.287611 -0.490379
0.0206043 -0.0107098 0.247437 0.00796707
0.0256002 -0.00926871 0.258789 0.00926612
0.04822 -0.0169161 0.448876 -1.8699
0.0281289 -0.00859169 0.265226 0.00998844
0.0230712 -0.00994551 0.252347 0.00853553
0.0256002 -0.00926871 0.258789 0.00926612
0.0137441 -0.00701983 0.196258 0.492186
0.0354842 -0.0152065 0.373178 -0.990811
0.0236008 -0.00893646 0.246171 0.00850217
0.0211463 -0.00848381 0.240447 0.353233
0.0283717 -0.00945732 0.279336 0.0110481
0.0304814 -0.0107495 0.340489 -0.288925
0.0480889 -0.0162053 0.426871 -0.883722
0.0187031 -0.0039101 0.195815 0.44737
0.0260187 -0.00816489 0.251112 0.00906391
0.0210672 -0.00960594 0.239564 0.00776941
0.0230712 -0.00994551 0.252347 0.00853553
0.0327997 -0.0115889 0.30829 -0.554716
0.0256002 -0.00926871 0.258789 0.00926612
0.0272529 -0.00912528 0.268404 0.010153
0.0230712 -0.00994551 0.252347 0.00853553
0.0394205 -0.0136639 0.380371 -1.43309
0.0247245 -0.0098025 0.261971 0.00940595
0.0280145 -0.0116955 0.297246 -0.508677
0.0170791 -0.0067887 0.211159 0.412815
0.0211463 -0.00848381 0.240447 0.353233
0.0477477 -0.0165243 0.441591 -1.09683
0.0250086 -0.00638762 0.262752 0.351441
0.0644427 -0.0218979 0.621591 -3.0671
0.0616732 -0.0126976 0.470915 -0.770259
0.0549474 -0.0135226 0.448161 -0.727296
0.0376012 -0.00727693 0.30813 0.0143361
0.0257973 -0.00474384 0.251766 0.566683
0.0230712 -0.00994551 0.252347 0.00853553
0.0207681 -0.00871656 0.225202 0.00692622
0.0237646 -0.00694274 0.223929 0.00734673
0.0148154 -0.00663715 0.212402 0.348889
0.0300225 -0.0093129 0.288925 0.0120028
0.0296019 -0.0104151 0.296573 0.0122338
0.0434402 -0.0143549 0.391959 -0.897238
0.0283717 -0.00945732 0.279336 0.0110481
