0.0594397 -0.0158467 0.483269 -1.72305
0.0625308 -0.0155671 0.499231 -1.74809
0.0493372 -0.013839 0.430322 -1.16421
0.157472 -0.0608887 0.00563193 -3.22257
-0.48852 0.114423 -0.094359 3.4187
0.0997563 -0.0216888 0.884134 -4.20229
0.0476001 -0.00828368 0.359961 -0.437061
0.0680388 -0.0153419 0.506833 -1.13638
0.0532705 -0.0104576 0.396727 -0.474037
0.0672154 -0.0154895 0.519495 -1.32134
0.0436764 -0.00882593 0.359521 0.0191742
-0.339208 0.0546874 -0.048962 3.32578
4.04316 -0.354685 -29.9952 -7.34757
0.0312185 -0.00746818 0.271396 0.248156
0.0560283 -0.0130482 0.456538 -1.22251
0.0560283 -0.0130482 0.456538 -1.22251
0.0312185 -0.00746818 0.271396 0.248156
0.0419616 -0.0115918 0.364672 -0.489362
0.0323658 -0.010599 0.317014 0.0142523
0.0655287 -0.0323254 0.571043 -1.02766
0.123272 -0.0137237 5.15841e-05 1.99937
0.047507 -0.00867372 0.394844 -0.334094
0.0374134 -0.00923862 0.329751 0.0159718
0.0639793 -0.0161069 0.518914 -1.51432
0.0735204 -0.01847 0.610122 -2.2961
0.0489817 -0.0108215 0.384817 -0.528219
0.0414135 -0.00951472 0.371702 -0.282082
0.031067 -0.0122335 0.32781 0.0146621
5.00359 -0.413529 -36.5623 -7.14235
0.0431333 -0.0119887 0.397947 -0.30101
0.0549474 -0.0135226 0.448161 -0.727296
0.0680388 -0.0153419 0.506833 -1.13638
0.0602111 -0.0182369 0.506476 -1.60156
0.0334258 -0.00810109 0.292163 0.012578
0.0332425 -0.0100657 0.313848 0.014058
0.0413487 -0.00755011 0.331647 0.016528
0.0574951 -0.00937081 0.404259 -1.24537
0.0441056 -0.00866055 0.349395 -0.412294
0.0296678 -0.00782093 0.268501 0.0106333
0.0443696 -0.0114147 0.375612 -0.91413
0.0444436 -0.00909321 0.383353 -0.308928
0.0735204 -0.01847 0.610122 -2.2961
0.0653347 -0.0149758 0.506321 -1.71472
0.0453336 -0.0120581 0.408353 -0.836648
0.0592927 -0.0156358 0.493269 -0.875368
0.0515273 -0.0139153 0.436415 -0.701945
0.051156 -0.0115587 0.419924 -0.437333
0.0532705 -0.0104576 0.396727 -0.474037
0.0321607 -0.00958459 0.317905 -0.319019
0.0459482 -0.014216 0.416806 -1.12978
0.0308989 -0.00877932 0.285752 0.0118171
0.0507356 -0.00969402 0.363125 -0.58231
0.0336214 -0.0048581 0.259237 0.242567
0.0478464 -0.0110662 0.38895 -0.953043
0.0283035 -0.00662149 0.243423 0.00872762
0.0339736 -0.00843757 0.295084 -0.353907
0.0441056 -0.00866055 0.349395 -0.412294
0.0653347 -0.0149758 0.506321 -1.71472
0.0488507 -0.0117076 0.421074 -0.869558
0.0406319 -0.00903814 0.338689 -0.385694
0.0370672 -0.00775231 0.309449 0.0143529
0.0419616 -0.0115918 0.364672 -0.489362
0.0625308 -0.0155671 0.499231 -1.74809
0.0535021 -0.01311 0.428041 -0.977826
0.0308989 -0.00877932 0.285752 0.0118171
0.0286114 -0.00806783 0.262768 0.26718
0.0308989 -0.00877932 0.285752 0.0118171
0.0507356 -0.00969402 0.363125 -0.58231
0.0476001 -0.00828368 0.359961 -0.437061
0.0441056 -0.00866055 0.349395 -0.412294
0.0350714 -0.00914261 0.329659 -0.34946
0.0350714 -0.00914261 0.329659 -0.34946
0.0412395 -0.00692617 0.325372 0.0161839
0.0531412 -0.011123 0.423675 -0.739978
0.0408144 -0.00802539 0.332964 0.0165518
0.0374134 -0.00923862 0.329751 0.0159718
0.0462079 -0.0111961 0.375607 -0.428801
0.0385916 -0.0101881 0.363605 -0.360793
0.0526954 -0.013449 0.443564 -1.19504
0.0454693 -0.0112066 0.374772 -0.509352
0.0587956 -0.0190765 0.506651 -1.21398
0.0318201 -0.00714248 0.267861 0.326675
0.0348898 -0.00991896 0.323385 0.0151166
0.0497132 -0.00866645 0.387482 -0.233572
0.0601089 -0.0103896 0.449163 -0.804931
0.0708654 -0.0151777 0.532688 -1.34555
0.0371778 -0.00837739 0.315745 0.0146649
0.0489817 -0.0108215 0.384817 -0.528219
0.0489817 -0.0108215 0.384817 -0.528219
0.0489817 -0.0108215 0.384817 -0.528219
0.0414135 -0.00951472 0.371702 -0.282082
0.0476299 -0.0146527 0.436993 -0.845794
0.0413487 -0.00755011 0.331647 0.016528
0.0512594 -0.0142508 0.449645 -0.88196
0.0431333 -0.0119887 0.397947 -0.30101
0.0549474 -0.0135226 0.448161 -0.727296
0.0308989 -0.00877932 0.285752 0.0118171
0.038472 -0.0119487 0.353637 -0.462405
0.0459482 -0.014216 0.416806 -1.12978
0.0412395 -0.00692617 0.325372 0.0161839
0.0608591 -0.0129038 0.467875 -1.80874
0.0434968 -0.00865419 0.347368 -0.491794
0.0380026 -0.0137217 0.346295 -0.590195
0.0459482 -0.014216 0.416806 -1.12978
0.0630559 -0.0157498 0.516366 -2.07138
0.0478464 -0.0110662 0.38895 -0.953043
0.0740222 -0.0187508 0.68927 -3.97671
0.0365693 -0.00945868 0.327653 -0.451053
0.0513669 -0.0107694 0.404591 -1.00804
0.0647772 -0.0222781 0.613449 -2.4496
0.0336062 -0.00613466 0.27044 0.011108
0.0359523 -0.00742265 0.29857 0.0133315
0.0294243 -0.00695472 0.254382 0.0095658
0.0259419 -0.00689972 0.225854 0.355788
0.0285482 -0.00748835 0.257558 0.00975283
0.0373632 -0.0064142 0.29409 0.0130613
0.0611795 -0.01286 0.458883 -1.56995
0.0452364 -0.00752662 0.325643 -0.548645
0.0292479 -0.00892376 0.27616 0.0108772
0.0443696 -0.0114147 0.375612 -0.91413
0.041805 -0.00792388 0.31543 -0.526382
0.0443696 -0.0114147 0.375612 -0.91413
0.0337723 -0.00665805 0.300293 -0.311549
0.0331234 -0.00986181 0.31767 -0.428465
0.0426991 -0.0115642 0.364824 -0.403603
0.0321607 -0.00958459 0.317905 -0.319019
0.0419616 -0.0115918 0.364672 -0.489362
0.0334258 -0.00810109 0.292163 0.012578
0.0331234 -0.00986181 0.31767 -0.428465
0.0283717 -0.00945732 0.279336 0.0110481
0.0459482 -0.014216 0.416806 -1.12978
0.0441056 -0.00866055 0.349395 -0.412294
0.0374333 -0.00382276 0.266074 0.0111446
0.0478464 -0.0110662 0.38895 -0.953043
0.0285482 -0.00748835 0.257558 0.00975283
0.0319537 -0.00627818 0.260829 0.0102227
0.0476001 -0.00828368 0.359961 -0.437061
0.0489817 -0.0108215 0.384817 -0.528219
0.038715 -0.00760592 0.318993 0.0153931
0.0502221 -0.0135528 0.41665 -0.95721
0.0371778 -0.00837739 0.315745 0.0146649
0.0476299 -0.0146527 0.436993 -0.845794
0.0343025 -0.00756797 0.288999 0.0123586
0.0406319 -0.00903814 0.338689 -0.385694
0.0320157 -0.00911011 0.296656 0.0127778
0.0334258 -0.00810109 0.292163 0.012578
0.0565313 -0.0164814 0.480599 -1.25057
0.055641 -0.0100669 0.402808 -0.833142
0.0357804 -0.0039659 0.256457 0.0102779
0.0323737 -0.00517544 0.253172 0.00992152
0.0281289 -0.00859169 0.265226 0.00998844
0.0372007 -0.0089069 0.331817 -0.822996
0.0513669 -0.0107694 0.404591 -1.00804
0.0336214 -0.0048581 0.259237 0.242567
0.0453336 -0.0120581 0.408353 -0.836648
0.0493372 -0.013839 0.430322 -1.16421
0.0406319 -0.00903814 0.338689 -0.385694
0.0345417 -0.00843133 0.303055 0.0135695
0.0347241 -0.00646618 0.28136 0.0120494
0.0438116 -0.0104733 0.342663 -0.542005
0.0300225 -0.0093129 0.288925 0.0120028
0.0308989 -0.00877932 0.285752 0.0118171
0.038472 -0.0119487 0.353637 -0.462405
0.0376012 -0.00727693 0.30813 0.0143361
0.0547944 -0.0104095 0.418174 -1.0451
0.0472712 -0.0100842 0.352942 -0.562918
0.0408616 -0.0117511 0.362143 -0.872325
0.0468694 -0.0139686 0.404622 -0.930441
0.0372518 -0.0057885 0.287782 0.0127458
0.0452364 -0.00752662 0.325643 -0.548645
0.0350753 -0.00795582 0.301733 0.0135663
0.0334258 -0.00810109 0.292163 0.012578
0.0319537 -0.00627818 0.260829 0.0102227
0.0243036 -0.00575518 0.227484 0.422693
0.0443696 -0.0114147 0.375612 -0.91413
0.0403579 -0.0108612 0.332273 -0.519366
0.0365693 -0.00945868 0.327653 -0.451053
0.0229245 -0.00575976 0.228677 0.35565
0.0321607 -0.00958459 0.317905 -0.319019
0.0372518 -0.0057885 0.287782 0.0127458
0.0428096 -0.0079388 0.31521 -0.425695
0.0503379 -0.0104961 0.389077 -1.41371
0.0449404 -0.013895 0.400062 -1.55109
0.0588132 -0.0159927 0.523653 -3.04894
0.0308337 -0.00594545 0.249881 0.00935369
0.0482952 -0.0104109 0.409316 -1.74129
0.0483597 -0.0133001 0.405651 -1.35156
0.0200815 -0.00370559 0.190437 0.541711
0.0334258 -0.00810109 0.292163 0.012578
0.0321607 -0.00958459 0.317905 -0.319019
0.0350714 -0.00914261 0.329659 -0.34946
0.0336062 -0.00613466 0.27044 0.011108
0.0368334 -0.0119353 0.346061 -0.802401
0.0294243 -0.00695472 0.254382 0.0095658
0.0229245 -0.00575976 0.228677 0.35565
0.0289833 -0.00235058 0.22026 0.427589
0.0308616 -0.00335705 0.226367 0.303494
0.0478464 -0.0110662 0.38895 -0.953043
0.0368334 -0.0119353 0.346061 -0.802401
0.0294243 -0.00695472 0.254382 0.0095658
0.0308337 -0.00594545 0.249881 0.00935369
0.0308337 -0.00594545 0.249881 0.00935369
0.0310773 -0.0068116 0.264001 0.0104342
0.0187031 -0.0039101 0.195815 0.44737
0.0441056 -0.00866055 0.349395 -0.412294
0.0350753 -0.00795582 0.301733 0.0135663
0.03619 -0.00828542 0.312609 0.014594
0.0384785 -0.00674398 0.304973 0.0140773
0.0308989 -0.00877932 0.285752 0.0118171
0.0267433 -0.00559056 0.240821 0.301746
0.0323087 -0.00777018 0.281256 0.0116227
0.0547944 -0.0104095 0.418174 -1.0451
0.029714 -0.00123369 0.196435 0.401105
0.0349037 -0.00449918 0.259625 0.0105378
0.0260187 -0.00816489 0.251112 0.00906391
0.0294243 -0.00695472 0.254382 0.0095658
0.0478464 -0.0110662 0.38895 -0.953043
0.0406319 -0.00903814 0.338689 -0.385694
0.0370117 -0.00492453 0.273713 0.0115138
0.0308989 -0.00877932 0.285752 0.0118171
0.0323087 -0.00777018 0.281256 0.0116227
0.0285482 -0.00748835 0.257558 0.00975283
0.0319537 -0.00627818 0.260829 0.0102227
0.0319537 -0.00627818 0.260829 0.0102227
0.0348898 -0.00991896 0.323385 0.0151166
0.0348898 -0.00991896 0.323385 0.0151166
0.0489817 -0.0108215 0.384817 -0.528219
0.0309127 0.000860044 0.224017 0.653186
0.0421849 -0.00614507 0.322827 -0.392401
0.0361347 -0.00545752 0.276875 0.0117742
0.0268946 -0.00763107 0.24793 0.00890139
0.0319537 -0.00627818 0.260829 0.0102227
0.0359523 -0.00742265 0.29857 0.0133315
0.0368293 -0.00688974 0.295411 0.0130877
0.0535021 -0.01311 0.428041 -0.977826
0.0350714 -0.00914261 0.329659 -0.34946
0.0478464 -0.0110662 0.38895 -0.953043
0.0443696 -0.0114147 0.375612 -0.91413
0.0270657 -0.00504346 0.232086 0.422177
0.0518409 -0.0130015 0.423299 -1.41921
0.0291555 -0.00629659 0.274984 0.302058
0.0370672 -0.00775231 0.309449 0.0143529
0.055641 -0.0100669 0.402808 -0.833142
0.0532705 -0.0104576 0.396727 -0.474037
0.0683011 -0.00702626 0.443024 -0.368348
0.086018 -0.0172499 0.613565 -1.48712
0.0437287 -0.00665625 0.332124 0.246877
0.0698119 -0.0141931 0.515959 -0.778026
0.0337723 -0.00665805 0.300293 -0.311549
0.0337723 -0.00665805 0.300293 -0.311549
0.0337838 -0.0041664 0.248678 0.00964571
0.0336062 -0.00613466 0.27044 0.011108
0.0410043 -0.00606509 0.311371 0.0148148
0.0291878 -0.00301315 0.25844 0.342052
0.0598921 -0.0160865 0.492182 -1.26419
0.0338142 -0.00446664 0.255691 0.328892
