0.0414147 -0.0144716 0.379645 -0.393431
0.0367015 -0.0116271 0.35685 -0.371365
0.03699 -0.0148969 0.370901 -0.461871
-1.99987 0.255244 3.74899 -0.655148
-4.2921 0.278656 26.7824 -4.92364
0.0426519 -0.00591843 0.32091 0.015851
0.0502221 -0.0135528 0.41665 -0.95721
0.038715 -0.00760592 0.318993 0.0153931
0.0431333 -0.0119887 0.397947 -0.30101
0.0374134 -0.00923862 0.329751 0.0159718
0.0388248 -0.00823034 0.325277 0.0157189
-0.0869715 -0.0128926 -0.277111 -1.45746
-0.364694 0.00925924 0.569996 0.196996
0.0763389 -0.0250869 0.779222 -4.17335
0.0359523 -0.00742265 0.29857 0.0133315
0.0338142 -0.00446664 0.255691 0.328892
0.0287256 -0.0109487 0.299746 0.0123968
0.0306894 -0.0124664 0.333103 -0.311431
0.0268963 -0.0130608 0.311907 0.012669
0.028536 -0.0113673 0.299237 0.0121549
-5.49362 0.345117 47.4125 -7.53406
0.0544842 -0.0152925 0.44891 -0.917442
0.0405132 -0.0145204 0.381234 -0.483429
0.0502221 -0.0135528 0.41665 -0.95721
0.0339593 -0.00762549 0.290839 0.0125736
0.0509125 -0.0160266 0.451683 -1.105
0.0346528 -0.00905687 0.309359 0.0138627
0.0152466 -0.0062543 0.228018 0.590269
0.0234123 -0.00540178 0.267959 0.388858
0.0493854 -0.0169681 0.461136 -0.828612
0.0371778 -0.00837739 0.315745 0.0146649
0.0444436 -0.00909321 0.383353 -0.308928
0.0270758 -0.0110939 0.290172 0.0114073
0.0368131 -0.0156358 0.398396 -0.74166
0.0273166 -0.0119584 0.304255 0.0124967
0.0459482 -0.014216 0.416806 -1.12978
0.0458678 -0.0144117 0.424166 -1.32712
0.0321607 -0.00958459 0.317905 -0.319019
0.0256002 -0.00926871 0.258789 0.00926612
0.0425233 -0.0145785 0.403045 -1.09177
0.0612322 -0.0187653 0.530357 -1.41478
0.0426991 -0.0115642 0.364824 -0.403603
0.0454693 -0.0112066 0.374772 -0.509352
0.0289047 -0.00898148 0.278007 0.0110712
0.0598921 -0.0160865 0.492182 -1.26419
0.0344665 -0.0110195 0.331002 0.0153876
0.0462079 -0.0111961 0.375607 -0.428801
0.0384785 -0.00674398 0.304973 0.0140773
0.0372475 -0.0177597 0.405118 -1.0097
0.0233163 -0.0108126 0.26649 0.0094848
0.0299799 -0.0156497 0.349903 -0.414112
0.03699 -0.0148969 0.370901 -0.461871
0.0296976 -0.0102668 0.307594 -0.404276
0.0425233 -0.0145785 0.403045 -1.09177
0.0230712 -0.00994551 0.252347 0.00853553
0.0256002 -0.00926871 0.258789 0.00926612
0.0334258 -0.00810109 0.292163 0.012578
0.0350714 -0.00914261 0.329659 -0.34946
0.0350714 -0.00914261 0.329659 -0.34946
0.0321607 -0.00958459 0.317905 -0.319019
0.038472 -0.0119487 0.353637 -0.462405
0.0281289 -0.00859169 0.265226 0.00998844
0.0315943 -0.010212 0.304297 0.0130297
0.0557747 -0.0161654 0.468876 -1.69059
0.0170791 -0.0067887 0.211159 0.412815
0.0180118 -0.00891311 0.230526 0.388808
0.0233163 -0.0108126 0.26649 0.0094848
0.0349906 -0.0123441 0.343636 -0.441305
0.0321607 -0.00958459 0.317905 -0.319019
0.0323087 -0.00777018 0.281256 0.0116227
0.0258442 -0.0101351 0.272915 0.0102708
0.0368334 -0.0119353 0.346061 -0.802401
0.0454693 -0.0112066 0.374772 -0.509352
0.0454693 -0.0112066 0.374772 -0.509352
0.0371778 -0.00837739 0.315745 0.0146649
0.0321275 -0.00973608 0.302968 0.0130521
0.0598765 -0.018405 0.521096 -1.85859
0.0270758 -0.0110939 0.290172 0.0114073
0.0459482 -0.014216 0.416806 -1.12978
0.0459482 -0.014216 0.416806 -1.12978
0.0273166 -0.0119584 0.304255 0.0124967
0.03699 -0.0148969 0.370901 -0.461871
0.0315201 -0.0127391 0.333519 -0.418554
0.044043 -0.0141433 0.391475 -0.503626
0.03619 -0.00828542 0.312609 0.014594
0.0546838 -0.0138388 0.461159 -0.904384
0.0459508 -0.01783 0.463802 -0.994744
0.0334258 -0.00810109 0.292163 0.012578
0.0334258 -0.00810109 0.292163 0.012578
0.0406319 -0.00903814 0.338689 -0.385694
0.0502221 -0.0135528 0.41665 -0.95721
0.0308989 -0.00877932 0.285752 0.0118171
0.0666636 -0.0192044 0.578183 -2.23768
0.033681 -0.0120472 0.345092 -0.342674
0.0271198 -0.0089715 0.287092 0.302052
0.0344665 -0.0110195 0.331002 0.0153876
0.0236008 -0.00893646 0.246171 0.00850217
0.0345596 -0.0141193 0.336241 -0.571039
0.0180118 -0.00891311 0.230526 0.388808
0.0434402 -0.0143549 0.391959 -0.897238
0.0256519 -0.00726694 0.229787 0.256167
0.0310773 -0.0068116 0.264001 0.0104342
0.0206043 -0.0107098 0.247437 0.00796707
0.0327997 -0.0115889 0.30829 -0.554716
0.0408616 -0.0117511 0.362143 -0.872325
0.0321607 -0.00958459 0.317905 -0.319019
0.0319537 -0.00627818 0.260829 0.0102227
0.0296976 -0.0102668 0.307594 -0.404276
0.0323658 -0.010599 0.317014 0.0142523
0.0390597 -0.0149263 0.389103 -1.05049
0.0283717 -0.00945732 0.279336 0.0110481
0.0192006 -0.00481707 0.21541 0.543751
0.0209028 -0.012118 0.266411 0.00887652
0.0207881 -0.0114899 0.260059 0.00868952
0.0210672 -0.00960594 0.239564 0.00776941
0.0211463 -0.00848381 0.240447 0.353233
0.0281289 -0.00859169 0.265226 0.00998844
0.0468694 -0.0139686 0.404622 -0.930441
0.0230712 -0.00994551 0.252347 0.00853553
0.0281289 -0.00859169 0.265226 0.00998844
0.0321607 -0.00958459 0.317905 -0.319019
0.0281289 -0.00859169 0.265226 0.00998844
0.0321607 -0.00958459 0.317905 -0.319019
0.0327997 -0.0115889 0.30829 -0.554716
0.0308989 -0.00877932 0.285752 0.0118171
0.0143208 -0.00790835 0.21618 0.57328
0.0306894 -0.0124664 0.333103 -0.311431
0.0256002 -0.00926871 0.258789 0.00926612
0.0224772 -0.0131714 0.311931 -0.340753
0.0206043 -0.0107098 0.247437 0.00796707
0.0256002 -0.00926871 0.258789 0.00926612
0.0258442 -0.0101351 0.272915 0.0102708
0.0368334 -0.0119353 0.346061 -0.802401
0.0294243 -0.00695472 0.254382 0.0095658
0.0230712 -0.00994551 0.252347 0.00853553
0.0296976 -0.0102668 0.307594 -0.404276
0.0478464 -0.0110662 0.38895 -0.953043
0.0419616 -0.0115918 0.364672 -0.489362
0.0419616 -0.0115918 0.364672 -0.489362
0.0296019 -0.0104151 0.296573 0.0122338
0.0323087 -0.00777018 0.281256 0.0116227
0.0349906 -0.0123441 0.343636 -0.441305
0.0296019 -0.0104151 0.296573 0.0122338
0.0434402 -0.0143549 0.391959 -0.897238
0.0280666 -0.0131343 0.323275 -0.394009
0.0258442 -0.0101351 0.272915 0.0102708
0.0283717 -0.00945732 0.279336 0.0110481
0.0286114 -0.00806783 0.262768 0.26718
0.0308427 -0.00893767 0.283395 -0.433001
0.0368334 -0.0119353 0.346061 -0.802401
0.0219082 -0.0090634 0.236372 0.00767946
0.0327997 -0.0115889 0.30829 -0.554716
0.0443696 -0.0114147 0.375612 -0.91413
0.0323087 -0.00777018 0.281256 0.0116227
0.0308989 -0.00877932 0.285752 0.0118171
0.0349906 -0.0123441 0.343636 -0.441305
0.0308989 -0.00877932 0.285752 0.0118171
0.0349906 -0.0123441 0.343636 -0.441305
0.0349906 -0.0123441 0.343636 -0.441305
0.0283717 -0.00945732 0.279336 0.0110481
0.0205792 -0.0104735 0.233594 0.281782
0.0245494 -0.0117724 0.283767 0.0105716
0.0180118 -0.00891311 0.230526 0.388808
0.0315201 -0.0127391 0.333519 -0.418554
0.0331234 -0.00986181 0.31767 -0.428465
0.0425233 -0.0145785 0.403045 -1.09177
0.0247245 -0.0098025 0.261971 0.00940595
0.0315201 -0.0127391 0.333519 -0.418554
0.0321607 -0.00958459 0.317905 -0.319019
0.0317754 -0.00824598 0.282582 0.0116219
0.0300225 -0.0093129 0.288925 0.0120028
0.02672 -0.00960132 0.269735 0.0101245
0.0260187 -0.00816489 0.251112 0.00906391
0.0230712 -0.00994551 0.252347 0.00853553
0.0368334 -0.0119353 0.346061 -0.802401
0.022115 -0.00754023 0.219424 0.297676
0.0244418 -0.00839358 0.242974 0.00838665
0.0233163 -0.0108126 0.26649 0.0094848
0.020134 -0.00829425 0.208572 0.335933
0.0464728 -0.0164434 0.437923 -1.57731
0.0327997 -0.0115889 0.30829 -0.554716
0.0349666 -0.00871721 0.294689 -0.476067
0.0233016 -0.00804657 0.231802 0.00759945
0.0233016 -0.00804657 0.231802 0.00759945
0.0258352 -0.00737618 0.238397 0.00826651
0.0268946 -0.00763107 0.24793 0.00890139
0.0296976 -0.0102668 0.307594 -0.404276
0.0236008 -0.00893646 0.246171 0.00850217
0.0256519 -0.00726694 0.229787 0.256167
0.0221957 -0.0104795 0.255534 0.00865035
0.0274956 -0.00999112 0.282514 0.0112094
0.0296976 -0.0102668 0.307594 -0.404276
0.0207681 -0.00871656 0.225202 0.00692622
0.0221957 -0.0104795 0.255534 0.00865035
0.0172621 -0.00935252 0.239693 0.263045
0.0390597 -0.0149263 0.389103 -1.05049
0.0244418 -0.00839358 0.242974 0.00838665
0.0408616 -0.0117511 0.362143 -0.872325
0.0205669 -0.0106397 0.284702 -0.307679
0.0233016 -0.00804657 0.231802 0.00759945
0.0237646 -0.00694274 0.223929 0.00734673
0.0244418 -0.00839358 0.242974 0.00838665
0.0260187 -0.00816489 0.251112 0.00906391
0.0207681 -0.00871656 0.225202 0.00692622
0.0367015 -0.0116271 0.35685 -0.371365
0.0281927 -0.0114246 0.301078 0.012352
0.038472 -0.0119487 0.353637 -0.462405
0.0323658 -0.010599 0.317014 0.0142523
0.0230712 -0.00994551 0.252347 0.00853553
0.0247245 -0.0098025 0.261971 0.00940595
0.0256002 -0.00926871 0.258789 0.00926612
0.0229245 -0.00575976 0.228677 0.35565
0.0244418 -0.00839358 0.242974 0.00838665
0.0282792 -0.00607552 0.238489 0.00862069
0.016773 -0.00895711 0.20046 0.277529
0.0233016 -0.00804657 0.231802 0.00759945
0.0283717 -0.00945732 0.279336 0.0110481
0.0369127 -0.0112479 0.321751 -0.494751
0.0403579 -0.0108612 0.332273 -0.519366
0.02672 -0.00960132 0.269735 0.0101245
0.0281289 -0.00859169 0.265226 0.00998844
0.0230712 -0.00994551 0.252347 0.00853553
0.0192043 -0.00521004 0.174825 0.541234
0.0327997 -0.0115889 0.30829 -0.554716
0.0211463 -0.00848381 0.240447 0.353233
0.0206372 -0.00589367 0.213076 0.493587
0.0286114 -0.00806783 0.262768 0.26718
0.0307178 -0.0107453 0.307465 0.0132091
0.0258352 -0.00737618 0.238397 0.00826651
0.0294243 -0.00695472 0.254382 0.0095658
0.0137441 -0.00701983 0.196258 0.492186
0.0260187 -0.00816489 0.251112 0.00906391
0.0294243 -0.00695472 0.254382 0.0095658
0.0281289 -0.00859169 0.265226 0.00998844
0.0267433 -0.00559056 0.240821 0.301746
0.0268946 -0.00763107 0.24793 0.00890139
0.0281289 -0.00859169 0.265226 0.00998844
0.022115 -0.00754023 0.219424 0.297676
0.0236008 -0.00893646 0.246171 0.00850217
0.0272529 -0.00912528 0.268404 0.010153
0.0281289 -0.00859169 0.265226 0.00998844
0.0175151 -0.00499025 0.199834 0.661087
0.038472 -0.0119487 0.353637 -0.462405
0.0629536 -0.0251259 0.625902 -2.3191
0.0568168 -0.0100867 0.407098 -0.494403
0.0444472 -0.00767096 0.350131 0.0185209
0.0475788 -0.0137655 0.401632 -0.522585
0.0592927 -0.0156358 0.493269 -0.875368
0.0236008 -0.00893646 0.246171 0.00850217
0.0258352 -0.00737618 0.238397 0.00826651
0.0368334 -0.0119353 0.346061 -0.802401
0.0319931 -0.0124187 0.343043 -0.950575
0.0215968 -0.00737233 0.262192 0.264324
0.0608181 -0.0222016 0.582274 -2.6285
0.0292479 -0.00892376 0.27616 0.0108772
0.0161389 -0.00516641 0.203828 0.589372
