-0.107445 -0.00661015 -0.564526 -5.68527
-0.107445 -0.00661015 -0.564526 -5.68527
-0.107445 -0.00661015 -0.564526 -5.68527
-0.107445 -0.00661015 -0.564526 -5.68527
-0.107445 -0.00661015 -0.564526 -5.68527
-0.217042 0.00405612 0.0128333 1.96739
-0.107445 -0.00661015 -0.564526 -5.68527
-0.107445 -0.00661015 -0.564526 -5.68527
-0.107445 -0.00661015 -0.564526 -5.68527
-0.107445 -0.00661015 -0.564526 -5.68527
-0.107445 -0.00661015 -0.564526 -5.68527
-0.107445 -0.00661015 -0.564526 -5.68527
-0.107445 -0.00661015 -0.564526 -5.68527
-37.2438 2.08721 460.577 -11.9986
-0.107445 -0.00661015 -0.564526 -5.68527
-0.107445 -0.00661015 -0.564526 -5.68527
-0.107445 -0.00661015 -0.564526 -5.68527
-0.107445 -0.00661015 -0.564526 -5.68527
-0.107445 -0.00661015 -0.564526 -5.68527
-0.107445 -0.00661015 -0.564526 -5.68527
-0.192413 -0.000214088 0.000571671 2.99833
-8.517 0.716006 54.5684 -5.90205
-0.107445 -0.00661015 -0.564526 -5.68527
-0.107445 -0.00661015 -0.564526 -5.68527
-0.107445 -0.00661015 -0.564526 -5.68527
-0.107445 -0.00661015 -0.564526 -5.68527
0.577946 -0.166631 0.101238 3.37346
-6.18168 0.556581 34.4366 -5.04726
-0.107445 -0.00661015 -0.564526 -5.68527
22.4385 -1.53202 -181.863 -7.25596
-0.107445 -0.00661015 -0.564526 -5.68527
-0.107445 -0.00661015 -0.564526 -5.68527
-0.107445 -0.00661015 -0.564526 -5.68527
-0.107445 -0.00661015 -0.564526 -5.68527
-0.107445 -0.00661015 -0.564526 -5.68527
-0.107445 -0.00661015 -0.564526 -5.68527
-0.107445 -0.00661015 -0.564526 -5.68527
-0.107445 -0.00661015 -0.564526 -5.68527
-0.107445 -0.00661015 -0.564526 -5.68527
-0.107445 -0.00661015 -0.564526 -5.68527
-0.107445 -0.00661015 -0.564526 -5.68527
-0.107445 -0.00661015 -0.564526 -5.68527
-7.41018 0.83723 21.8772 -1.65188
-0.107445 -0.00661015 -0.564526 -5.68527
-0.107445 -0.00661015 -0.564526 -5.68527
-0.107445 -0.00661015 -0.564526 -5.68527
-0.107445 -0.00661015 -0.564526 -5.68527
-0.107445 -0.00661015 -0.564526 -5.68527
-0.221263 0.00478346 0.015748 1.95178
-0.107445 -0.00661015 -0.564526 -5.68527
-0.107445 -0.00661015 -0.564526 -5.68527
11.2549 -0.753374 -96.9838 -7.71723
-0.232844 0.00675777 0.0216365 1.94448
-0.107445 -0.00661015 -0.564526 -5.68527
-0.107445 -0.00661015 -0.564526 -5.68527
-0.107445 -0.00661015 -0.564526 -5.68527
-0.190361 -0.000725719 0.00110351 2.99649
-0.107445 -0.00661015 -0.564526 -5.68527
-0.218263 0.00433106 0.0133276 1.96561
-0.222617 0.0050277 0.0161284 1.9527
-0.107445 -0.00661015 -0.564526 -5.68527
-0.107445 -0.00661015 -0.564526 -5.68527
-0.107445 -0.00661015 -0.564526 -5.68527
-0.107445 -0.00661015 -0.564526 -5.68527
-0.107445 -0.00661015 -0.564526 -5.68527
-0.233611 0.00696748 0.0214544 1.94404
-0.107445 -0.00661015 -0.564526 -5.68527
-0.107445 -0.00661015 -0.564526 -5.68527
-0.107445 -0.00661015 -0.564526 -5.68527
-0.107445 -0.00661015 -0.564526 -5.68527
-0.107445 -0.00661015 -0.564526 -5.68527
-0.107445 -0.00661015 -0.564526 -5.68527
-0.107445 -0.00661015 -0.564526 -5.68527
-0.107445 -0.00661015 -0.564526 -5.68527
9.23218 -0.636782 -76.1644 -7.30678
-0.107445 -0.00661015 -0.564526 -5.68527
10.8124 -0.688939 -101.117 -8.46657
0.478784 -0.143869 -0.00123509 1.99678
-0.107445 -0.00661015 -0.564526 -5.68527
-7.33766 0.628576 45.101 -5.64461
-0.221726 0.00491862 0.0156964 1.95663
8.91491 -0.610967 -74.5889 -7.42021
-7.99308 0.848223 27.5599 -2.24756
-0.107445 -0.00661015 -0.564526 -5.68527
10.746 -0.887958 -72.4988 -6.17816
-11.7701 0.823239 88.7779 -6.54746
-0.107445 -0.00661015 -0.564526 -5.68527
-0.107445 -0.00661015 -0.564526 -5.68527
-0.107445 -0.00661015 -0.564526 -5.68527
-0.107445 -0.00661015 -0.564526 -5.68527
-0.107445 -0.00661015 -0.564526 -5.68527
-0.107445 -0.00661015 -0.564526 -5.68527
-0.107445 -0.00661015 -0.564526 -5.68527
-9.63982 0.641892 78.8512 -7.24014
-7.33766 0.628576 45.101 -5.64461
-0.218263 0.00433106 0.0133276 1.96561
-0.107445 -0.00661015 -0.564526 -5.68527
-0.225864 0.00563457 0.0172231 1.95358
-0.351451 -0.052704 3.14498 -3.03016
-0.107445 -0.00661015 -0.564526 -5.68527
-0.233611 0.00696748 0.0214544 1.94404
0.574765 -0.167029 0.107606 3.40347
-0.107445 -0.00661015 -0.564526 -5.68527
-0.233611 0.00696748 0.0214544 1.94404
-0.107445 -0.00661015 -0.564526 -5.68527
-8.438 0.695725 55.7868 -6.12443
-0.107445 -0.00661015 -0.564526 -5.68527
0.478784 -0.143869 -0.00123509 1.99678
-0.278743 0.0628327 0.0507838 3.45641
8.67378 -0.593247 -72.805 -7.43832
-0.107445 -0.00661015 -0.564526 -5.68527
-0.107445 -0.00661015 -0.564526 -5.68527
-0.107445 -0.00661015 -0.564526 -5.68527
0.460353 -0.14001 -0.000328906 1.99912
-8.69697 0.868794 34.8268 -2.91237
0.582263 -0.167951 0.104354 3.3842
-0.242456 0.00839296 0.02725 1.93881
-0.221726 0.00491862 0.0156964 1.95663
8.91491 -0.610967 -74.5889 -7.42021
-0.107445 -0.00661015 -0.564526 -5.68527
-8.438 0.695725 55.7868 -6.12443
-0.222548 0.00509736 0.0159505 1.9551
-0.233611 0.00696748 0.0214544 1.94404
-0.221726 0.00491862 0.0156964 1.95663
-0.107445 -0.00661015 -0.564526 -5.68527
8.67378 -0.593247 -72.805 -7.43832
-0.107445 -0.00661015 -0.564526 -5.68527
-0.107445 -0.00661015 -0.564526 -5.68527
-0.191379 -0.00052219 0.000965844 2.99671
-0.225864 0.00563457 0.0172231 1.95358
-0.222548 0.00509736 0.0159505 1.9551
-0.107445 -0.00661015 -0.564526 -5.68527
0.507346 -0.141191 -0.208375 -1.37768
-9.57716 0.625913 81.7697 -7.63751
-0.22489 0.00545979 0.0169694 1.95148
-0.107445 -0.00661015 -0.564526 -5.68527
-0.107445 -0.00661015 -0.564526 -5.68527
0.570226 -0.167077 0.113183 3.43174
9.56402 -0.655644 -79.4079 -7.36263
0.510361 -0.15081 -4.80058e-05 1.99988
-9.3546 0.629254 74.1326 -6.93163
0.545756 -0.15936 0.0953666 3.36564
-0.107445 -0.00661015 -0.564526 -5.68527
8.91491 -0.610967 -74.5889 -7.42021
-0.107445 -0.00661015 -0.564526 -5.68527
0.377831 -0.128704 0.278968 -3.00212
-0.278743 0.0628327 0.0507838 3.45641
-0.107445 -0.00661015 -0.564526 -5.68527
-10.7214 0.736173 84.7565 -6.97997
-9.66702 0.64797 78.2591 -7.16751
-0.222617 0.0050277 0.0161284 1.9527
-0.107445 -0.00661015 -0.564526 -5.68527
14.8085 -1.00499 -122.774 -7.40823
-0.107445 -0.00661015 -0.564526 -5.68527
-0.107445 -0.00661015 -0.564526 -5.68527
0.460353 -0.14001 -0.000328906 1.99912
-8.11905 0.849051 29.0661 -2.40893
-0.22489 0.00545979 0.0169694 1.95148
-0.107445 -0.00661015 -0.564526 -5.68527
0.371649 -0.122604 0.107975 -3.14942
-0.222617 0.0050277 0.0161284 1.9527
-0.520918 0.127818 -0.103673 3.43469
8.20379 -0.866083 -31.2367 -2.68662
-6.58978 0.584399 37.8871 -5.23078
0.175819 -0.0667922 -0.0617235 3.39273
-0.0455182 0.0125209 0.287232 0.149306
-10.2194 0.687819 81.1441 -6.97025
8.67378 -0.593247 -72.805 -7.43832
-0.107445 -0.00661015 -0.564526 -5.68527
-0.107445 -0.00661015 -0.564526 -5.68527
-0.107445 -0.00661015 -0.564526 -5.68527
-0.232737 0.0067231 0.0219384 1.93286
8.91491 -0.610967 -74.5889 -7.42021
-0.22489 0.00545979 0.0169694 1.95148
-0.107445 -0.00661015 -0.564526 -5.68527
4.74492 -0.48314 -24.1049 -4.61186
5.04547 -0.490916 -27.7088 -5.01905
0.0334797 -0.0116334 0.31107 -0.46785
0.268069 -0.110652 0.423386 -2.37403
0.0503339 -0.0107781 0.413963 -2.42425
0.0391525 -0.00521535 0.287785 -0.495681
7.3774 -0.633299 -49.6406 -6.31194
0.0372007 -0.0089069 0.331817 -0.822996
-7.94894 0.824386 28.9939 -2.49433
8.21268 -0.564357 -68.7163 -7.40428
8.67378 -0.593247 -72.805 -7.43832
-0.107445 -0.00661015 -0.564526 -5.68527
0.0272048 -0.0110995 0.348594 -1.26138
-9.84814 0.655209 80.1404 -7.18997
8.98114 -0.649569 -80.9048 -8.68665
-0.22489 0.00545979 0.0169694 1.95148
0.049224 -0.0140196 0.437962 -1.36121
5.68989 -0.462535 -46.9572 -8.21052
-9.26858 0.598184 79.2728 -7.63517
0.0918314 -0.0063902 -0.0316398 2.88084
-0.302173 0.033718 1.16943 -0.974063
7.3774 -0.633299 -49.6406 -6.31194
0.0593095 -0.0131862 0.556083 -3.7135
-0.107445 -0.00661015 -0.564526 -5.68527
-9.19818 0.603768 76.1608 -7.33498
-0.131334 0.0183329 0.436105 0.167711
-0.221263 0.00478346 0.015748 1.95178
-0.221263 0.00478346 0.015748 1.95178
0.0366484 -0.010944 0.350914 -1.6802
8.86886 -0.682634 -72.3665 -7.85128
9.69313 -0.72019 -83.9055 -8.37234
-7.33766 0.628576 45.101 -5.64461
0.0744911 -0.0223746 0.724672 -3.94417
0.152616 -0.0219223 -0.00175685 1.99417
0.0582916 -0.0195044 0.58752 -3.61426
-0.108926 0.0193084 0.41186 0.133019
-0.285006 0.027889 1.38887 -1.57503
0.0213755 -0.000485485 0.199485 0.733997
0.0231218 -0.000706727 0.173142 0.648906
-8.61669 0.581919 67.9529 -6.91678
-9.01783 0.597954 72.8931 -7.11241
0.029714 -0.00123369 0.196435 0.401105
-0.108905 0.000738789 3.51645e-05 1.99986
-7.33766 0.628576 45.101 -5.64461
0.0127063 -0.000684089 0.150187 0.856074
4.83526 -0.625342 -11.4721 -1.03694
0.253719 -0.11251 0.564976 -2.14367
-0.22489 0.00545979 0.0169694 1.95148
-9.47291 0.633085 76.2768 -7.10211
0.498347 -0.0924155 -0.158727 1.68632
0.0288374 -0.00688271 0.246626 0.481635
-0.0972265 0.0164395 0.431648 0.108954
0.0520969 -0.0155725 0.425735 -0.725598
0.0887901 -0.0248819 1.0675 -7.94741
0.0535767 -0.0135252 0.436234 -1.71704
-6.58978 0.584399 37.8871 -5.23078
0.504588 -0.0789056 -0.609298 -0.468122
0.167298 -0.0274384 0.0031113 2.04977
0.0747835 -0.0168119 1.30208 -15.3563
7.59221 -0.831472 -26.6837 -2.35827
0.0265515 -0.00768907 0.249784 0.0090793
-0.399696 0.0626533 0.669495 0.517436
-9.37465 0.612768 77.8921 -7.35927
-9.1541 0.600312 76.0596 -7.38188
0.0296726 -0.00505764 0.233907 0.00841689
1.51427 -0.246849 -1.61303 0.590289
9.99212 -0.690996 -97.2639 -9.50087
-0.460977 0.0707894 0.709051 0.577588
6.62571 -0.605628 -38.6933 -5.29386
-0.560746 0.0660925 0.539717 1.16692
2.69742 -0.165484 -20.6577 -6.40386
-0.223912 0.00522663 0.0166713 1.9602
1.31434 -0.196477 -1.51549 0.464729
-1.81796 0.268128 2.5845 0.0650481
-3.21403 0.175643 22.4219 -5.50104
-0.247501 0.00842125 0.041335 1.86045
-0.504494 0.0679068 1.15642 -1.61274
0.191217 -0.0262719 -0.00594349 1.97288
5.73053 -0.517722 -37.0536 -6.14159
9.67918 -0.733277 -80.3139 -7.97309
-1.12349 -0.00420343 9.66376 -5.25989
