0.0672154 -0.0154895 0.519495 -1.32134
0.0511095 -0.00790703 0.370408 -0.460187
0.0455315 -0.0093915 0.383407 -0.401203
0.313712 -0.110745 0.112378 -2.59061
-1.58327 0.204343 2.623 -0.355577
0.0933589 -0.013798 0.655733 -2.24435
0.0568168 -0.0100867 0.407098 -0.494403
0.0861242 -0.0144547 0.626364 -2.20511
0.0912061 -0.0167917 0.685673 -2.39157
0.0560456 -0.00789668 0.411463 -0.289993
0.0592488 -0.00751115 0.423185 -0.315594
-0.613926 0.0504006 0.716267 0.748404
-0.473473 0.0973855 0.000148322 1.99932
0.0708654 -0.0151777 0.532688 -1.34555
0.0634998 -0.00997632 0.460588 -0.826938
0.054141 -0.00540106 0.385714 -0.272506
0.0598852 -0.012163 0.449229 -1.00414
0.0739258 -0.0183243 0.592425 -2.01749
0.0382908 -0.00870576 0.326597 0.0157292
-1.10959 0.0847652 6.70984 -3.89171
0.0841197 -0.0175118 0.658844 -2.37654
0.054141 -0.00540106 0.385714 -0.272506
0.0410043 -0.00606509 0.311371 0.0148148
0.0827196 -0.0150707 0.634971 -2.52185
0.0692451 -0.0123874 0.492473 -1.18243
0.0583398 -0.0108208 0.440126 -0.474221
0.0737444 -0.0148545 0.552305 -1.52605
0.0417718 -0.00490765 0.30193 0.0141738
0.0702602 -0.0129521 0.520202 -1.06641
0.0561789 -0.00826643 0.413789 -0.46173
0.0832588 -0.0150679 0.615707 -1.82418
0.078138 -0.0121239 0.535264 -0.965384
0.0497331 -0.0108274 0.386236 -0.452221
0.0489817 -0.0108215 0.384817 -0.528219
0.0374134 -0.00923862 0.329751 0.0159718
0.069327 -0.0126858 0.505968 -1.39483
0.041191 -0.00410269 0.289733 0.0130785
0.0594342 -0.0103299 0.435076 -1.11586
0.0350714 -0.00914261 0.329659 -0.34946
0.0547944 -0.0104095 0.418174 -1.0451
0.0496904 -0.00435384 0.341356 0.0181142
0.0745299 -0.0148676 0.545847 -1.36882
0.0841197 -0.0175118 0.658844 -2.37654
0.0568168 -0.0100867 0.407098 -0.494403
0.0832588 -0.0150679 0.615707 -1.82418
0.086181 -0.0200365 0.684127 -2.2713
0.0682672 -0.0118315 0.492893 -0.804897
0.24911 -0.033891 0.0732988 -0.284155
0.0462079 -0.0111961 0.375607 -0.428801
0.0359523 -0.00742265 0.29857 0.0133315
0.0312185 -0.00746818 0.271396 0.248156
0.047507 -0.00867372 0.394844 -0.334094
0.0645366 -0.0125888 0.482821 -1.84454
0.0594342 -0.0103299 0.435076 -1.11586
0.0350714 -0.00914261 0.329659 -0.34946
0.0395403 -0.00424744 0.28015 0.0121453
0.0650356 -0.00904217 0.451346 -1.10467
0.0533226 -0.00494199 0.353444 -0.375055
0.0710414 -0.0116361 0.49352 -1.58898
0.0511095 -0.00790703 0.370408 -0.460187
0.0460551 -0.00470666 0.324155 0.0162606
0.0444436 -0.00909321 0.383353 -0.308928
0.0532705 -0.0104576 0.396727 -0.474037
0.0601089 -0.0103896 0.449163 -0.804931
0.0441056 -0.00866055 0.349395 -0.412294
0.0371778 -0.00837739 0.315745 0.0146649
0.0336062 -0.00613466 0.27044 0.011108
0.0511095 -0.00790703 0.370408 -0.460187
0.0756387 -0.0157208 0.601613 -2.46176
0.0618659 -0.00953694 0.44116 -1.09583
0.0368293 -0.00688974 0.295411 0.0130877
0.0448029 -0.00547678 0.332679 -0.309978
0.0729055 -0.0120849 0.506093 -1.21234
0.0876286 -0.0171557 0.673087 -2.38941
0.0500259 -0.00583284 0.361504 0.0201158
0.0646052 -0.012476 0.492623 -0.945732
0.0460551 -0.00470666 0.324155 0.0162606
0.0444436 -0.00909321 0.383353 -0.308928
0.0568168 -0.0100867 0.407098 -0.494403
0.0435298 -0.00538597 0.317765 0.0155435
0.0424595 -0.0078771 0.342468 0.0176559
0.0475786 -0.0119284 0.409728 -0.41744
0.0382908 -0.00870576 0.326597 0.0157292
0.0729055 -0.0120849 0.506093 -1.21234
0.0850397 -0.0174571 0.64142 -2.12083
0.0912061 -0.0167917 0.685673 -2.39157
0.0684153 -0.0180893 0.555122 -1.44834
0.0601089 -0.0103896 0.449163 -0.804931
0.0475933 -0.00393602 0.327414 0.0169186
0.082575 -0.014789 0.611298 -2.18246
0.0729055 -0.0120849 0.506093 -1.21234
0.0655914 -0.0126899 0.478779 -1.15092
0.056714 -0.00820974 0.414361 -0.387761
0.0616732 -0.0126976 0.470915 -0.770259
0.0477014 -0.00455907 0.333673 0.0173252
0.0649851 -0.0122688 0.481982 -0.788456
0.0338142 -0.00446664 0.255691 0.328892
0.0376012 -0.00727693 0.30813 0.0143361
0.0346528 -0.00905687 0.309359 0.0138627
0.0692451 -0.0123874 0.492473 -1.18243
0.0486726 -0.00712901 0.335777 -0.569322
0.0594342 -0.0103299 0.435076 -1.11586
0.0323087 -0.00777018 0.281256 0.0116227
0.0441056 -0.00866055 0.349395 -0.412294
0.0677304 -0.0120434 0.48224 -1.58465
0.066195 -0.00948412 0.453504 -1.65079
0.0718616 -0.0119426 0.511274 -1.89923
0.0421849 -0.00614507 0.322827 -0.392401
0.0601089 -0.0103896 0.449163 -0.804931
0.0489817 -0.0108215 0.384817 -0.528219
0.0657699 -0.0130055 0.492475 -1.36925
0.0435298 -0.00538597 0.317765 0.0155435
0.0343025 -0.00756797 0.288999 0.0123586
0.0334258 -0.00810109 0.292163 0.012578
0.0419616 -0.0115918 0.364672 -0.489362
0.0476001 -0.00828368 0.359961 -0.437061
0.0448029 -0.00547678 0.332679 -0.309978
0.0618659 -0.00953694 0.44116 -1.09583
0.0350714 -0.00914261 0.329659 -0.34946
0.055641 -0.0100669 0.402808 -0.833142
0.0682127 -0.0122704 0.49729 -1.87465
0.0682127 -0.0122704 0.49729 -1.87465
0.0521125 -0.00673104 0.345844 -0.588583
0.0452364 -0.00752662 0.325643 -0.548645
0.047507 -0.00867372 0.394844 -0.334094
0.0384785 -0.00674398 0.304973 0.0140773
0.0476001 -0.00828368 0.359961 -0.437061
0.0703027 -0.0150705 0.543826 -2.10735
0.0406319 -0.00903814 0.338689 -0.385694
0.0334258 -0.00810109 0.292163 0.012578
0.0419616 -0.0115918 0.364672 -0.489362
0.0839688 -0.0188569 0.726744 -3.77632
0.0681298 -0.012469 0.516309 -2.21151
0.0682127 -0.0122704 0.49729 -1.87465
0.0350714 -0.00914261 0.329659 -0.34946
0.041191 -0.00410269 0.289733 0.0130785
0.0729055 -0.0120849 0.506093 -1.21234
0.0745299 -0.0148676 0.545847 -1.36882
0.0634998 -0.00997632 0.460588 -0.826938
0.0546294 -0.00753021 0.380753 -0.481831
0.0546294 -0.00753021 0.380753 -0.481831
0.0465392 -0.00796613 0.359336 -0.331772
0.0598852 -0.012163 0.449229 -1.00414
0.0511095 -0.00790703 0.370408 -0.460187
0.0338142 -0.00446664 0.255691 0.328892
0.0414135 -0.00951472 0.371702 -0.282082
0.0384785 -0.00674398 0.304973 0.0140773
0.0601089 -0.0103896 0.449163 -0.804931
0.0422516 -0.00160533 0.264893 0.0110426
0.049103 -0.00535446 0.343214 -0.439898
0.0347241 -0.00646618 0.28136 0.0120494
0.0422516 -0.00160533 0.264893 0.0110426
0.046246 -0.002747 0.302575 0.0143657
0.069327 -0.0126858 0.505968 -1.39483
0.0566668 -0.0107834 0.437329 -0.779151
0.0423063 -0.00443252 0.300616 0.0141132
0.0446419 -0.00571379 0.328604 0.0166533
0.0429032 -0.00657143 0.354343 -0.27455
0.0421174 -0.00639353 0.322224 0.0158951
0.0531412 -0.011123 0.423675 -0.739978
0.0286523 -0.00368267 0.247956 0.421738
0.0373632 -0.0064142 0.29409 0.0130613
0.0359523 -0.00742265 0.29857 0.0133315
0.0511095 -0.00790703 0.370408 -0.460187
0.0437189 -0.00342507 0.296159 0.0137067
0.0546294 -0.00753021 0.380753 -0.481831
0.0373632 -0.0064142 0.29409 0.0130613
0.0476001 -0.00828368 0.359961 -0.437061
0.0710414 -0.0116361 0.49352 -1.58898
0.0581568 -0.00715288 0.391004 -0.502112
0.0546294 -0.00753021 0.380753 -0.481831
0.0511095 -0.00790703 0.370408 -0.460187
0.0423063 -0.00443252 0.300616 0.0141132
0.0441056 -0.00866055 0.349395 -0.412294
0.0511095 -0.00790703 0.370408 -0.460187
0.0441056 -0.00866055 0.349395 -0.412294
0.0370117 -0.00492453 0.273713 0.0115138
0.0406319 -0.00903814 0.338689 -0.385694
0.0698876 -0.0187072 0.62337 -3.26334
0.0448029 -0.00547678 0.332679 -0.309978
0.0586811 -0.0102054 0.430572 -1.80482
0.0456357 -0.00574962 0.333083 -0.417043
0.0420952 -0.00879017 0.344941 -0.89221
0.0452364 -0.00752662 0.325643 -0.548645
0.0395403 -0.00424744 0.28015 0.0121453
0.0475886 -0.00464329 0.31066 -0.466349
0.0486726 -0.00712901 0.335777 -0.569322
0.0608591 -0.0129038 0.467875 -1.80874
0.0476001 -0.00828368 0.359961 -0.437061
0.036592 -0.0061817 0.311493 -0.33913
0.0486726 -0.00712901 0.335777 -0.569322
0.0448029 -0.00547678 0.332679 -0.309978
0.035601 -0.00593302 0.278195 0.0118074
0.0348361 -0.0070923 0.287675 0.0123458
0.0321961 -0.00714366 0.274933 0.0113451
0.055641 -0.0100669 0.402808 -0.833142
0.0395403 -0.00424744 0.28015 0.0121453
0.0566382 -0.00758995 0.402593 -1.09045
0.0310773 -0.0068116 0.264001 0.0104342
0.0421849 -0.00614507 0.322827 -0.392401
0.0421849 -0.00614507 0.322827 -0.392401
0.0397215 -0.00228141 0.258435 0.0104972
0.0397215 -0.00228141 0.258435 0.0104972
0.036592 -0.0061817 0.311493 -0.33913
0.0601089 -0.0103896 0.449163 -0.804931
0.0598852 -0.012163 0.449229 -1.00414
0.0618659 -0.00953694 0.44116 -1.09583
0.0546294 -0.00753021 0.380753 -0.481831
0.0513669 -0.0107694 0.404591 -1.00804
0.0286523 -0.00368267 0.247956 0.421738
0.0472712 -0.0100842 0.352942 -0.562918
0.0511095 -0.00790703 0.370408 -0.460187
0.0421849 -0.00614507 0.322827 -0.392401
0.049103 -0.00535446 0.343214 -0.439898
0.0483597 -0.0133001 0.405651 -1.35156
0.0513669 -0.0107694 0.404591 -1.00804
0.0423063 -0.00443252 0.300616 0.0141132
0.0754331 -0.0153767 0.576853 -2.10669
0.0546294 -0.00753021 0.380753 -0.481831
0.0476001 -0.00828368 0.359961 -0.437061
0.0509321 -0.00864631 0.397915 -0.740203
0.0373632 -0.0064142 0.29409 0.0130613
0.0389018 -0.00564359 0.297358 0.0137157
0.0395403 -0.00424744 0.28015 0.0121453
0.0566668 -0.0107834 0.437329 -0.779151
0.0363739 -0.00518619 0.289332 0.327903
0.0435689 -0.00820323 0.353269 0.0188168
0.0496904 -0.00435384 0.341356 0.0181142
0.0388048 -0.00127802 0.252764 0.301996
0.0618659 -0.00953694 0.44116 -1.09583
0.041805 -0.00792388 0.31543 -0.526382
0.0448029 -0.00547678 0.332679 -0.309978
0.0525809 -0.00495882 0.353232 -0.461116
0.046246 -0.002747 0.302575 0.0143657
0.0533226 -0.00494199 0.353444 -0.375055
0.0426519 -0.00591843 0.32091 0.015851
0.0618659 -0.00953694 0.44116 -1.09583
0.0410043 -0.00606509 0.311371 0.0148148
0.0521125 -0.00673104 0.345844 -0.588583
0.0521125 -0.00673104 0.345844 -0.588583
0.0437637 -0.00624617 0.331745 0.0169664
0.0384353 -0.0025148 0.277098 0.329709
0.063431 -0.0114745 0.447783 -0.833099
0.324498 -0.0459125 -0.0796922 -0.393749
0.0875267 -0.0108846 0.56112 -1.32451
0.0787164 -0.00884939 0.529834 -0.721031
0.0498223 -0.00778397 0.382904 0.0221703
0.0634439 -0.00532143 0.438838 -0.245009
0.041191 -0.00410269 0.289733 0.0130785
0.0521125 -0.00673104 0.345844 -0.588583
0.0594342 -0.0103299 0.435076 -1.11586
0.04084 -0.00261328 0.269363 0.0114406
0.0561789 -0.00826643 0.413789 -0.46173
0.0460551 -0.00470666 0.324155 0.0162606
0.0581568 -0.00715288 0.391004 -0.502112
0.0601089 -0.0103896 0.449163 -0.804931
