0.0280666 -0.0131343 0.323275 -0.394009
0.019869 -0.00620183 0.218638 0.393402
0.0247915 -0.0126377 0.297868 0.0116066
-0.368714 0.021371 0.361383 -0.160276
-0.0520986 -0.0429171 0.329808 -0.805371
0.03699 -0.0148969 0.370901 -0.461871
0.0270758 -0.0110939 0.290172 0.0114073
0.0256673 -0.0121038 0.294686 0.0114867
0.0366159 -0.0166845 0.363666 -0.584362
0.0260204 -0.0135946 0.315086 0.0127905
0.0511534 -0.0199877 0.498336 -1.5435
-1.35437 0.168315 2.08533 -0.206519
-0.723908 0.0677156 0.951352 0.169591
0.0311206 -0.0145167 0.32612 -0.550485
0.0245494 -0.0117724 0.283767 0.0105716
0.0258442 -0.0101351 0.272915 0.0102708
0.0280666 -0.0131343 0.323275 -0.394009
0.0280666 -0.0131343 0.323275 -0.394009
0.0321072 -0.0145531 0.326866 -0.45786
0.0625852 -0.0230225 0.6567 -3.51471
-0.868169 0.0546215 5.48516 -4.00048
0.03699 -0.0148969 0.370901 -0.461871
0.0254251 -0.0112386 0.280586 0.0104483
0.0245494 -0.0117724 0.283767 0.0105716
0.0231415 -0.0127826 0.288288 0.0106117
0.0293712 -0.0156434 0.347889 -0.49371
0.0231415 -0.0127826 0.288288 0.0106117
0.0255231 -0.0167745 0.365512 -0.778409
0.0244418 -0.00839358 0.242974 0.00838665
0.0280111 -0.0133903 0.322784 0.0136634
0.0545312 -0.0215553 0.517478 -1.71237
0.0477477 -0.0165243 0.441591 -1.09683
0.0328462 -0.0152408 0.357617 -0.51193
0.0334772 -0.0152732 0.360463 -0.438819
0.0245494 -0.0117724 0.283767 0.0105716
0.0272529 -0.00912528 0.268404 0.010153
0.0233163 -0.0108126 0.26649 0.0094848
0.0210672 -0.00960594 0.239564 0.00776941
0.0183697 -0.0122684 0.25519 0.00801043
0.0180707 -0.0113783 0.240819 0.0071884
0.040676 -0.0173995 0.418689 -1.04665
0.0345596 -0.0141193 0.336241 -0.571039
0.040676 -0.0173995 0.418689 -1.04665
0.0293712 -0.0156434 0.347889 -0.49371
0.0268963 -0.0130608 0.311907 0.012669
0.03699 -0.0148969 0.370901 -0.461871
0.0294201 -0.0123806 0.318277 0.013584
0.0319435 -0.0117002 0.324642 0.0144907
0.024793 -0.0121524 0.287611 -0.490379
0.0207881 -0.0114899 0.260059 0.00868952
0.0195059 -0.0118478 0.259599 0.241238
0.0139078 -0.00529307 0.190008 0.703733
0.0280145 -0.0116955 0.297246 -0.508677
0.0111344 -0.00757312 0.188863 0.504153
0.0180707 -0.0113783 0.240819 0.0071884
0.0167667 -0.0130235 0.25187 0.00735379
0.0233163 -0.0108126 0.26649 0.0094848
0.0230712 -0.00994551 0.252347 0.00853553
0.0220227 -0.0124506 0.277357 0.00972631
0.0265041 -0.016027 0.3392 -0.387561
0.0224772 -0.0131714 0.311931 -0.340753
0.0180118 -0.00891311 0.230526 0.388808
0.0467797 -0.0199006 0.468533 -1.81191
0.0254251 -0.0112386 0.280586 0.0104483
0.0203707 -0.0125944 0.26775 0.00879816
0.020134 -0.00829425 0.208572 0.335933
0.0220227 -0.0124506 0.277357 0.00972631
0.0258442 -0.0101351 0.272915 0.0102708
0.0539771 -0.0194148 0.532239 -2.94117
0.0230712 -0.00994551 0.252347 0.00853553
0.0206043 -0.0107098 0.247437 0.00796707
0.0180707 -0.0113783 0.240819 0.0071884
0.0309965 -0.0127404 0.330993 -0.500667
0.0334772 -0.0152732 0.360463 -0.438819
0.0247915 -0.0126377 0.297868 0.0116066
0.0299799 -0.0156497 0.349903 -0.414112
0.0293712 -0.0156434 0.347889 -0.49371
0.0372475 -0.0177597 0.405118 -1.0097
0.0245494 -0.0117724 0.283767 0.0105716
0.0345596 -0.0141193 0.336241 -0.571039
0.0196865 -0.0114551 0.25609 0.327426
0.0245494 -0.0117724 0.283767 0.0105716
0.0328462 -0.0152408 0.357617 -0.51193
0.033681 -0.0120472 0.345092 -0.342674
0.0296019 -0.0104151 0.296573 0.0122338
0.0615599 -0.0227179 0.602643 -2.46732
0.0334772 -0.0152732 0.360463 -0.438819
0.0230773 -0.015378 0.316384 0.0119452
0.0148544 -0.00933645 0.220587 0.42639
0.0280666 -0.0131343 0.323275 -0.394009
0.0233163 -0.0108126 0.26649 0.0094848
0.0206153 -0.0134612 0.281886 0.00972607
0.0231415 -0.0127826 0.288288 0.0106117
0.0345596 -0.0141193 0.336241 -0.571039
0.0504553 -0.0195855 0.483466 -1.84742
0.0415294 -0.0170592 0.403359 -0.835116
0.0206043 -0.0107098 0.247437 0.00796707
0.0148544 -0.00933645 0.220587 0.42639
0.0207881 -0.0114899 0.260059 0.00868952
0.0390597 -0.0149263 0.389103 -1.05049
0.0206043 -0.0107098 0.247437 0.00796707
0.0206043 -0.0107098 0.247437 0.00796707
0.0234246 -0.0159834 0.333476 -0.839524
0.0155371 -0.0120463 0.234195 0.00640083
0.0206043 -0.0107098 0.247437 0.00796707
0.0207881 -0.0114899 0.260059 0.00868952
0.0137441 -0.00701983 0.196258 0.492186
0.0180707 -0.0113783 0.240819 0.0071884
0.0371473 -0.0179997 0.414167 -1.21175
0.0203707 -0.0125944 0.26775 0.00879816
0.0220227 -0.0124506 0.277357 0.00972631
0.0180118 -0.00891311 0.230526 0.388808
0.0155371 -0.0120463 0.234195 0.00640083
0.0183697 -0.0122684 0.25519 0.00801043
0.0189116 -0.0108365 0.237635 0.00713844
0.0233163 -0.0108126 0.26649 0.0094848
0.0230712 -0.00994551 0.252347 0.00853553
0.0396195 -0.0171089 0.404072 -1.45765
0.0196573 -0.0136478 0.300733 -0.313247
0.0180707 -0.0113783 0.240819 0.0071884
0.024793 -0.0121524 0.287611 -0.490379
0.0183697 -0.0122684 0.25519 0.00801043
0.0268447 -0.0156438 0.346585 -0.878775
0.0166772 -0.0123939 0.245374 0.00714433
0.0220227 -0.0124506 0.277357 0.00972631
0.0118267 -0.0098568 0.212742 0.450392
0.0194956 -0.0131286 0.270942 0.00887044
0.0216634 -0.0109557 0.256869 0.00859342
0.0194956 -0.0131286 0.270942 0.00887044
0.0194956 -0.0131286 0.270942 0.00887044
0.0230712 -0.00994551 0.252347 0.00853553
0.0280666 -0.0131343 0.323275 -0.394009
0.020134 -0.00829425 0.208572 0.335933
0.0197633 -0.0112521 0.250627 0.00803243
0.0180707 -0.0113783 0.240819 0.0071884
0.0215772 -0.0126074 0.277836 -0.469942
0.0245494 -0.0117724 0.283767 0.0105716
0.0233163 -0.0108126 0.26649 0.0094848
0.0143208 -0.00790835 0.21618 0.57328
0.0148544 -0.00933645 0.220587 0.42639
0.0220227 -0.0124506 0.277357 0.00972631
0.0228981 -0.0119166 0.274171 0.00962824
0.0224772 -0.0131714 0.311931 -0.340753
0.0354842 -0.0152065 0.373178 -0.990811
0.0207881 -0.0114899 0.260059 0.00868952
0.0245494 -0.0117724 0.283767 0.0105716
0.0315201 -0.0127391 0.333519 -0.418554
0.0315201 -0.0127391 0.333519 -0.418554
0.0148787 -0.00610611 0.17529 0.44843
0.0165418 -0.00951398 0.208809 0.00551609
0.0165418 -0.00951398 0.208809 0.00551609
0.0157011 -0.0100553 0.211987 0.00555879
0.0224772 -0.0131714 0.311931 -0.340753
0.0319805 -0.0155413 0.359598 -0.949177
0.0194956 -0.0131286 0.270942 0.00887044
0.0268447 -0.0156438 0.346585 -0.878775
0.0197633 -0.0112521 0.250627 0.00803243
0.0224772 -0.0131714 0.311931 -0.340753
0.0152944 -0.0120351 0.251448 0.267035
0.0207881 -0.0114899 0.260059 0.00868952
0.0105374 -0.0100074 0.217165 0.357834
0.0137441 -0.00701983 0.196258 0.492186
0.0203707 -0.0125944 0.26775 0.00879816
0.0216634 -0.0109557 0.256869 0.00859342
0.0210672 -0.00960594 0.239564 0.00776941
0.0180707 -0.0113783 0.240819 0.0071884
0.0215772 -0.0126074 0.277836 -0.469942
0.0143971 -0.0116993 0.223024 0.00569627
0.0172297 -0.0119202 0.244004 0.00722724
0.024793 -0.0121524 0.287611 -0.490379
0.0169306 -0.0110311 0.229644 0.00645038
0.0167667 -0.0130235 0.25187 0.00735379
0.005289 -0.00845828 0.168277 0.596823
0.0167667 -0.0130235 0.25187 0.00735379
0.0183697 -0.0122684 0.25519 0.00801043
0.0105374 -0.0100074 0.217165 0.357834
0.0206043 -0.0107098 0.247437 0.00796707
0.016773 -0.00895711 0.20046 0.277529
0.0111344 -0.00757312 0.188863 0.504153
0.0206043 -0.0107098 0.247437 0.00796707
0.0193746 -0.0097328 0.229764 0.00696563
0.016773 -0.00895711 0.20046 0.277529
0.00875438 -0.00804749 0.175728 0.566641
0.0140084 -0.0101831 0.202199 0.00484645
0.0155371 -0.0120463 0.234195 0.00640083
0.0141883 -0.00953224 0.190744 0.313588
0.0155371 -0.0120463 0.234195 0.00640083
0.0131677 -0.0107241 0.205372 0.00486222
0.0127622 -0.00877716 0.187484 0.439855
0.0166772 -0.0123939 0.245374 0.00714433
0.0197633 -0.0112521 0.250627 0.00803243
0.0207881 -0.0114899 0.260059 0.00868952
0.0127622 -0.00877716 0.187484 0.439855
0.0105374 -0.0100074 0.217165 0.357834
0.0194642 -0.0103624 0.23626 0.00719525
0.0205669 -0.0106397 0.284702 -0.307679
0.0215772 -0.0126074 0.277836 -0.469942
0.024793 -0.0121524 0.287611 -0.490379
0.0185573 -0.0130979 0.268171 -0.451673
0.00999643 -0.00907796 0.173802 0.502564
0.00651019 -0.00699126 0.140589 0.700125
0.0131677 -0.0107241 0.205372 0.00486222
0.0141883 -0.00953224 0.190744 0.313588
0.00572397 -0.0099131 0.173192 0.409153
0.0280666 -0.0131343 0.323275 -0.394009
0.0148544 -0.00933645 0.220587 0.42639
0.023255 -0.0134099 0.294624 0.0108152
0.0504553 -0.0195855 0.483466 -1.84742
0.0196573 -0.0136478 0.300733 -0.313247
0.0158667 -0.00831549 0.196892 0.399631
0.0207881 -0.0114899 0.260059 0.00868952
0.0136978 -0.00567883 0.191194 0.64442
0.0127622 -0.00877716 0.187484 0.439855
0.0118627 -0.00640313 0.163163 0.503663
0.00609034 -0.00815865 0.164307 0.686502
0.00953951 -0.00974515 0.185305 0.337465
0.0183697 -0.0122684 0.25519 0.00801043
0.0183697 -0.0122684 0.25519 0.00801043
0.0207881 -0.0114899 0.260059 0.00868952
0.0145017 -0.0116706 0.215272 0.260565
0.0215772 -0.0126074 0.277836 -0.469942
0.0155371 -0.0120463 0.234195 0.00640083
0.0145017 -0.0116706 0.215272 0.260565
0.0180707 -0.0113783 0.240819 0.0071884
0.0224772 -0.0131714 0.311931 -0.340753
0.0220227 -0.0124506 0.277357 0.00972631
0.0258442 -0.0101351 0.272915 0.0102708
0.00813174 -0.00252399 0.166861 0.814032
0.0148787 -0.00610611 0.17529 0.44843
-0.118629 0.0117604 0.403711 0.140924
0.0234246 -0.0159834 0.333476 -0.839524
0.0143076 -0.0110703 0.216535 0.00551439
0.0180707 -0.0113783 0.240819 0.0071884
0.0172297 -0.0119202 0.244004 0.00722724
0.0170246 -0.0107194 0.222662 0.327439
0.0145017 -0.0116706 0.215272 0.260565
0.0183697 -0.0122684 0.25519 0.00801043
0.0183697 -0.0122684 0.25519 0.00801043
0.0180707 -0.0113783 0.240819 0.0071884
0.0183697 -0.0122684 0.25519 0.00801043
0.0207294 -0.0140889 0.28823 0.00990959
0.0311206 -0.0145167 0.32612 -0.550485
0.0211463 -0.00848381 0.240447 0.353233
0.0223796 -0.0139439 0.297811 0.0109051
0.0648116 -0.0184251 0.542745 -1.4318
0.0404712 -0.0126721 0.389121 -0.374494
0.0271198 -0.0089715 0.287092 0.302052
0.0332425 -0.0100657 0.313848 0.014058
0.00201764 -0.00640744 0.135797 0.784972
0.0152073 -0.0135216 0.257951 -0.423194
0.0157011 -0.0100553 0.211987 0.00555879
0.00999643 -0.00907796 0.173802 0.502564
0.0209028 -0.012118 0.266411 0.00887652
0.0299799 -0.0156497 0.349903 -0.414112
0.0230712 -0.00994551 0.252347 0.00853553
0.0293712 -0.0156434 0.347889 -0.49371
