0.0136978 -0.00567883 0.191194 0.64442
0.0315201 -0.0127391 0.333519 -0.418554
0.013209 -0.00812875 0.220166 0.497353
-3.9662 0.43289 14.3536 -2.80812
0.0438076 -0.0516135 0.00611151 2.08161
0.0476299 -0.0146527 0.436993 -0.845794
0.0536423 -0.0190393 0.482842 -1.58699
0.0472224 -0.016841 0.454913 -1.30906
0.0246795 -0.00826485 0.253113 0.300767
0.0545312 -0.0215553 0.517478 -1.71237
0.0349906 -0.0123441 0.343636 -0.441305
-0.160092 0.00724301 0.0188238 2.30609
-0.778647 0.0769864 0.951229 0.390512
0.0328462 -0.0152408 0.357617 -0.51193
0.0284847 -0.0100842 0.285664 0.0112942
0.038472 -0.0119487 0.353637 -0.462405
0.0102372 -0.00865784 0.212506 0.520305
0.0195059 -0.0118478 0.259599 0.241238
0.0207294 -0.0140889 0.28823 0.00990959
-0.530374 0.042309 2.27642 -1.89901
0.0273166 -0.0119584 0.304255 0.0124967
0.0349906 -0.0123441 0.343636 -0.441305
0.0215449 -0.00903035 0.24278 0.27015
0.0256002 -0.00926871 0.258789 0.00926612
0.0345596 -0.0141193 0.336241 -0.571039
0.0180118 -0.00891311 0.230526 0.388808
0.0211463 -0.00848381 0.240447 0.353233
0.0220227 -0.0124506 0.277357 0.00972631
0.0201561 -0.0104496 0.272359 0.211628
0.0368131 -0.0156358 0.398396 -0.74166
0.033681 -0.0120472 0.345092 -0.342674
0.0419616 -0.0115918 0.364672 -0.489362
0.0431265 -0.0202144 0.453064 -1.77017
0.0224772 -0.0131714 0.311931 -0.340753
0.0148544 -0.00933645 0.220587 0.42639
0.0468547 -0.0194797 0.440904 -1.28062
0.0230712 -0.00994551 0.252347 0.00853553
0.0221957 -0.0104795 0.255534 0.00865035
0.0361022 -0.0172237 0.380129 -1.32782
0.0158667 -0.00831549 0.196892 0.399631
0.0368131 -0.0156358 0.398396 -0.74166
0.0315201 -0.0127391 0.333519 -0.418554
0.0380026 -0.0137217 0.346295 -0.590195
0.0161261 -0.00644151 0.185674 0.665897
0.0317659 -0.0131932 0.368571 -0.316371
0.0368131 -0.0156358 0.398396 -0.74166
0.0613372 -0.0223704 0.577465 -2.10861
0.0509125 -0.0160266 0.451683 -1.105
0.0178429 -0.013272 0.261325 0.00795696
0.0105374 -0.0100074 0.217165 0.357834
0.0178429 -0.013272 0.261325 0.00795696
0.0207881 -0.0114899 0.260059 0.00868952
0.024793 -0.0121524 0.287611 -0.490379
0.0319805 -0.0155413 0.359598 -0.949177
0.0180707 -0.0113783 0.240819 0.0071884
0.0183697 -0.0122684 0.25519 0.00801043
0.0256002 -0.00926871 0.258789 0.00926612
0.0280666 -0.0131343 0.323275 -0.394009
0.0233163 -0.0108126 0.26649 0.0094848
0.0224772 -0.0131714 0.311931 -0.340753
0.0280666 -0.0131343 0.323275 -0.394009
0.0220227 -0.0124506 0.277357 0.00972631
0.0234305 -0.0114403 0.272834 0.00969181
0.040676 -0.0173995 0.418689 -1.04665
0.0169681 -0.0138064 0.264522 0.0080027
0.0196573 -0.0136478 0.300733 -0.313247
0.0152944 -0.0120351 0.251448 0.267035
0.0205792 -0.0104735 0.233594 0.281782
0.0230712 -0.00994551 0.252347 0.00853553
0.0311206 -0.0145167 0.32612 -0.550485
0.0207881 -0.0114899 0.260059 0.00868952
0.0206043 -0.0107098 0.247437 0.00796707
0.0368131 -0.0156358 0.398396 -0.74166
0.0270758 -0.0110939 0.290172 0.0114073
0.0390216 -0.0181148 0.424251 -0.741867
0.0249045 -0.0132644 0.304194 0.0118251
0.0143208 -0.00790835 0.21618 0.57328
0.0207881 -0.0114899 0.260059 0.00868952
0.0280666 -0.0131343 0.323275 -0.394009
0.0280666 -0.0131343 0.323275 -0.394009
0.0152944 -0.0120351 0.251448 0.267035
0.0218475 -0.0144204 0.299151 0.0108102
0.0203707 -0.0125944 0.26775 0.00879816
0.0334772 -0.0152732 0.360463 -0.438819
0.0281927 -0.0114246 0.301078 0.012352
0.0404338 -0.0153137 0.411273 -0.77779
0.0254251 -0.0112386 0.280586 0.0104483
0.0405346 -0.017621 0.427904 -1.24739
0.0280666 -0.0131343 0.323275 -0.394009
0.0256673 -0.0121038 0.294686 0.0114867
0.0258442 -0.0101351 0.272915 0.0102708
0.0220227 -0.0124506 0.277357 0.00972631
0.0268963 -0.0130608 0.311907 0.012669
0.0299799 -0.0156497 0.349903 -0.414112
0.0180118 -0.00891311 0.230526 0.388808
0.023564 -0.0112785 0.266562 0.28916
0.0167667 -0.0130235 0.25187 0.00735379
0.0178429 -0.013272 0.261325 0.00795696
0.0118267 -0.0098568 0.212742 0.450392
0.0230712 -0.00994551 0.252347 0.00853553
0.016773 -0.00895711 0.20046 0.277529
0.0137441 -0.00701983 0.196258 0.492186
0.0145017 -0.0116706 0.215272 0.260565
0.0141883 -0.00953224 0.190744 0.313588
0.0219082 -0.0090634 0.236372 0.00767946
0.0205669 -0.0106397 0.284702 -0.307679
0.0230712 -0.00994551 0.252347 0.00853553
0.0183697 -0.0122684 0.25519 0.00801043
0.0280666 -0.0131343 0.323275 -0.394009
0.0302481 -0.0184055 0.376173 -0.916125
0.0203707 -0.0125944 0.26775 0.00879816
0.0216634 -0.0109557 0.256869 0.00859342
0.0118026 -0.0121925 0.204519 0.302926
0.0201648 -0.0155423 0.294673 -0.466182
0.0167667 -0.0130235 0.25187 0.00735379
0.0194956 -0.0131286 0.270942 0.00887044
0.0224772 -0.0131714 0.311931 -0.340753
0.0354842 -0.0152065 0.373178 -0.990811
0.0183697 -0.0122684 0.25519 0.00801043
0.0276866 -0.0149137 0.315918 -0.528337
0.0210672 -0.00960594 0.239564 0.00776941
0.024793 -0.0121524 0.287611 -0.490379
0.0210672 -0.00960594 0.239564 0.00776941
0.0172297 -0.0119202 0.244004 0.00722724
0.0221957 -0.0104795 0.255534 0.00865035
0.0167667 -0.0130235 0.25187 0.00735379
0.0196573 -0.0136478 0.300733 -0.313247
0.0276866 -0.0149137 0.315918 -0.528337
0.0201648 -0.0155423 0.294673 -0.466182
0.0145017 -0.0116706 0.215272 0.260565
0.0196573 -0.0136478 0.300733 -0.313247
0.0197633 -0.0112521 0.250627 0.00803243
0.0227561 -0.0117048 0.288245 -0.355361
0.0206043 -0.0107098 0.247437 0.00796707
0.0145017 -0.0116706 0.215272 0.260565
0.0111344 -0.00757312 0.188863 0.504153
0.0256002 -0.00926871 0.258789 0.00926612
0.0245494 -0.0117724 0.283767 0.0105716
0.0259578 -0.0107624 0.279251 0.0104975
0.0224772 -0.0131714 0.311931 -0.340753
0.0299799 -0.0156497 0.349903 -0.414112
0.0195059 -0.0118478 0.259599 0.241238
0.0265041 -0.016027 0.3392 -0.387561
0.0220227 -0.0124506 0.277357 0.00972631
0.0178429 -0.013272 0.261325 0.00795696
0.0128909 -0.0094468 0.203922 0.561593
0.0228981 -0.0119166 0.274171 0.00962824
0.0274521 -0.0131347 0.32131 -0.480327
0.0326391 -0.0143961 0.352773 -1.35986
0.0127622 -0.00877716 0.187484 0.439855
0.0234246 -0.0159834 0.333476 -0.839524
0.0180707 -0.0113783 0.240819 0.0071884
0.0233163 -0.0108126 0.26649 0.0094848
0.0233163 -0.0108126 0.26649 0.0094848
0.0221957 -0.0104795 0.255534 0.00865035
0.0276866 -0.0149137 0.315918 -0.528337
0.0224772 -0.0131714 0.311931 -0.340753
0.0224772 -0.0131714 0.311931 -0.340753
0.0207881 -0.0114899 0.260059 0.00868952
0.0170246 -0.0107194 0.222662 0.327439
0.0145322 -0.0145799 0.259596 0.00725099
0.0268447 -0.0156438 0.346585 -0.878775
0.0169681 -0.0138064 0.264522 0.0080027
0.0192108 -0.0117261 0.252001 0.0079655
0.0158667 -0.00831549 0.196892 0.399631
0.0180707 -0.0113783 0.240819 0.0071884
0.0183697 -0.0122684 0.25519 0.00801043
0.0169306 -0.0110311 0.229644 0.00645038
0.0206043 -0.0107098 0.247437 0.00796707
0.0224772 -0.0131714 0.311931 -0.340753
0.0337166 -0.0183608 0.400144 -1.17203
0.0118267 -0.0098568 0.212742 0.450392
0.0141883 -0.00953224 0.190744 0.313588
0.0141883 -0.00953224 0.190744 0.313588
0.0111344 -0.00757312 0.188863 0.504153
0.00912022 -0.0101661 0.197699 0.516816
0.0183697 -0.0122684 0.25519 0.00801043
0.0166772 -0.0123939 0.245374 0.00714433
0.0172297 -0.0119202 0.244004 0.00722724
0.0189116 -0.0108365 0.237635 0.00713844
0.0189116 -0.0108365 0.237635 0.00713844
0.024793 -0.0121524 0.287611 -0.490379
0.0215772 -0.0126074 0.277836 -0.469942
0.0155371 -0.0120463 0.234195 0.00640083
0.0172297 -0.0119202 0.244004 0.00722724
0.0193746 -0.0097328 0.229764 0.00696563
0.016773 -0.00895711 0.20046 0.277529
0.00999643 -0.00907796 0.173802 0.502564
0.0192108 -0.0117261 0.252001 0.0079655
0.0145017 -0.0116706 0.215272 0.260565
0.0310806 -0.0149495 0.326819 -1.0447
0.0206043 -0.0107098 0.247437 0.00796707
0.00953951 -0.00974515 0.185305 0.337465
0.0159258 -0.0135651 0.255051 0.00736643
0.0172297 -0.0119202 0.244004 0.00722724
0.0268447 -0.0156438 0.346585 -0.878775
0.0215772 -0.0126074 0.277836 -0.469942
0.0148787 -0.00610611 0.17529 0.44843
0.0143076 -0.0110703 0.216535 0.00551439
0.0155371 -0.0120463 0.234195 0.00640083
0.00538315 -0.00603637 0.144851 0.737192
0.0141883 -0.00953224 0.190744 0.313588
0.0182345 -0.00938615 0.218597 0.00624629
0.0185573 -0.0130979 0.268171 -0.451673
0.0280666 -0.0131343 0.323275 -0.394009
0.0102372 -0.00865784 0.212506 0.520305
0.0230712 -0.00994551 0.252347 0.00853553
0.0233163 -0.0108126 0.26649 0.0094848
0.0166772 -0.0123939 0.245374 0.00714433
0.0183697 -0.0122684 0.25519 0.00801043
0.0268447 -0.0156438 0.346585 -0.878775
0.0206043 -0.0107098 0.247437 0.00796707
0.0165418 -0.00951398 0.208809 0.00551609
0.0193746 -0.0097328 0.229764 0.00696563
0.0130036 -0.0127137 0.227565 0.00560216
0.0143076 -0.0110703 0.216535 0.00551439
0.0194642 -0.0103624 0.23626 0.00719525
0.0158667 -0.00831549 0.196892 0.399631
0.0205669 -0.0106397 0.284702 -0.307679
0.0127622 -0.00877716 0.187484 0.439855
0.0118267 -0.0098568 0.212742 0.450392
0.00953951 -0.00974515 0.185305 0.337465
0.0110033 -0.00876368 0.167838 0.611278
0.0168411 -0.0104018 0.223152 0.00624437
0.0194956 -0.0131286 0.270942 0.00887044
0.0196573 -0.0136478 0.300733 -0.313247
0.0280666 -0.0131343 0.323275 -0.394009
0.0177433 -0.00748292 0.182044 0.621746
0.0182345 -0.00938615 0.218597 0.00624629
0.0138578 -0.00776812 0.208467 0.328171
0.0327314 -0.0201655 0.416358 -1.57513
0.00875438 -0.00804749 0.175728 0.566641
0.016773 -0.00895711 0.20046 0.277529
0.00355518 -0.00491116 0.148719 0.777533
0.0158667 -0.00831549 0.196892 0.399631
0.0178429 -0.013272 0.261325 0.00795696
0.0141883 -0.00953224 0.190744 0.313588
0.0155371 -0.0120463 0.234195 0.00640083
0.00912022 -0.0101661 0.197699 0.516816
0.0145017 -0.0116706 0.215272 0.260565
0.0169681 -0.0138064 0.264522 0.0080027
0.0296861 -0.0174632 0.343226 -0.544262
0.0233163 -0.0108126 0.26649 0.0094848
0.0193225 -0.0150998 0.292765 0.00986315
0.0348898 -0.00991896 0.323385 0.0151166
0.0344665 -0.0110195 0.331002 0.0153876
0.0283717 -0.00945732 0.279336 0.0110481
0.0319435 -0.0117002 0.324642 0.0144907
0.0143076 -0.0110703 0.216535 0.00551439
0.0152073 -0.0135216 0.257951 -0.423194
0.0135554 -0.0078555 0.167983 0.368304
0.0304108 -0.0176009 0.391221 -1.66634
0.0259005 -0.0160455 0.338083 -0.47415
0.0276866 -0.0149137 0.315918 -0.528337
0.0196739 -0.0138211 0.304197 -0.443465
0.0196573 -0.0136478 0.300733 -0.313247
