-0.107445 -0.00661015 -0.564526 -5.68527
-0.107445 -0.00661015 -0.564526 -5.68527
-0.107445 -0.00661015 -0.564526 -5.68527
-0.107445 -0.00661015 -0.564526 -5.68527
-0.107445 -0.00661015 -0.564526 -5.68527
-0.107445 -0.00661015 -0.564526 -5.68527
-0.107445 -0.00661015 -0.564526 -5.68527
-0.107445 -0.00661015 -0.564526 -5.68527
-0.107445 -0.00661015 -0.564526 -5.68527
-0.107445 -0.00661015 -0.564526 -5.68527
-0.107445 -0.00661015 -0.564526 -5.68527
-0.107445 -0.00661015 -0.564526 -5.68527
-0.107445 -0.00661015 -0.564526 -5.68527
-0.107445 -0.00661015 -0.564526 -5.68527
-0.107445 -0.00661015 -0.564526 -5.68527
-0.107445 -0.00661015 -0.564526 -5.68527
-0.107445 -0.00661015 -0.564526 -5.68527
-0.107445 -0.00661015 -0.564526 -5.68527
-0.107445 -0.00661015 -0.564526 -5.68527
-0.107445 -0.00661015 -0.564526 -5.68527
-0.107445 -0.00661015 -0.564526 -5.68527
-7.33766 0.628576 45.101 -5.64461
-0.107445 -0.00661015 -0.564526 -5.68527
-0.107445 -0.00661015 -0.564526 -5.68527
-0.107445 -0.00661015 -0.564526 -5.68527
-0.107445 -0.00661015 -0.564526 -5.68527
-0.107445 -0.00661015 -0.564526 -5.68527
-0.107445 -0.00661015 -0.564526 -5.68527
4.94727 -0.336238 -43.9516 -7.80087
-0.107445 -0.00661015 -0.564526 -5.68527
-0.107445 -0.00661015 -0.564526 -5.68527
-0.107445 -0.00661015 -0.564526 -5.68527
-0.107445 -0.00661015 -0.564526 -5.68527
-0.107445 -0.00661015 -0.564526 -5.68527
-0.192677 -6.22478e-05 0.000426388 2.99893
-0.107445 -0.00661015 -0.564526 -5.68527
-0.107445 -0.00661015 -0.564526 -5.68527
-0.107445 -0.00661015 -0.564526 -5.68527
-0.107445 -0.00661015 -0.564526 -5.68527
-0.107445 -0.00661015 -0.564526 -5.68527
-0.107445 -0.00661015 -0.564526 -5.68527
-0.107445 -0.00661015 -0.564526 -5.68527
-0.107445 -0.00661015 -0.564526 -5.68527
-0.107445 -0.00661015 -0.564526 -5.68527
-0.107445 -0.00661015 -0.564526 -5.68527
-0.107445 -0.00661015 -0.564526 -5.68527
-0.107445 -0.00661015 -0.564526 -5.68527
-0.107445 -0.00661015 -0.564526 -5.68527
-0.107445 -0.00661015 -0.564526 -5.68527
-0.107445 -0.00661015 -0.564526 -5.68527
-0.107445 -0.00661015 -0.564526 -5.68527
-0.107445 -0.00661015 -0.564526 -5.68527
-0.107445 -0.00661015 -0.564526 -5.68527
-0.107445 -0.00661015 -0.564526 -5.68527
-0.107445 -0.00661015 -0.564526 -5.68527
-0.107445 -0.00661015 -0.564526 -5.68527
-0.107445 -0.00661015 -0.564526 -5.68527
-0.107445 -0.00661015 -0.564526 -5.68527
0.493092 -0.149589 0.0925184 3.4107
14.3112 -0.973953 -118.076 -7.36283
-0.107445 -0.00661015 -0.564526 -5.68527
8.91491 -0.610967 -74.5889 -7.42021
-0.107445 -0.00661015 -0.564526 -5.68527
-0.107445 -0.00661015 -0.564526 -5.68527
-0.107445 -0.00661015 -0.564526 -5.68527
-0.107445 -0.00661015 -0.564526 -5.68527
-0.107445 -0.00661015 -0.564526 -5.68527
-0.107445 -0.00661015 -0.564526 -5.68527
-0.107445 -0.00661015 -0.564526 -5.68527
-0.107445 -0.00661015 -0.564526 -5.68527
-0.107445 -0.00661015 -0.564526 -5.68527
-0.107445 -0.00661015 -0.564526 -5.68527
-0.107445 -0.00661015 -0.564526 -5.68527
-0.189647 -0.000974099 0.00148088 2.99519
-0.107445 -0.00661015 -0.564526 -5.68527
-0.107445 -0.00661015 -0.564526 -5.68527
-0.107445 -0.00661015 -0.564526 -5.68527
-0.107445 -0.00661015 -0.564526 -5.68527
-0.107445 -0.00661015 -0.564526 -5.68527
-0.107445 -0.00661015 -0.564526 -5.68527
-0.107445 -0.00661015 -0.564526 -5.68527
-0.107445 -0.00661015 -0.564526 -5.68527
-0.107445 -0.00661015 -0.564526 -5.68527
-0.107445 -0.00661015 -0.564526 -5.68527
11.0252 -0.730989 -96.5591 -7.85807
-0.107445 -0.00661015 -0.564526 -5.68527
-0.107445 -0.00661015 -0.564526 -5.68527
-0.107445 -0.00661015 -0.564526 -5.68527
-0.107445 -0.00661015 -0.564526 -5.68527
-0.107445 -0.00661015 -0.564526 -5.68527
-0.107445 -0.00661015 -0.564526 -5.68527
-0.107445 -0.00661015 -0.564526 -5.68527
-0.107445 -0.00661015 -0.564526 -5.68527
0.510361 -0.15081 -4.80058e-05 1.99988
-0.107445 -0.00661015 -0.564526 -5.68527
-0.107445 -0.00661015 -0.564526 -5.68527
-0.107445 -0.00661015 -0.564526 -5.68527
-0.107445 -0.00661015 -0.564526 -5.68527
-0.107445 -0.00661015 -0.564526 -5.68527
-0.107445 -0.00661015 -0.564526 -5.68527
-0.107445 -0.00661015 -0.564526 -5.68527
-0.191379 -0.00052219 0.000965844 2.99671
-0.107445 -0.00661015 -0.564526 -5.68527
-0.107445 -0.00661015 -0.564526 -5.68527
-7.33766 0.628576 45.101 -5.64461
-0.107445 -0.00661015 -0.564526 -5.68527
-0.107445 -0.00661015 -0.564526 -5.68527
-0.107445 -0.00661015 -0.564526 -5.68527
10.8124 -0.688939 -101.117 -8.46657
-0.194019 0.000371399 -0.000790647 3.00305
-0.107445 -0.00661015 -0.564526 -5.68527
-0.107445 -0.00661015 -0.564526 -5.68527
-0.107445 -0.00661015 -0.564526 -5.68527
0.429859 -0.133379 -8.97343e-05 1.99975
-0.194019 0.000371399 -0.000790647 3.00305
-0.233611 0.00696748 0.0214544 1.94404
-5.862 0.525557 32.7345 -5.07212
0.460353 -0.14001 -0.000328906 1.99912
-0.107445 -0.00661015 -0.564526 -5.68527
-0.107445 -0.00661015 -0.564526 -5.68527
-0.107445 -0.00661015 -0.564526 -5.68527
8.91491 -0.610967 -74.5889 -7.42021
-0.107445 -0.00661015 -0.564526 -5.68527
-0.107445 -0.00661015 -0.564526 -5.68527
-0.107445 -0.00661015 -0.564526 -5.68527
-0.232737 0.0067231 0.0219384 1.93286
-0.107445 -0.00661015 -0.564526 -5.68527
-0.22489 0.00545979 0.0169694 1.95148
-0.107445 -0.00661015 -0.564526 -5.68527
-5.65564 0.522174 29.9204 -4.75592
-0.107445 -0.00661015 -0.564526 -5.68527
-0.107445 -0.00661015 -0.564526 -5.68527
0.406695 -0.129178 0.0744971 -3.25184
-7.33766 0.628576 45.101 -5.64461
-0.107445 -0.00661015 -0.564526 -5.68527
-0.107445 -0.00661015 -0.564526 -5.68527
-0.107445 -0.00661015 -0.564526 -5.68527
-0.107445 -0.00661015 -0.564526 -5.68527
-0.107445 -0.00661015 -0.564526 -5.68527
-0.107445 -0.00661015 -0.564526 -5.68527
0.378762 -0.124722 0.128566 -2.97959
-0.107445 -0.00661015 -0.564526 -5.68527
-7.33766 0.628576 45.101 -5.64461
-7.33766 0.628576 45.101 -5.64461
-0.107445 -0.00661015 -0.564526 -5.68527
-0.107445 -0.00661015 -0.564526 -5.68527
-0.517319 0.125562 -0.103749 3.41702
-0.107445 -0.00661015 -0.564526 -5.68527
-0.107445 -0.00661015 -0.564526 -5.68527
-8.19482 0.833691 31.3399 -2.70315
-0.107445 -0.00661015 -0.564526 -5.68527
7.95792 -0.547307 -66.7187 -7.41595
-0.107445 -0.00661015 -0.564526 -5.68527
-0.107445 -0.00661015 -0.564526 -5.68527
-0.107445 -0.00661015 -0.564526 -5.68527
-0.107445 -0.00661015 -0.564526 -5.68527
-0.107445 -0.00661015 -0.564526 -5.68527
-0.225864 0.00563457 0.0172231 1.95358
-0.107445 -0.00661015 -0.564526 -5.68527
-0.191379 -0.00052219 0.000965844 2.99671
-0.222617 0.0050277 0.0161284 1.9527
-0.222617 0.0050277 0.0161284 1.9527
-0.508509 0.119085 5.94497e-05 1.99985
-0.107445 -0.00661015 -0.564526 -5.68527
0.478784 -0.143869 -0.00123509 1.99678
-6.18168 0.556581 34.4366 -5.04726
-0.189647 -0.000974099 0.00148088 2.99519
-0.107445 -0.00661015 -0.564526 -5.68527
-0.107445 -0.00661015 -0.564526 -5.68527
-0.107445 -0.00661015 -0.564526 -5.68527
-0.107445 -0.00661015 -0.564526 -5.68527
0.460353 -0.14001 -0.000328906 1.99912
-0.107445 -0.00661015 -0.564526 -5.68527
8.42038 -0.571739 -71.769 -7.56651
8.21268 -0.564357 -68.7163 -7.40428
-0.107445 -0.00661015 -0.564526 -5.68527
-0.107445 -0.00661015 -0.564526 -5.68527
8.21268 -0.564357 -68.7163 -7.40428
-7.68586 0.798602 27.8436 -2.46763
8.67378 -0.593247 -72.805 -7.43832
-7.94894 0.824386 28.9939 -2.49433
7.82307 -0.812591 -31.0331 -2.85522
-0.52307 0.125467 -0.100159 3.4193
-0.107445 -0.00661015 -0.564526 -5.68527
0.460353 -0.14001 -0.000328906 1.99912
-0.107445 -0.00661015 -0.564526 -5.68527
-0.107445 -0.00661015 -0.564526 -5.68527
-0.107445 -0.00661015 -0.564526 -5.68527
-0.225864 0.00563457 0.0172231 1.95358
-0.107445 -0.00661015 -0.564526 -5.68527
-0.107445 -0.00661015 -0.564526 -5.68527
-0.107445 -0.00661015 -0.564526 -5.68527
-8.16344 0.519853 70.2699 -7.6713
8.42038 -0.571739 -71.769 -7.56651
-0.107445 -0.00661015 -0.564526 -5.68527
-0.107445 -0.00661015 -0.564526 -5.68527
9.28891 -0.633233 -78.1964 -7.47761
6.88226 -0.594995 -46.0715 -6.27607
-0.107445 -0.00661015 -0.564526 -5.68527
-0.500469 0.120097 -0.0968281 3.43968
8.07612 -0.823415 -33.3145 -3.03012
8.42038 -0.571739 -71.769 -7.56651
-0.194019 0.000371399 -0.000790647 3.00305
-8.07216 0.81914 30.9557 -2.71617
-0.107445 -0.00661015 -0.564526 -5.68527
-0.172512 0.0180076 0.0997923 1.64543
-0.107445 -0.00661015 -0.564526 -5.68527
0.0308989 -0.00877932 0.285752 0.0118171
-0.107445 -0.00661015 -0.564526 -5.68527
-0.515827 0.108542 0.282251 -1.20802
8.91491 -0.610967 -74.5889 -7.42021
-0.107445 -0.00661015 -0.564526 -5.68527
0.493092 -0.149589 0.0925184 3.4107
0.174537 -0.0253639 -0.000491466 1.99845
-0.107445 -0.00661015 -0.564526 -5.68527
8.42038 -0.571739 -71.769 -7.56651
8.67378 -0.593247 -72.805 -7.43832
-0.107445 -0.00661015 -0.564526 -5.68527
8.67378 -0.593247 -72.805 -7.43832
-0.469646 0.108785 0.000364569 1.99906
0.371649 -0.122604 0.107975 -3.14942
-0.107445 -0.00661015 -0.564526 -5.68527
-0.107445 -0.00661015 -0.564526 -5.68527
-0.222548 0.00509736 0.0159505 1.9551
-0.11197 0.000150498 3.83917e-05 1.99985
-0.107445 -0.00661015 -0.564526 -5.68527
-8.68617 0.874905 34.0505 -2.80921
0.323265 -0.122458 0.443226 -2.62741
0.0196612 -0.00756066 0.246217 0.391154
0.102844 -0.0106625 -0.0242839 2.90809
-0.22489 0.00545979 0.0169694 1.95148
-0.632896 0.194769 -0.0692898 3.49103
-0.107445 -0.00661015 -0.564526 -5.68527
-5.65564 0.522174 29.9204 -4.75592
0.460353 -0.14001 -0.000328906 1.99912
-0.484026 0.11173 -0.093061 3.40336
-0.84094 -0.0202088 6.99244 -4.70385
-0.107445 -0.00661015 -0.564526 -5.68527
-0.107445 -0.00661015 -0.564526 -5.68527
0.0167843 -0.00192108 0.155694 0.662132
-7.54627 0.497206 58.9288 -6.76447
0.371649 -0.122604 0.107975 -3.14942
9.56402 -0.655644 -79.4079 -7.36263
0.397298 -0.131976 0.102793 3.52727
0.0480745 0.0107581 -0.0241673 3.3845
-4.86962 0.528997 18.32 -2.9141
11.0252 -0.730989 -96.5591 -7.85807
-0.217787 0.00417668 0.0135291 1.96794
4.36279 -0.232839 -42.8249 -8.41156
-0.513327 0.116863 -0.0147073 2.03538
-0.107445 -0.00661015 -0.564526 -5.68527
-0.479399 0.108854 -0.0906271 3.39283
0.0339102 0.00281873 -0.0545066 2.71774
8.60852 -0.885214 -34.6903 -2.93373
4.94727 -0.336238 -43.9516 -7.80087
0.062309 -0.0218054 0.0551193 2.43165
