0.0334772 -0.0152732 0.360463 -0.438819
0.0315201 -0.0127391 0.333519 -0.418554
0.0243721 -0.0137407 0.305532 0.0117451
-0.506471 0.0384269 0.633373 -0.124364
-0.0677674 -0.0148809 -0.176407 -1.82404
0.0377117 -0.00790188 0.314423 0.0146533
0.038472 -0.0119487 0.353637 -0.462405
0.0509125 -0.0160266 0.451683 -1.105
0.0775992 -0.0253912 0.768665 -3.85319
0.0315943 -0.010212 0.304297 0.0130297
0.257107 -0.0428525 -0.0451106 -0.294133
-0.29702 0.0333982 0.00490699 1.98379
0.478954 -0.147538 0.0268928 2.19144
0.0284847 -0.0100842 0.285664 0.0112942
0.033681 -0.0120472 0.345092 -0.342674
0.0569489 -0.0186302 0.494101 -1.59111
0.0280666 -0.0131343 0.323275 -0.394009
0.0293712 -0.0156434 0.347889 -0.49371
0.0207294 -0.0140889 0.28823 0.00990959
5.0621 -0.471517 -30.7882 -5.725
0.0270139 -0.00932633 0.288259 0.238808
0.0468694 -0.0139686 0.404622 -0.930441
0.0309965 -0.0127404 0.330993 -0.500667
0.0541287 -0.0192666 0.497924 -1.87728
0.0306894 -0.0124664 0.333103 -0.311431
0.0380026 -0.0137217 0.346295 -0.590195
0.0296019 -0.0104151 0.296573 0.0122338
-0.128968 0.0106689 0.46074 0.17453
-2.12746 0.13287 15.7149 -5.75865
0.0307178 -0.0107453 0.307465 0.0132091
0.0649632 -0.0220886 0.594851 -2.14905
0.0666636 -0.0192044 0.578183 -2.23768
0.0396195 -0.0171089 0.404072 -1.45765
0.0228981 -0.0119166 0.274171 0.00962824
0.0218475 -0.0144204 0.299151 0.0108102
0.0380026 -0.0137217 0.346295 -0.590195
0.0334797 -0.0116334 0.31107 -0.46785
0.0390597 -0.0149263 0.389103 -1.05049
0.0372056 -0.0165606 0.401088 -1.56768
0.0280145 -0.0116955 0.297246 -0.508677
0.0577758 -0.0189386 0.511903 -1.90169
0.0404338 -0.0153137 0.411273 -0.77779
0.0472224 -0.016841 0.454913 -1.30906
0.0245494 -0.0117724 0.283767 0.0105716
0.0514779 -0.0196815 0.479367 -1.1528
0.0294201 -0.0123806 0.318277 0.013584
0.0405132 -0.0145204 0.381234 -0.483429
0.0509125 -0.0160266 0.451683 -1.105
0.0296861 -0.0174632 0.343226 -0.544262
0.0296861 -0.0174632 0.343226 -0.544262
0.0196573 -0.0136478 0.300733 -0.313247
0.0180118 -0.00891311 0.230526 0.388808
0.0354842 -0.0152065 0.373178 -0.990811
0.0236008 -0.00893646 0.246171 0.00850217
0.0194642 -0.0103624 0.23626 0.00719525
0.0227561 -0.0117048 0.288245 -0.355361
0.0283717 -0.00945732 0.279336 0.0110481
0.0283717 -0.00945732 0.279336 0.0110481
0.0272529 -0.00912528 0.268404 0.010153
0.0233163 -0.0108126 0.26649 0.0094848
0.0380026 -0.0137217 0.346295 -0.590195
0.0231415 -0.0127826 0.288288 0.0106117
0.0258442 -0.0101351 0.272915 0.0102708
0.0270758 -0.0110939 0.290172 0.0114073
0.0183697 -0.0122684 0.25519 0.00801043
0.0206043 -0.0107098 0.247437 0.00796707
0.0194956 -0.0131286 0.270942 0.00887044
0.0254251 -0.0112386 0.280586 0.0104483
0.0268946 -0.00763107 0.24793 0.00890139
0.0368334 -0.0119353 0.346061 -0.802401
0.0230712 -0.00994551 0.252347 0.00853553
0.0230712 -0.00994551 0.252347 0.00853553
0.0405132 -0.0145204 0.381234 -0.483429
0.0308989 -0.00877932 0.285752 0.0118171
0.0294894 -0.00978868 0.290252 0.0119786
0.0254251 -0.0112386 0.280586 0.0104483
0.0504553 -0.0195855 0.483466 -1.84742
0.0231415 -0.0127826 0.288288 0.0106117
0.0254251 -0.0112386 0.280586 0.0104483
0.0211463 -0.00848381 0.240447 0.353233
0.0209028 -0.012118 0.266411 0.00887652
0.0372475 -0.0177597 0.405118 -1.0097
0.0195059 -0.0118478 0.259599 0.241238
0.0514779 -0.0196815 0.479367 -1.1528
0.038472 -0.0119487 0.353637 -0.462405
0.0367015 -0.0116271 0.35685 -0.371365
0.0334772 -0.0152732 0.360463 -0.438819
0.0270758 -0.0110939 0.290172 0.0114073
0.0541287 -0.0192666 0.497924 -1.87728
0.0349906 -0.0123441 0.343636 -0.441305
0.0283717 -0.00945732 0.279336 0.0110481
0.0233163 -0.0108126 0.26649 0.0094848
0.0290689 -0.0108911 0.297904 0.0121976
0.0245494 -0.0117724 0.283767 0.0105716
0.0368131 -0.0156358 0.398396 -0.74166
0.0281927 -0.0114246 0.301078 0.012352
0.0196739 -0.0138211 0.304197 -0.443465
0.0183697 -0.0122684 0.25519 0.00801043
0.0193746 -0.0097328 0.229764 0.00696563
0.0281289 -0.00859169 0.265226 0.00998844
0.043166 -0.01684 0.423263 -1.53925
0.022115 -0.00754023 0.219424 0.297676
0.0268447 -0.0156438 0.346585 -0.878775
0.0111344 -0.00757312 0.188863 0.504153
0.0300645 -0.0120178 0.300194 -0.438285
0.0256002 -0.00926871 0.258789 0.00926612
0.0315201 -0.0127391 0.333519 -0.418554
0.0206043 -0.0107098 0.247437 0.00796707
0.0258442 -0.0101351 0.272915 0.0102708
0.0203707 -0.0125944 0.26775 0.00879816
0.0180118 -0.00891311 0.230526 0.388808
0.0280666 -0.0131343 0.323275 -0.394009
0.0167667 -0.0130235 0.25187 0.00735379
0.0136527 -0.0109006 0.208448 0.396304
0.0234443 -0.0151061 0.304754 -0.488651
0.0180118 -0.00891311 0.230526 0.388808
0.0256002 -0.00926871 0.258789 0.00926612
0.0416054 -0.0140466 0.377148 -1.26913
0.0206043 -0.0107098 0.247437 0.00796707
0.0230712 -0.00994551 0.252347 0.00853553
0.0170791 -0.0067887 0.211159 0.412815
0.0230712 -0.00994551 0.252347 0.00853553
0.0327997 -0.0115889 0.30829 -0.554716
0.0111344 -0.00757312 0.188863 0.504153
0.0256002 -0.00926871 0.258789 0.00926612
0.0196573 -0.0136478 0.300733 -0.313247
0.0337266 -0.0180573 0.389512 -0.955003
0.0224772 -0.0131714 0.311931 -0.340753
0.00912022 -0.0101661 0.197699 0.516816
0.0234443 -0.0151061 0.304754 -0.488651
0.0276866 -0.0149137 0.315918 -0.528337
0.0345596 -0.0141193 0.336241 -0.571039
0.0327997 -0.0115889 0.30829 -0.554716
0.0236008 -0.00893646 0.246171 0.00850217
0.0180707 -0.0113783 0.240819 0.0071884
0.0210672 -0.00960594 0.239564 0.00776941
0.0283717 -0.00945732 0.279336 0.0110481
0.0306894 -0.0124664 0.333103 -0.311431
0.0274956 -0.00999112 0.282514 0.0112094
0.0372475 -0.0177597 0.405118 -1.0097
0.0258442 -0.0101351 0.272915 0.0102708
0.0293712 -0.0156434 0.347889 -0.49371
0.0372475 -0.0177597 0.405118 -1.0097
0.0233163 -0.0108126 0.26649 0.0094848
0.0105374 -0.0100074 0.217165 0.357834
0.0207881 -0.0114899 0.260059 0.00868952
0.0180118 -0.00891311 0.230526 0.388808
0.0258442 -0.0101351 0.272915 0.0102708
0.0236008 -0.00893646 0.246171 0.00850217
0.0284809 -0.0127553 0.330401 -0.914666
0.016773 -0.00895711 0.20046 0.277529
0.016773 -0.00895711 0.20046 0.277529
0.0327997 -0.0115889 0.30829 -0.554716
0.0256002 -0.00926871 0.258789 0.00926612
0.0247245 -0.0098025 0.261971 0.00940595
0.0216634 -0.0109557 0.256869 0.00859342
0.0230712 -0.00994551 0.252347 0.00853553
0.0195059 -0.0118478 0.259599 0.241238
0.0195059 -0.0118478 0.259599 0.241238
0.0228981 -0.0119166 0.274171 0.00962824
0.00912022 -0.0101661 0.197699 0.516816
0.0118267 -0.0098568 0.212742 0.450392
0.0172297 -0.0119202 0.244004 0.00722724
0.0228981 -0.0119166 0.274171 0.00962824
0.022115 -0.00754023 0.219424 0.297676
0.0280666 -0.0131343 0.323275 -0.394009
0.0207881 -0.0114899 0.260059 0.00868952
0.0207881 -0.0114899 0.260059 0.00868952
0.0280145 -0.0116955 0.297246 -0.508677
0.0258442 -0.0101351 0.272915 0.0102708
0.0205669 -0.0106397 0.284702 -0.307679
0.0206043 -0.0107098 0.247437 0.00796707
0.016773 -0.00895711 0.20046 0.277529
0.0180707 -0.0113783 0.240819 0.0071884
0.024793 -0.0121524 0.287611 -0.490379
0.0183697 -0.0122684 0.25519 0.00801043
0.0183697 -0.0122684 0.25519 0.00801043
0.0183748 -0.0127954 0.259984 0.00805066
0.0105374 -0.0100074 0.217165 0.357834
0.0150892 -0.00678623 0.191767 0.572387
0.0319805 -0.0155413 0.359598 -0.949177
0.0230712 -0.00994551 0.252347 0.00853553
0.0180707 -0.0113783 0.240819 0.0071884
0.0180707 -0.0113783 0.240819 0.0071884
0.0158667 -0.00831549 0.196892 0.399631
0.0207681 -0.00871656 0.225202 0.00692622
0.0193746 -0.0097328 0.229764 0.00696563
0.0215772 -0.0126074 0.277836 -0.469942
0.0197633 -0.0112521 0.250627 0.00803243
0.0127622 -0.00877716 0.187484 0.439855
0.0224772 -0.0131714 0.311931 -0.340753
0.0207881 -0.0114899 0.260059 0.00868952
0.0155371 -0.0120463 0.234195 0.00640083
0.00875438 -0.00804749 0.175728 0.566641
0.0215772 -0.0126074 0.277836 -0.469942
0.0280145 -0.0116955 0.297246 -0.508677
0.0206043 -0.0107098 0.247437 0.00796707
0.0244418 -0.00839358 0.242974 0.00838665
0.0169306 -0.0110311 0.229644 0.00645038
0.0182345 -0.00938615 0.218597 0.00624629
0.0194642 -0.0103624 0.23626 0.00719525
0.016773 -0.00895711 0.20046 0.277529
0.0148787 -0.00610611 0.17529 0.44843
0.0143076 -0.0110703 0.216535 0.00551439
0.0315201 -0.0127391 0.333519 -0.418554
0.0172621 -0.00935252 0.239693 0.263045
0.0215449 -0.00903035 0.24278 0.27015
0.0258442 -0.0101351 0.272915 0.0102708
0.0166772 -0.0123939 0.245374 0.00714433
0.0206043 -0.0107098 0.247437 0.00796707
0.0276866 -0.0149137 0.315918 -0.528337
0.019869 -0.00620183 0.218638 0.393402
0.0193746 -0.0097328 0.229764 0.00696563
0.0219082 -0.0090634 0.236372 0.00767946
0.00538315 -0.00603637 0.144851 0.737192
0.0168411 -0.0104018 0.223152 0.00624437
0.0230712 -0.00994551 0.252347 0.00853553
0.0230712 -0.00994551 0.252347 0.00853553
0.0256002 -0.00926871 0.258789 0.00926612
0.0183697 -0.0122684 0.25519 0.00801043
0.0239475 -0.013535 0.31156 -0.458906
0.0145017 -0.0116706 0.215272 0.260565
0.0111344 -0.00757312 0.188863 0.504153
0.0183697 -0.0122684 0.25519 0.00801043
0.0148544 -0.00933645 0.220587 0.42639
0.0220227 -0.0124506 0.277357 0.00972631
0.0215449 -0.00903035 0.24278 0.27015
0.0315201 -0.0127391 0.333519 -0.418554
0.0276159 -0.0093738 0.272965 -0.405448
0.0170791 -0.0067887 0.211159 0.412815
0.0141883 -0.00953224 0.190744 0.313588
0.016773 -0.00895711 0.20046 0.277529
0.0137441 -0.00701983 0.196258 0.492186
0.0101705 -0.00616387 0.187428 0.645407
0.0256002 -0.00926871 0.258789 0.00926612
0.0075965 -0.00861295 0.219244 0.427273
0.0158667 -0.00831549 0.196892 0.399631
0.0118267 -0.0098568 0.212742 0.450392
0.0111344 -0.00757312 0.188863 0.504153
0.0189116 -0.0108365 0.237635 0.00713844
0.0118267 -0.0098568 0.212742 0.450392
0.0101705 -0.00616387 0.187428 0.645407
0.0315201 -0.0127391 0.333519 -0.418554
0.0274956 -0.00999112 0.282514 0.0112094
0.0559571 -0.0163547 0.493376 -1.02741
0.0435721 -0.0123191 0.39719 -0.465095
0.0290445 -0.0101867 0.285733 0.238622
0.0345417 -0.00843133 0.303055 0.0135695
0.0338837 -0.0169405 0.387157 -1.5359
0.0127622 -0.00877716 0.187484 0.439855
0.0167426 -0.0103457 0.22672 0.302077
0.0324981 -0.0175557 0.366827 -1.29257
0.0343081 -0.0171028 0.353069 -0.473424
0.0148544 -0.00933645 0.220587 0.42639
0.0224772 -0.0131714 0.311931 -0.340753
0.0195059 -0.0118478 0.259599 0.241238
