4.02624 -0.351051 -34.9774 -9.16322
-0.106765 0.0354548 0.000995393 1.995
0.0173041 -0.0348916 0.480469 -0.222538
-0.107445 -0.00661015 -0.564526 -5.68527
-0.107445 -0.00661015 -0.564526 -5.68527
-0.0634477 -0.0116008 0.515147 0.131278
-5.97782 0.394996 49.1127 -7.11715
-11.4099 0.890824 73.7859 -5.53667
-4.75069 0.296978 41.4249 -7.49217
-0.127003 0.0460768 -0.0193194 2.09038
0.0606171 -0.0133841 0.466129 -0.484697
-0.107445 -0.00661015 -0.564526 -5.68527
-0.107445 -0.00661015 -0.564526 -5.68527
-5.49086 0.333683 47.8617 -7.50523
-5.45462 0.356419 44.7412 -7.06147
0.416009 -0.0689384 -0.260882 -0.53804
0.0380919 -0.00634539 0.287214 0.272269
0.0389018 -0.00564359 0.297358 0.0137157
0.0598921 -0.0160865 0.492182 -1.26419
2.38615 -0.299327 -10.2511 -4.09173
-7.96237 0.773737 33.5219 -3.16021
0.258639 -0.0402422 0.0819534 -0.326854
-0.136449 0.0190224 0.493685 0.250356
0.0784737 -0.0208231 0.672569 -2.50475
0.0555644 -0.0130152 0.422569 -0.485016
0.230843 -0.0311751 -0.0218906 -0.219368
0.0772016 -0.0243079 0.719986 -2.50306
3.17311 -0.307658 -20.7739 -6.64169
0.301507 -0.0494622 -0.000411247 1.99896
0.0458892 -0.00947422 0.38104 0.0216079
0.324498 -0.0459125 -0.0796922 -0.393749
0.0469524 -0.00478452 0.357905 0.188503
0.0421849 -0.00614507 0.322827 -0.392401
0.0648116 -0.0184251 0.542745 -1.4318
0.229883 -0.0344241 0.0135589 -0.259044
-5.89261 0.502397 32.4528 -4.38138
-2.25287 0.151396 16.2998 -5.66307
0.0522453 -0.00739638 0.361847 -1.21718
0.0337723 -0.00665805 0.300293 -0.311549
0.0359523 -0.00742265 0.29857 0.0133315
0.0311198 0.00132187 0.220111 0.718658
0.243389 -0.0380086 0.0580916 -0.288754
0.0602264 -0.011915 0.436369 -0.813276
-0.0690057 0.0271523 0.000570757 1.99733
-10.528 0.804743 72.1612 -6.00581
0.312936 -0.045596 -0.0540641 -0.372049
0.0427766 -0.00228561 0.291604 0.504859
0.0677492 -0.00722437 0.477536 -1.22788
0.0336214 -0.0048581 0.259237 0.242567
0.0251693 -0.00257139 0.187994 0.686528
0.0478464 -0.0110662 0.38895 -0.953043
12.5746 -0.843307 -126.468 -9.8178
0.0567191 -0.0126449 0.438863 -0.993104
0.0370117 -0.00492453 0.273713 0.0115138
0.0417878 -0.0123996 0.395596 -0.802044
0.0347241 -0.00646618 0.28136 0.0120494
0.049103 -0.00535446 0.343214 -0.439898
0.404266 -0.0555827 -0.314303 -0.424853
0.0645778 -0.0121872 0.454552 -1.31416
0.0316482 0.00199477 0.199528 0.662217
0.049103 -0.00535446 0.343214 -0.439898
0.0489817 -0.0108215 0.384817 -0.528219
0.25238 -0.037535 0.00321298 -0.276279
0.0339947 0.000783799 0.218328 0.394561
0.0698876 -0.0187072 0.62337 -3.26334
0.0215439 -0.00294924 0.222158 0.633459
0.0819487 -0.0218196 0.759568 -3.959
0.266525 -0.0435261 0.00902674 -0.290154
0.24735 -0.0329281 -0.0158091 -0.126071
0.0645185 -0.0124794 0.47129 -1.58334
0.0350753 -0.00795582 0.301733 0.0135663
0.0383677 -0.00611879 0.298674 0.0137528
12.2528 -0.855338 -114.426 -9.04017
0.0613496 -0.0129473 0.482569 -0.935591
0.0906802 -0.0210551 0.711389 -2.77402
0.0337406 -0.00767498 0.343614 0.302081
0.256946 -0.040068 -0.0043374 1.98824
0.0620443 -0.0151648 0.48143 -1.46226
11.1006 -0.804396 -98.123 -8.52765
0.0497331 -0.0108274 0.386236 -0.452221
0.0424595 -0.0078771 0.342468 0.0176559
0.278048 -0.045939 -0.0323282 -0.344508
0.247276 -0.0433656 0.0554762 -0.288515
0.0479323 -0.00541756 0.347611 0.0188554
0.0662098 -0.00858165 0.425239 -0.724059
0.364097 -0.0535874 -0.158797 -0.459194
0.0739258 -0.0183243 0.592425 -2.01749
0.0436764 -0.00882593 0.359521 0.0191742
0.0613422 -0.00985307 0.454446 -1.30794
0.0657699 -0.0130055 0.492475 -1.36925
0.0230321 0.00270245 0.208952 0.866889
0.0657699 -0.0130055 0.492475 -1.36925
-12.0985 0.867199 88.1527 -6.30026
0.0415815 -0.00840969 0.345612 0.0179367
0.0526172 -0.00861376 0.402991 -0.43834
0.048731 -0.00719405 0.404643 -0.335487
0.0255284 -0.00466834 0.275205 0.379931
0.0178592 -0.0021747 0.216844 0.735758
0.0165111 -0.00464838 0.238483 0.611091
0.0477912 -0.00505701 0.34467 -0.341252
0.0605554 -0.00944775 0.43733 -1.5746
0.0703027 -0.0150705 0.543826 -2.10735
-0.257087 0.0112818 1.70484 -2.17036
0.0521674 -0.0124053 0.398765 -1.09628
0.0660108 -0.00934373 0.451879 -2.14073
0.064398 -0.0127654 0.499382 -2.1651
0.057247 -0.00984409 0.422663 -1.53634
0.070531 -0.0191993 0.628603 -2.7192
0.0718473 -0.0121591 0.531798 -2.24326
0.0372518 -0.0057885 0.287782 0.0127458
0.0520046 -0.0133816 0.412086 -0.464576
0.0903088 -0.0229215 0.963346 -6.1137
0.0330502 -0.00830651 0.269428 0.246304
5.09244 -0.518473 -25.1009 -4.38366
0.0367015 -0.0116271 0.35685 -0.371365
10.0244 -0.764126 -81.7312 -7.81048
0.0686288 -0.0145624 0.51694 -1.71077
0.0868272 -0.0217994 0.767615 -3.67241
0.024061 -0.00287371 0.193255 0.602727
0.0406319 -0.00903814 0.338689 -0.385694
0.0372518 -0.0057885 0.287782 0.0127458
0.0346604 -0.00363309 0.245509 0.00939006
0.0766665 -0.0181049 0.689074 -3.81208
0.0655273 -0.0188192 0.571532 -2.36156
9.05695 -0.779679 -58.266 -5.91277
0.0389018 -0.00564359 0.297358 0.0137157
0.0547944 -0.0104095 0.418174 -1.0451
0.0338142 -0.00446664 0.255691 0.328892
0.205311 -0.0308105 0.000733559 -0.183642
0.0459482 -0.014216 0.416806 -1.12978
0.0347983 -0.0069806 0.301203 -0.435888
-10.9459 0.742229 87.0166 -6.981
0.236057 -0.0312437 -0.00300292 0.662711
0.0507356 -0.00969402 0.363125 -0.58231
0.062797 -0.0158562 0.532337 -2.39289
0.03437 -0.00497463 0.260945 0.0105778
0.0815047 -0.0234119 0.686597 -2.18374
0.0415815 -0.00840969 0.345612 0.0179367
0.0437637 -0.00624617 0.331745 0.0169664
0.0376826 -0.00428833 0.266171 0.290593
0.0408043 -0.00333094 0.270959 0.350436
0.0336214 -0.0048581 0.259237 0.242567
0.038715 -0.00760592 0.318993 0.0153931
0.055641 -0.0100669 0.402808 -0.833142
0.0332425 -0.0100657 0.313848 0.014058
0.0404712 -0.0126721 0.389121 -0.374494
0.310277 -0.0498207 -0.0921506 -0.379072
0.0408691 0.00139515 0.240497 0.302883
8.66468 -0.702735 -63.6815 -6.95804
-10.1034 0.686465 80.3853 -7.01081
-0.303217 0.0305835 1.30762 -1.44292
0.0344829 -0.00560145 0.267273 0.0108722
0.064398 -0.0127654 0.499382 -2.1651
0.0476001 -0.00828368 0.359961 -0.437061
0.287782 -0.0450931 -0.0459268 -0.328023
0.0321865 -0.00277975 0.250209 0.487961
0.0420077 -0.00978143 0.373508 -0.381014
0.0401267 -0.0065978 0.314522 0.0150978
0.0645185 -0.0124794 0.47129 -1.58334
0.0674955 -0.0123495 0.541829 -3.29683
0.300543 -0.0498832 -0.135472 -0.321544
0.0344829 -0.00560145 0.267273 0.0108722
0.0311492 -0.00373139 0.222286 0.329001
0.0315254 -0.000491955 0.225279 0.542622
0.0436201 -0.00691346 0.357944 -0.389671
0.0403134 -0.00463546 0.292886 0.0133818
0.0806398 -0.0252826 0.856252 -4.66713
0.0352578 -0.00599077 0.280039 0.0120248
0.584637 -0.154986 -0.291644 -1.59873
0.0282457 0.000421515 0.23452 0.503878
0.0413487 -0.00755011 0.331647 0.016528
0.0703027 -0.0150705 0.543826 -2.10735
0.0475406 -0.013407 0.398703 -0.33526
0.0330727 -0.00661028 0.271763 0.0111275
0.0243487 5.38104e-05 0.20652 0.713762
0.0352578 -0.00599077 0.280039 0.0120248
0.0434968 -0.00865419 0.347368 -0.491794
-0.0597257 0.00771303 0.334977 0.443811
0.0574108 -0.0130278 0.439086 -1.49384
0.0531743 -0.00793708 0.388633 -1.04901
0.308269 -0.0489393 -0.124927 -0.338916
0.0714351 -0.0157322 0.621784 -3.59329
0.192409 -0.0310052 -0.000585583 -0.166607
0.0483597 -0.0133001 0.405651 -1.35156
0.0674181 -0.0192526 0.603284 -2.99641
0.0278748 -3.42188e-05 0.19591 0.493707
0.0213755 -0.000485485 0.199485 0.733997
0.0343025 -0.00756797 0.288999 0.0123586
0.068704 -0.0161153 0.5639 -2.71771
0.0250307 -0.00383722 0.233168 0.489428
0.0604773 -0.0129651 0.477529 -2.07073
12.4958 -0.849745 -121.228 -9.39012
0.0350714 -0.00914261 0.329659 -0.34946
0.0312185 -0.00746818 0.271396 0.248156
0.0701312 -0.0189571 0.676442 -4.01823
0.0580282 -0.0102616 0.441326 -1.28014
0.0286049 0.00194794 0.189102 0.754797
12.0945 -0.838969 -112.926 -8.99002
0.0485531 -0.013649 0.420269 -1.64315
0.0328462 -0.0152408 0.357617 -0.51193
0.0569512 -0.0127606 0.429235 -1.87862
0.0380702 -0.00654634 0.3111 -0.457197
0.0308616 -0.00335705 0.226367 0.303494
0.0492517 -0.0142741 0.458977 -1.87731
0.0526172 -0.00861376 0.402991 -0.43834
0.0531412 -0.011123 0.423675 -0.739978
0.036739 -0.00454447 0.278412 0.4362
0.0429952 -0.00586114 0.319079 0.0155966
0.0468694 -0.0139686 0.404622 -0.930441
0.0627176 -0.0153605 0.491283 -2.16353
0.0346992 -0.00348455 0.233222 0.283293
0.025968 0.0014642 0.220736 0.704973
0.0547944 -0.0104095 0.418174 -1.0451
0.313934 -0.0494204 -0.0853725 -0.387425
0.0368334 -0.0119353 0.346061 -0.802401
0.0229592 -0.00140008 0.191786 0.724333
0.0440155 -0.0122993 0.399462 -0.396512
0.0313047 -0.00301566 0.253994 0.414442
0.0431843 -0.00390019 0.297472 0.0137799
-0.120838 0.0186906 0.48649 0.230218
-0.0318495 0.00968775 0.229985 0.648826
0.0346502 -0.00308449 0.240568 0.00922703
0.0366252 -0.00770894 0.338265 -0.346186
0.0495986 -0.00821663 0.37269 -0.989144
0.032335 0.000658263 0.199991 0.542404
0.242437 -0.0357701 -0.000694575 1.98314
0.0553537 -0.00936213 0.374197 -0.519931
0.0649851 -0.0122688 0.481982 -0.788456
-0.199973 0.0348694 0.542522 0.313633
0.0546793 -0.0106546 0.427821 -1.24793
0.0272506 -0.0160945 0.354426 0.015635
0.247724 -0.040803 0.00258214 3.06677
0.217728 -0.0311463 0.0389229 -0.227428
0.0401267 -0.0065978 0.314522 0.0150978
0.0265954 0.00320772 0.191017 0.797864
0.0771954 -0.0181313 0.666216 -3.37477
11.5112 -0.830234 -101.998 -8.532
0.0611795 -0.01286 0.458883 -1.56995
0.0488507 -0.0117076 0.421074 -0.869558
0.0546793 -0.0106546 0.427821 -1.24793
-0.442701 0.113072 -4.16211e-05 2.00022
0.0321865 -0.00277975 0.250209 0.487961
0.392363 -0.0672335 -0.242328 -1.10458
-0.180625 0.0534513 -0.0281745 2.09568
0.0552083 0.00697942 0.296342 0.349637
0.0486731 -0.0107131 -0.000819655 2.0036
14.1112 -0.965851 -134.478 -9.21863
1.61781 -0.191875 -4.30683 -2.04853
-1.20563 0.0703335 8.56098 -4.99986
0.032269 -0.00794526 0.325829 -0.30176
-0.168112 0.0423516 -0.00212879 2.00856
-0.100894 0.0401567 -0.00708142 2.03756
0.241201 -0.0304537 -0.00456033 2.98446
0.0385701 -0.00185473 0.267075 0.439168
2.31014 -0.253089 -9.57405 -3.91578
-7.19418 0.478336 58.3601 -7.04028
