0.0332425 -0.0100657 0.313848 0.014058
0.044043 -0.0141433 0.391475 -0.503626
0.0647772 -0.0222781 0.613449 -2.4496
-0.0240956 -0.0141929 -0.000458168 1.99672
-0.441583 0.0303695 0.516139 -0.137309
0.0583284 -0.0131162 0.459653 -0.749978
0.0385249 -0.00956611 0.340582 0.017076
0.0635825 -0.0158036 0.506243 -1.29598
0.0702588 -0.0186186 0.576256 -1.98219
0.0567191 -0.0126449 0.438863 -0.993104
0.0648116 -0.0184251 0.542745 -1.4318
-0.181795 0.00212219 -0.00745175 2.04195
-4.6434 0.325236 39.3166 -8.19744
0.0332425 -0.0100657 0.313848 0.014058
0.0371778 -0.00837739 0.315745 0.0146649
0.0639793 -0.0161069 0.518914 -1.51432
0.0434402 -0.0143549 0.391959 -0.897238
0.0243102 -0.00950295 0.277473 0.328466
0.0284847 -0.0100842 0.285664 0.0112942
0.0318325 -0.0110748 0.318341 0.0142202
0.0361119 -0.0108714 0.340511 0.0164951
0.0497331 -0.0108274 0.386236 -0.452221
0.0321275 -0.00973608 0.302968 0.0130521
0.0666636 -0.0192044 0.578183 -2.23768
0.0350753 -0.00795582 0.301733 0.0135663
0.0400289 -0.00905642 0.33755 -0.472132
0.0426991 -0.0115642 0.364824 -0.403603
0.0428385 -0.0207361 0.456764 -0.469868
-7.78786 0.505443 63.9654 -7.16018
0.0370672 -0.00775231 0.309449 0.0143529
0.0399366 -0.00855799 0.336112 0.0168182
0.0424595 -0.0078771 0.342468 0.0176559
0.0453189 -0.0173205 0.4356 -1.11745
0.0296019 -0.0104151 0.296573 0.0122338
0.0270758 -0.0110939 0.290172 0.0114073
0.0286878 -0.0076431 0.259054 0.352883
0.0292479 -0.00892376 0.27616 0.0108772
0.0321961 -0.00714366 0.274933 0.0113451
0.0390597 -0.0149263 0.389103 -1.05049
0.0321607 -0.00958459 0.317905 -0.319019
0.0371778 -0.00837739 0.315745 0.0146649
0.0371778 -0.00837739 0.315745 0.0146649
0.0565313 -0.0164814 0.480599 -1.25057
0.0440407 -0.0149863 0.424148 -0.812553
0.0756163 -0.0211203 0.642118 -2.22968
0.0404712 -0.0126721 0.389121 -0.374494
0.0607337 -0.0159222 0.478566 -1.06818
0.0414135 -0.00951472 0.371702 -0.282082
0.0345596 -0.0141193 0.336241 -0.571039
0.0245494 -0.0117724 0.283767 0.0105716
0.0345596 -0.0141193 0.336241 -0.571039
0.0408616 -0.0117511 0.362143 -0.872325
0.0296976 -0.0102668 0.307594 -0.404276
0.0321607 -0.00958459 0.317905 -0.319019
0.0242344 -0.0103437 0.296677 -0.353527
0.0368334 -0.0119353 0.346061 -0.802401
0.0502221 -0.0135528 0.41665 -0.95721
0.0493372 -0.013839 0.430322 -1.16421
0.0419616 -0.0115918 0.364672 -0.489362
0.0308989 -0.00877932 0.285752 0.0118171
0.0334258 -0.00810109 0.292163 0.012578
0.0349906 -0.0123441 0.343636 -0.441305
0.0367015 -0.0116271 0.35685 -0.371365
0.0350714 -0.00914261 0.329659 -0.34946
0.0215449 -0.00903035 0.24278 0.27015
0.0345596 -0.0141193 0.336241 -0.571039
0.0258442 -0.0101351 0.272915 0.0102708
0.0477477 -0.0165243 0.441591 -1.09683
0.0554785 -0.0162907 0.481549 -1.96429
0.0350714 -0.00914261 0.329659 -0.34946
0.0380026 -0.0137217 0.346295 -0.590195
0.0294243 -0.00695472 0.254382 0.0095658
0.0535021 -0.01311 0.428041 -0.977826
0.0382908 -0.00870576 0.326597 0.0157292
0.0440155 -0.0122993 0.399462 -0.396512
0.0333557 -0.0102732 0.351328 -0.311953
0.0334258 -0.00810109 0.292163 0.012578
0.0307178 -0.0107453 0.307465 0.0132091
0.0468694 -0.0139686 0.404622 -0.930441
0.0365693 -0.00945868 0.327653 -0.451053
0.0294201 -0.0123806 0.318277 0.013584
0.03699 -0.0148969 0.370901 -0.461871
0.03699 -0.0148969 0.370901 -0.461871
0.0419616 -0.0115918 0.364672 -0.489362
0.0714605 -0.0214906 0.641242 -2.46531
0.0635825 -0.0158036 0.506243 -1.29598
0.0509125 -0.0160266 0.451683 -1.105
0.0346528 -0.00905687 0.309359 0.0138627
0.0454693 -0.0112066 0.374772 -0.509352
0.0359523 -0.00742265 0.29857 0.0133315
0.0374134 -0.00923862 0.329751 0.0159718
0.0321275 -0.00973608 0.302968 0.0130521
0.0374134 -0.00923862 0.329751 0.0159718
0.0459936 -0.0173815 0.449723 -0.80669
0.0348898 -0.00991896 0.323385 0.0151166
0.0357668 -0.00938587 0.320225 0.014898
0.0254251 -0.0112386 0.280586 0.0104483
0.0256002 -0.00926871 0.258789 0.00926612
0.040676 -0.0173995 0.418689 -1.04665
0.0557747 -0.0161654 0.468876 -1.69059
0.0294243 -0.00695472 0.254382 0.0095658
0.0443696 -0.0114147 0.375612 -0.91413
0.0228981 -0.0119166 0.274171 0.00962824
0.0390597 -0.0149263 0.389103 -1.05049
0.0365693 -0.00945868 0.327653 -0.451053
0.0350714 -0.00914261 0.329659 -0.34946
0.0591711 -0.0159771 0.496689 -1.99868
0.0268946 -0.00763107 0.24793 0.00890139
0.0312185 -0.00746818 0.271396 0.248156
0.0306894 -0.0124664 0.333103 -0.311431
0.0220098 -0.00683679 0.252618 0.384222
0.0308989 -0.00877932 0.285752 0.0118171
0.0221957 -0.0104795 0.255534 0.00865035
0.020134 -0.00829425 0.208572 0.335933
0.0230712 -0.00994551 0.252347 0.00853553
0.0283717 -0.00945732 0.279336 0.0110481
0.0321607 -0.00958459 0.317905 -0.319019
0.0350714 -0.00914261 0.329659 -0.34946
0.0390597 -0.0149263 0.389103 -1.05049
0.0331234 -0.00986181 0.31767 -0.428465
0.0321607 -0.00958459 0.317905 -0.319019
0.0331234 -0.00986181 0.31767 -0.428465
0.0310773 -0.0068116 0.264001 0.0104342
0.0308427 -0.00893767 0.283395 -0.433001
0.0614402 -0.0188323 0.546912 -2.26692
0.0390597 -0.0149263 0.389103 -1.05049
0.0287256 -0.0109487 0.299746 0.0123968
0.0206372 -0.00589367 0.213076 0.493587
0.0170791 -0.0067887 0.211159 0.412815
0.0230712 -0.00994551 0.252347 0.00853553
0.0256002 -0.00926871 0.258789 0.00926612
0.0283717 -0.00945732 0.279336 0.0110481
0.0292479 -0.00892376 0.27616 0.0108772
0.0403579 -0.0108612 0.332273 -0.519366
0.0244418 -0.00839358 0.242974 0.00838665
0.0256519 -0.00726694 0.229787 0.256167
0.0454693 -0.0112066 0.374772 -0.509352
0.0426991 -0.0115642 0.364824 -0.403603
0.0454693 -0.0112066 0.374772 -0.509352
0.0468694 -0.0139686 0.404622 -0.930441
0.0350714 -0.00914261 0.329659 -0.34946
0.0349906 -0.0123441 0.343636 -0.441305
0.0308989 -0.00877932 0.285752 0.0118171
0.0286114 -0.00806783 0.262768 0.26718
0.0211463 -0.00848381 0.240447 0.353233
0.0390041 -0.0137971 0.34852 -0.510274
0.0283717 -0.00945732 0.279336 0.0110481
0.0744911 -0.0223746 0.724672 -3.94417
0.0242221 -0.00484518 0.206461 0.303865
0.0368334 -0.0119353 0.346061 -0.802401
0.0233016 -0.00804657 0.231802 0.00759945
0.0308427 -0.00893767 0.283395 -0.433001
0.0698876 -0.0187072 0.62337 -3.26334
0.0350714 -0.00914261 0.329659 -0.34946
0.0367015 -0.0116271 0.35685 -0.371365
0.0296019 -0.0104151 0.296573 0.0122338
0.0468694 -0.0139686 0.404622 -0.930441
0.0321607 -0.00958459 0.317905 -0.319019
0.0377403 -0.01262 0.381356 -0.751023
0.029781 -0.00844784 0.274832 0.0108918
0.0230712 -0.00994551 0.252347 0.00853553
0.0270758 -0.0110939 0.290172 0.0114073
0.0280666 -0.0131343 0.323275 -0.394009
0.0306894 -0.0124664 0.333103 -0.311431
0.0294243 -0.00695472 0.254382 0.0095658
0.0300225 -0.0093129 0.288925 0.0120028
0.02672 -0.00960132 0.269735 0.0101245
0.0283717 -0.00945732 0.279336 0.0110481
0.0319537 -0.00627818 0.260829 0.0102227
0.0350714 -0.00914261 0.329659 -0.34946
0.038472 -0.0119487 0.353637 -0.462405
0.0321607 -0.00958459 0.317905 -0.319019
0.0281289 -0.00859169 0.265226 0.00998844
0.0170791 -0.0067887 0.211159 0.412815
0.0192006 -0.00481707 0.21541 0.543751
0.0390597 -0.0149263 0.389103 -1.05049
0.0256002 -0.00926871 0.258789 0.00926612
0.0170791 -0.0067887 0.211159 0.412815
0.0244418 -0.00839358 0.242974 0.00838665
0.0285482 -0.00748835 0.257558 0.00975283
0.0308427 -0.00893767 0.283395 -0.433001
0.0349666 -0.00871721 0.294689 -0.476067
0.0276159 -0.0093738 0.272965 -0.405448
0.0256002 -0.00926871 0.258789 0.00926612
0.0361383 -0.0120519 0.351586 -0.975985
0.0242221 -0.00484518 0.206461 0.303865
0.0285482 -0.00748835 0.257558 0.00975283
0.0319931 -0.0124187 0.343043 -0.950575
0.0407434 -0.0119818 0.368942 -1.06192
0.0300645 -0.0120178 0.300194 -0.438285
0.0256519 -0.00726694 0.229787 0.256167
0.0331234 -0.00986181 0.31767 -0.428465
0.0219082 -0.0090634 0.236372 0.00767946
0.020134 -0.00829425 0.208572 0.335933
0.0170791 -0.0067887 0.211159 0.412815
0.0283035 -0.00662149 0.243423 0.00872762
0.0246055 -0.00640008 0.220735 0.0072135
0.0310773 -0.0068116 0.264001 0.0104342
0.0186569 -0.0059724 0.188511 0.368812
0.0244418 -0.00839358 0.242974 0.00838665
0.0258352 -0.00737618 0.238397 0.00826651
0.0268946 -0.00763107 0.24793 0.00890139
0.0368334 -0.0119353 0.346061 -0.802401
0.0186569 -0.0059724 0.188511 0.368812
0.0350753 -0.00795582 0.301733 0.0135663
0.0296019 -0.0104151 0.296573 0.0122338
0.038472 -0.0119487 0.353637 -0.462405
0.0350714 -0.00914261 0.329659 -0.34946
0.0256002 -0.00926871 0.258789 0.00926612
0.0258442 -0.0101351 0.272915 0.0102708
0.0368334 -0.0119353 0.346061 -0.802401
0.0434402 -0.0143549 0.391959 -0.897238
0.0258352 -0.00737618 0.238397 0.00826651
0.0303647 -0.0072721 0.294959 -0.426052
0.0205669 -0.0106397 0.284702 -0.307679
0.0258352 -0.00737618 0.238397 0.00826651
0.0285482 -0.00748835 0.257558 0.00975283
0.0321607 -0.00958459 0.317905 -0.319019
0.0321961 -0.00714366 0.274933 0.0113451
0.02672 -0.00960132 0.269735 0.0101245
0.0281289 -0.00859169 0.265226 0.00998844
0.0170791 -0.0067887 0.211159 0.412815
0.02672 -0.00960132 0.269735 0.0101245
0.0260187 -0.00816489 0.251112 0.00906391
0.0294894 -0.00978868 0.290252 0.0119786
0.0283717 -0.00945732 0.279336 0.0110481
0.0598765 -0.018405 0.521096 -1.85859
0.0330727 -0.00661028 0.271763 0.0111275
0.0285482 -0.00748835 0.257558 0.00975283
0.0319537 -0.00627818 0.260829 0.0102227
0.0233163 -0.0108126 0.26649 0.0094848
0.019869 -0.00620183 0.218638 0.393402
0.0408616 -0.0117511 0.362143 -0.872325
0.0300225 -0.0093129 0.288925 0.0120028
0.0468694 -0.0139686 0.404622 -0.930441
0.0283717 -0.00945732 0.279336 0.0110481
0.0192006 -0.00481707 0.21541 0.543751
0.0256002 -0.00926871 0.258789 0.00926612
0.0315201 -0.0127391 0.333519 -0.418554
0.0272529 -0.00912528 0.268404 0.010153
0.0281927 -0.0114246 0.301078 0.012352
0.0483597 -0.0133001 0.405651 -1.35156
0.0233662 -0.00400892 0.217489 0.601069
0.036951 -0.0130476 0.378701 -0.351336
0.0626019 -0.0125634 0.461444 -0.634431
0.0689161 -0.0158805 0.534848 -1.02922
0.0475786 -0.0119284 0.409728 -0.41744
0.055925 -0.0142626 0.484878 -0.700717
0.0388059 -0.0112625 0.337201 -1.15971
0.0361383 -0.0120519 0.351586 -0.975985
0.0338075 -0.00929589 0.320507 -0.796394
0.0338075 -0.00929589 0.320507 -0.796394
0.0215439 -0.00294924 0.222158 0.633459
0.0286114 -0.00806783 0.262768 0.26718
0.0286114 -0.00806783 0.262768 0.26718
0.0308989 -0.00877932 0.285752 0.0118171
