0.0368131 -0.0156358 0.398396 -0.74166
0.0196612 -0.00756066 0.246217 0.391154
0.0328462 -0.0152408 0.357617 -0.51193
-0.595432 -0.0303532 4.8013 -4.09221
1.3734 -0.247302 -1.39145 0.703462
0.038472 -0.0119487 0.353637 -0.462405
0.0298414 -0.0112788 0.310637 0.0133789
0.0349906 -0.0123441 0.343636 -0.441305
0.0516586 -0.0199968 0.49305 -1.371
0.0516586 -0.0199968 0.49305 -1.371
0.0477477 -0.0165243 0.441591 -1.09683
-0.217768 -0.0195833 0.545847 0.209114
-0.974298 0.0196582 6.293 -4.44442
0.040676 -0.0173995 0.418689 -1.04665
0.0328462 -0.0152408 0.357617 -0.51193
0.0281927 -0.0114246 0.301078 0.012352
0.0254251 -0.0112386 0.280586 0.0104483
0.0260204 -0.0135946 0.315086 0.0127905
0.0254251 -0.0112386 0.280586 0.0104483
0.0147354 -0.00873539 0.234565 0.6482
0.0155271 -0.00385345 0.20413 0.694719
0.038472 -0.0119487 0.353637 -0.462405
0.0270758 -0.0110939 0.290172 0.0114073
0.0270758 -0.0110939 0.290172 0.0114073
0.0328462 -0.0152408 0.357617 -0.51193
0.0328462 -0.0152408 0.357617 -0.51193
0.0315201 -0.0127391 0.333519 -0.418554
0.0129306 -0.0120296 0.23245 0.420899
0.879068 -0.134975 -1.58054 -1.27341
0.0202879 -0.00957251 0.264304 0.380949
0.0514779 -0.0196815 0.479367 -1.1528
0.0480889 -0.0162053 0.426871 -0.883722
0.0328462 -0.0152408 0.357617 -0.51193
0.0315201 -0.0127391 0.333519 -0.418554
0.040676 -0.0173995 0.418689 -1.04665
0.031251 -0.0102695 0.306136 0.0132401
0.0252827 -0.0078509 0.23978 0.0082607
0.043166 -0.01684 0.423263 -1.53925
0.0319805 -0.0155413 0.359598 -0.949177
0.0207881 -0.0114899 0.260059 0.00868952
0.0306894 -0.0124664 0.333103 -0.311431
0.0270758 -0.0110939 0.290172 0.0114073
0.0270758 -0.0110939 0.290172 0.0114073
0.0366159 -0.0166845 0.363666 -0.584362
0.0514779 -0.0196815 0.479367 -1.1528
0.03699 -0.0148969 0.370901 -0.461871
0.0404338 -0.0153137 0.411273 -0.77779
0.0414147 -0.0144716 0.379645 -0.393431
0.0205669 -0.0106397 0.284702 -0.307679
0.0233163 -0.0108126 0.26649 0.0094848
0.0180118 -0.00891311 0.230526 0.388808
0.0281289 -0.00859169 0.265226 0.00998844
0.022115 -0.00754023 0.219424 0.297676
0.0311206 -0.0145167 0.32612 -0.550485
0.0224772 -0.0131714 0.311931 -0.340753
0.0111344 -0.00757312 0.188863 0.504153
0.0327997 -0.0115889 0.30829 -0.554716
0.0258442 -0.0101351 0.272915 0.0102708
0.0328462 -0.0152408 0.357617 -0.51193
0.0221957 -0.0104795 0.255534 0.00865035
0.0467797 -0.0199006 0.468533 -1.81191
0.0293712 -0.0156434 0.347889 -0.49371
0.0180118 -0.00891311 0.230526 0.388808
0.0334772 -0.0152732 0.360463 -0.438819
0.0150892 -0.00678623 0.191767 0.572387
0.0194609 -0.0085994 0.221859 0.492872
0.0280666 -0.0131343 0.323275 -0.394009
0.0349906 -0.0123441 0.343636 -0.441305
0.0256002 -0.00926871 0.258789 0.00926612
0.0256002 -0.00926871 0.258789 0.00926612
0.0233163 -0.0108126 0.26649 0.0094848
0.0227561 -0.0117048 0.288245 -0.355361
0.0380026 -0.0137217 0.346295 -0.590195
0.0380026 -0.0137217 0.346295 -0.590195
0.0368131 -0.0156358 0.398396 -0.74166
0.0280666 -0.0131343 0.323275 -0.394009
0.0231415 -0.0127826 0.288288 0.0106117
0.0280666 -0.0131343 0.323275 -0.394009
0.0254251 -0.0112386 0.280586 0.0104483
0.0345596 -0.0141193 0.336241 -0.571039
0.0355473 -0.014176 0.337795 -0.485282
0.0270758 -0.0110939 0.290172 0.0114073
0.0211463 -0.00848381 0.240447 0.353233
0.044043 -0.0141433 0.391475 -0.503626
0.0509125 -0.0160266 0.451683 -1.105
0.0405132 -0.0145204 0.381234 -0.483429
0.0453189 -0.0173205 0.4356 -1.11745
0.0345596 -0.0141193 0.336241 -0.571039
0.0280666 -0.0131343 0.323275 -0.394009
0.0270758 -0.0110939 0.290172 0.0114073
0.0390597 -0.0149263 0.389103 -1.05049
0.0195059 -0.0118478 0.259599 0.241238
0.0268963 -0.0130608 0.311907 0.012669
0.0268963 -0.0130608 0.311907 0.012669
0.0269628 -0.010467 0.283844 0.0111713
0.0306894 -0.0124664 0.333103 -0.311431
0.0224772 -0.0131714 0.311931 -0.340753
0.0280666 -0.0131343 0.323275 -0.394009
0.0150892 -0.00678623 0.191767 0.572387
0.0408616 -0.0117511 0.362143 -0.872325
0.0327997 -0.0115889 0.30829 -0.554716
0.0230712 -0.00994551 0.252347 0.00853553
0.0180707 -0.0113783 0.240819 0.0071884
0.0183697 -0.0122684 0.25519 0.00801043
0.0230712 -0.00994551 0.252347 0.00853553
0.0354842 -0.0152065 0.373178 -0.990811
0.0137441 -0.00701983 0.196258 0.492186
0.0196573 -0.0136478 0.300733 -0.313247
0.0180118 -0.00891311 0.230526 0.388808
0.0220227 -0.0124506 0.277357 0.00972631
0.0195059 -0.0118478 0.259599 0.241238
0.0280666 -0.0131343 0.323275 -0.394009
0.0192108 -0.0117261 0.252001 0.0079655
0.0193746 -0.0097328 0.229764 0.00696563
0.0207881 -0.0114899 0.260059 0.00868952
0.0256002 -0.00926871 0.258789 0.00926612
0.0256002 -0.00926871 0.258789 0.00926612
0.0327997 -0.0115889 0.30829 -0.554716
0.0206043 -0.0107098 0.247437 0.00796707
0.0221957 -0.0104795 0.255534 0.00865035
0.0206043 -0.0107098 0.247437 0.00796707
0.0111344 -0.00757312 0.188863 0.504153
0.0319805 -0.0155413 0.359598 -0.949177
0.0127622 -0.00877716 0.187484 0.439855
0.0231415 -0.0127826 0.288288 0.0106117
0.0207881 -0.0114899 0.260059 0.00868952
0.0211474 -0.0129849 0.280547 0.00981432
0.0396195 -0.0171089 0.404072 -1.45765
0.00725634 -0.00658799 0.177177 0.688704
0.0206043 -0.0107098 0.247437 0.00796707
0.043166 -0.01684 0.423263 -1.53925
0.0258442 -0.0101351 0.272915 0.0102708
0.0327997 -0.0115889 0.30829 -0.554716
0.0230712 -0.00994551 0.252347 0.00853553
0.0158667 -0.00831549 0.196892 0.399631
0.0210672 -0.00960594 0.239564 0.00776941
0.0258442 -0.0101351 0.272915 0.0102708
0.040676 -0.0173995 0.418689 -1.04665
0.0259578 -0.0107624 0.279251 0.0104975
0.0372475 -0.0177597 0.405118 -1.0097
0.0470766 -0.0198512 0.459358 -1.57124
0.0366159 -0.0166845 0.363666 -0.584362
0.0228981 -0.0119166 0.274171 0.00962824
0.0345596 -0.0141193 0.336241 -0.571039
0.0311206 -0.0145167 0.32612 -0.550485
0.0328462 -0.0152408 0.357617 -0.51193
0.0258442 -0.0101351 0.272915 0.0102708
0.0425233 -0.0145785 0.403045 -1.09177
0.0276159 -0.0093738 0.272965 -0.405448
0.0206043 -0.0107098 0.247437 0.00796707
0.016773 -0.00895711 0.20046 0.277529
0.0190753 -0.00884446 0.215414 0.00617743
0.0280666 -0.0131343 0.323275 -0.394009
0.0230712 -0.00994551 0.252347 0.00853553
0.0148544 -0.00933645 0.220587 0.42639
0.0207881 -0.0114899 0.260059 0.00868952
0.0220227 -0.0124506 0.277357 0.00972631
0.0280666 -0.0131343 0.323275 -0.394009
0.0245494 -0.0117724 0.283767 0.0105716
0.0172621 -0.00935252 0.239693 0.263045
0.0268447 -0.0156438 0.346585 -0.878775
0.0172621 -0.00935252 0.239693 0.263045
0.0224772 -0.0131714 0.311931 -0.340753
0.043166 -0.01684 0.423263 -1.53925
0.0256002 -0.00926871 0.258789 0.00926612
0.0224772 -0.0131714 0.311931 -0.340753
0.0207881 -0.0114899 0.260059 0.00868952
0.0183697 -0.0122684 0.25519 0.00801043
0.0206043 -0.0107098 0.247437 0.00796707
0.0230712 -0.00994551 0.252347 0.00853553
0.0205147 -0.01008 0.240939 0.00772404
0.0183697 -0.0122684 0.25519 0.00801043
0.0041027 -0.00710229 0.170379 0.712476
0.0180707 -0.0113783 0.240819 0.0071884
0.0112491 -0.00503733 0.161238 0.666649
0.024793 -0.0121524 0.287611 -0.490379
0.0137441 -0.00701983 0.196258 0.492186
0.0206043 -0.0107098 0.247437 0.00796707
0.0207881 -0.0114899 0.260059 0.00868952
0.0258442 -0.0101351 0.272915 0.0102708
0.0219082 -0.0090634 0.236372 0.00767946
0.0207681 -0.00871656 0.225202 0.00692622
0.0326391 -0.0143961 0.352773 -1.35986
0.0168411 -0.0104018 0.223152 0.00624437
0.0180707 -0.0113783 0.240819 0.0071884
0.016773 -0.00895711 0.20046 0.277529
0.0215772 -0.0126074 0.277836 -0.469942
0.0155371 -0.0120463 0.234195 0.00640083
0.0180707 -0.0113783 0.240819 0.0071884
0.0180707 -0.0113783 0.240819 0.0071884
0.0206043 -0.0107098 0.247437 0.00796707
0.0233163 -0.0108126 0.26649 0.0094848
0.0127622 -0.00877716 0.187484 0.439855
0.0118703 -0.00713583 0.180453 0.626015
0.0206043 -0.0107098 0.247437 0.00796707
0.0327997 -0.0115889 0.30829 -0.554716
0.0210672 -0.00960594 0.239564 0.00776941
0.0280145 -0.0116955 0.297246 -0.508677
0.0202319 -0.0102394 0.252568 -0.469057
0.0168411 -0.0104018 0.223152 0.00624437
0.0141883 -0.00953224 0.190744 0.313588
0.0157011 -0.0100553 0.211987 0.00555879
0.0182345 -0.00938615 0.218597 0.00624629
0.00953951 -0.00974515 0.185305 0.337465
0.0328462 -0.0152408 0.357617 -0.51193
0.0233163 -0.0108126 0.26649 0.0094848
0.0345596 -0.0141193 0.336241 -0.571039
0.0258442 -0.0101351 0.272915 0.0102708
0.0197633 -0.0112521 0.250627 0.00803243
0.0172621 -0.00935252 0.239693 0.263045
0.0354842 -0.0152065 0.373178 -0.990811
0.0390597 -0.0149263 0.389103 -1.05049
0.0207681 -0.00871656 0.225202 0.00692622
0.0216089 -0.00817455 0.222015 0.00683166
0.0169306 -0.0110311 0.229644 0.00645038
0.0157011 -0.0100553 0.211987 0.00555879
0.0206043 -0.0107098 0.247437 0.00796707
0.0206043 -0.0107098 0.247437 0.00796707
0.0230712 -0.00994551 0.252347 0.00853553
0.0180707 -0.0113783 0.240819 0.0071884
0.0268447 -0.0156438 0.346585 -0.878775
0.00875438 -0.00804749 0.175728 0.566641
0.0168411 -0.0104018 0.223152 0.00624437
0.0183697 -0.0122684 0.25519 0.00801043
0.0228981 -0.0119166 0.274171 0.00962824
0.0233163 -0.0108126 0.26649 0.0094848
0.0283717 -0.00945732 0.279336 0.0110481
0.0368334 -0.0119353 0.346061 -0.802401
0.0479365 -0.0170917 0.471003 -2.62463
0.0206043 -0.0107098 0.247437 0.00796707
0.0180707 -0.0113783 0.240819 0.0071884
0.0180707 -0.0113783 0.240819 0.0071884
0.024793 -0.0121524 0.287611 -0.490379
0.024793 -0.0121524 0.287611 -0.490379
0.020134 -0.00829425 0.208572 0.335933
0.00270272 -0.00446292 0.150593 0.827389
0.0207881 -0.0114899 0.260059 0.00868952
0.0118703 -0.00713583 0.180453 0.626015
0.0180707 -0.0113783 0.240819 0.0071884
0.0319805 -0.0155413 0.359598 -0.949177
0.0319805 -0.0155413 0.359598 -0.949177
0.0504553 -0.0195855 0.483466 -1.84742
0.0369127 -0.0112479 0.321751 -0.494751
0.0180118 -0.00891311 0.230526 0.388808
0.0799131 -0.0206464 0.63758 -1.99143
0.0735219 -0.0241482 0.673762 -2.39118
0.0290445 -0.0101867 0.285733 0.238622
0.0551332 -0.019379 0.493048 -1.1842
0.0168411 -0.0104018 0.223152 0.00624437
0.0209751 -0.0132898 0.303176 -0.812858
0.00804034 -0.00547114 0.152796 0.705628
0.0141883 -0.00953224 0.190744 0.313588
0.0228981 -0.0119166 0.274171 0.00962824
0.0233163 -0.0108126 0.26649 0.0094848
0.0180118 -0.00891311 0.230526 0.388808
0.0280666 -0.0131343 0.323275 -0.394009
