0.0720174 -0.0214443 0.626849 -2.20592
0.069148 -0.0216015 0.590773 -1.9017
0.0763334 -0.0246822 0.710813 -3.18207
0.0898407 -0.0502103 -0.0537552 3.34377
-7.6234 0.479148 66.83 -7.84151
0.381395 -0.0540324 -0.168208 -0.495579
0.066145 -0.0184727 0.533688 -1.26957
0.230011 -0.0362243 0.0943594 -0.263997
0.230011 -0.0362243 0.0943594 -0.263997
0.240303 -0.0398942 0.10453 -0.290772
0.364097 -0.0535874 -0.158797 -0.459194
4.53812 -0.52435 -15.972 -2.60977
-9.0199 0.655148 62.8292 -6.00303
0.0735219 -0.0241482 0.673762 -2.39118
0.0553029 -0.015151 0.437799 -0.750588
0.066145 -0.0184727 0.533688 -1.26957
0.0720174 -0.0214443 0.626849 -2.20592
0.0741946 -0.0240116 0.65394 -2.12242
0.0462459 -0.0167045 0.417909 -0.515246
3.51149 -0.331571 -19.8607 -5.4611
2.33156 -0.248712 -10.4961 -4.40716
0.236678 -0.0361737 0.095555 -0.274627
0.0854513 -0.0252037 0.853596 -4.26157
0.264221 -0.041331 0.00808552 -0.307125
0.0930378 -0.0241619 0.816351 -3.5413
0.21771 -0.0365972 0.091861 -0.244357
0.0807183 -0.0234706 0.702768 -2.42088
0.32709 -0.0532695 -0.0851691 -0.42865
4.76826 -0.40725 -32.1845 -6.59113
0.0839717 -0.0230026 0.713332 -2.40837
0.274149 -0.0407379 0.0150315 -0.324995
0.0960545 -0.0235791 0.764651 -2.46914
0.0735219 -0.0241482 0.673762 -2.39118
0.0595877 -0.0188706 0.492744 -1.02779
0.0700122 -0.0245048 0.659562 -2.37859
0.249312 -0.0378709 0.0607684 -0.298519
0.264754 -0.0421952 -0.0194564 -0.30823
0.0598921 -0.0160865 0.492182 -1.26419
0.0577758 -0.0189386 0.511903 -1.90169
0.068465 -0.0217787 0.611818 -2.18346
0.0930378 -0.0241619 0.816351 -3.5413
0.066145 -0.0184727 0.533688 -1.26957
0.0792643 -0.0207903 0.65631 -2.24598
0.0584917 -0.0147217 0.449667 -0.773359
0.284271 -0.0442738 0.0242076 -0.354858
0.245828 -0.0404294 0.0792336 -0.304594
0.230011 -0.0362243 0.0943594 -0.263997
0.246085 -0.0391183 0.104339 -0.321578
0.0649632 -0.0220886 0.594851 -2.14905
0.0414147 -0.0144716 0.379645 -0.393431
0.0768549 -0.0286958 0.797925 -3.7821
0.0739258 -0.0183243 0.592425 -2.01749
0.212641 -0.0330876 0.0383009 -0.202172
0.0453895 -0.0108748 0.373324 -0.320149
0.0536423 -0.0190393 0.482842 -1.58699
0.0513035 -0.0157547 0.438046 -0.902128
0.0735204 -0.01847 0.610122 -2.2961
0.0756163 -0.0211203 0.642118 -2.22968
0.0485533 -0.0104892 0.385298 -0.348999
0.0497331 -0.0108274 0.386236 -0.452221
0.0566592 -0.0159152 0.4725 -0.713623
0.0735219 -0.0241482 0.673762 -2.39118
0.066145 -0.0184727 0.533688 -1.26957
0.0520046 -0.0133816 0.412086 -0.464576
0.0649632 -0.0220886 0.594851 -2.14905
0.0480889 -0.0162053 0.426871 -0.883722
0.0613372 -0.0223704 0.577465 -2.10861
0.226991 -0.0366985 0.0742123 -0.262653
0.0860736 -0.0216795 0.788968 -4.06808
0.0868272 -0.0217994 0.767615 -3.67241
0.0602111 -0.0182369 0.506476 -1.60156
0.0660211 -0.0184319 0.530422 -1.72282
0.0655914 -0.0126899 0.478779 -1.15092
0.0739258 -0.0183243 0.592425 -2.01749
0.247484 -0.0371451 0.0274241 -0.266655
0.0892468 -0.0242848 0.753563 -3.00603
0.305769 -0.0464617 -0.0811084 -0.356925
0.049958 -0.0167222 0.449119 -0.666822
0.0741946 -0.0240116 0.65394 -2.12242
0.0720174 -0.0214443 0.626849 -2.20592
0.0650228 -0.0214604 0.549104 -1.22946
0.0587956 -0.0190765 0.506651 -1.21398
0.0604146 -0.0218597 0.546512 -1.37089
0.246085 -0.0391183 0.104339 -0.321578
0.0632463 -0.0150712 0.495208 -0.752814
0.0689161 -0.0158805 0.534848 -1.02922
0.0741946 -0.0240116 0.65394 -2.12242
0.222301 -0.0362875 0.0967885 -0.251303
0.264221 -0.041331 0.00808552 -0.307125
0.072039 -0.0177572 0.567522 -1.46464
0.0698312 -0.0181712 0.547142 -1.29568
0.21771 -0.0365972 0.091861 -0.244357
0.0541803 -0.0140158 0.4435 -0.369651
0.077102 -0.0237845 0.686365 -2.39351
0.0815047 -0.0234119 0.686597 -2.18374
0.0907349 -0.027043 0.786029 -2.62794
0.0649632 -0.0220886 0.594851 -2.14905
0.0664402 -0.024805 0.642527 -2.34759
0.0516586 -0.0199968 0.49305 -1.371
0.0776215 -0.0180182 0.607415 -2.04377
0.0784231 -0.0221523 0.744917 -3.9779
0.070141 -0.0188515 0.595757 -2.28096
0.0415294 -0.0170592 0.403359 -0.835116
0.219673 -0.0370952 0.0260335 -0.224194
0.0854513 -0.0252037 0.853596 -4.26157
0.0660211 -0.0184319 0.530422 -1.72282
0.0620443 -0.0151648 0.48143 -1.46226
0.0814588 -0.0251848 0.79161 -3.90595
0.0684153 -0.0180893 0.555122 -1.44834
0.0700122 -0.0245048 0.659562 -2.37859
0.0544842 -0.0152925 0.44891 -0.917442
0.0720174 -0.0214443 0.626849 -2.20592
0.0536423 -0.0190393 0.482842 -1.58699
0.0755904 -0.0283658 0.804462 -4.05165
0.055066 -0.0214871 0.507814 -1.50518
0.0891099 -0.0244075 0.7984 -3.51964
0.0598921 -0.0160865 0.492182 -1.26419
0.0892946 -0.0249116 0.873172 -4.28401
0.229189 -0.0412835 0.00833211 -0.250323
0.0565313 -0.0164814 0.480599 -1.25057
0.0765329 -0.0213061 0.684343 -3.23986
0.0602111 -0.0182369 0.506476 -1.60156
0.0666636 -0.0192044 0.578183 -2.23768
0.0509125 -0.0160266 0.451683 -1.105
0.0749166 -0.0211259 0.655482 -2.47602
0.0414147 -0.0144716 0.379645 -0.393431
0.0584648 -0.0192698 0.518001 -1.40454
0.0513035 -0.0157547 0.438046 -0.902128
0.0514779 -0.0196815 0.479367 -1.1528
0.0629536 -0.0251259 0.625902 -2.3191
0.0613372 -0.0223704 0.577465 -2.10861
0.0674705 -0.0211251 0.570306 -1.39897
0.070141 -0.0188515 0.595757 -2.28096
0.0854513 -0.0252037 0.853596 -4.26157
0.0536423 -0.0190393 0.482842 -1.58699
0.0513035 -0.0157547 0.438046 -0.902128
0.0769782 -0.0209567 0.609562 -1.54395
0.0756163 -0.0211203 0.642118 -2.22968
0.0698312 -0.0181712 0.547142 -1.29568
0.0756163 -0.0211203 0.642118 -2.22968
0.0632876 -0.0185876 0.506895 -1.06248
0.0735219 -0.0241482 0.673762 -2.39118
0.0735219 -0.0241482 0.673762 -2.39118
0.0714605 -0.0214906 0.641242 -2.46531
0.20813 -0.0369808 0.0695778 -0.233795
0.0700122 -0.0245048 0.659562 -2.37859
0.0654042 -0.0218671 0.573643 -1.85777
0.0592927 -0.0156358 0.493269 -0.875368
0.22567 -0.0337187 0.0138232 -0.222609
0.0854513 -0.0252037 0.853596 -4.26157
0.0647772 -0.0222781 0.613449 -2.4496
0.0765329 -0.0213061 0.684343 -3.23986
0.0735204 -0.01847 0.610122 -2.2961
0.0607337 -0.0159222 0.478566 -1.06818
0.264754 -0.0421952 -0.0194564 -0.30823
0.077102 -0.0237845 0.686365 -2.39351
0.22787 -0.0399621 0.0865601 -0.274608
0.0587956 -0.0190765 0.506651 -1.21398
0.0640934 -0.0215508 0.559616 -1.39314
0.069148 -0.0216015 0.590773 -1.9017
0.0514779 -0.0196815 0.479367 -1.1528
0.0672241 -0.0247329 0.625196 -2.08548
0.0768549 -0.0286958 0.797925 -3.7821
0.066145 -0.0184727 0.533688 -1.26957
0.0749166 -0.0211259 0.655482 -2.47602
0.0831406 -0.0220802 0.749595 -3.65682
0.0720893 -0.0248124 0.68849 -3.11601
0.068465 -0.0217787 0.611818 -2.18346
0.0702588 -0.0186186 0.576256 -1.98219
0.0607337 -0.0159222 0.478566 -1.06818
0.0720174 -0.0214443 0.626849 -2.20592
0.254358 -0.0418488 0.000652189 -0.289872
0.0814588 -0.0251848 0.79161 -3.90595
0.0514779 -0.0196815 0.479367 -1.1528
0.0602111 -0.0182369 0.506476 -1.60156
0.0551332 -0.019379 0.493048 -1.1842
0.0791559 -0.0277373 0.774333 -3.48239
0.03699 -0.0148969 0.370901 -0.461871
0.229189 -0.0412835 0.00833211 -0.250323
0.224642 -0.0373449 0.0657886 -0.258889
0.0602111 -0.0182369 0.506476 -1.60156
0.0666636 -0.0192044 0.578183 -2.23768
0.0380026 -0.0137217 0.346295 -0.590195
0.0434402 -0.0143549 0.391959 -0.897238
0.0744911 -0.0223746 0.724672 -3.94417
0.0726377 -0.0215971 0.66958 -3.23494
0.238884 -0.0393707 -0.00220885 1.77232
0.0649632 -0.0220886 0.594851 -2.14905
0.0814588 -0.0251848 0.79161 -3.90595
0.044834 -0.0166415 0.415335 -0.861648
0.0513035 -0.0157547 0.438046 -0.902128
0.0814588 -0.0251848 0.79161 -3.90595
0.0545312 -0.0215553 0.517478 -1.71237
0.0545312 -0.0215553 0.517478 -1.71237
0.0545312 -0.0215553 0.517478 -1.71237
0.0484571 -0.0137462 0.40145 -0.442614
0.0602111 -0.0182369 0.506476 -1.60156
0.070141 -0.0188515 0.595757 -2.28096
0.0504209 -0.019472 0.471808 -1.58501
0.0649632 -0.0220886 0.594851 -2.14905
0.0468694 -0.0139686 0.404622 -0.930441
0.0569489 -0.0186302 0.494101 -1.59111
0.0602111 -0.0182369 0.506476 -1.60156
0.0613372 -0.0223704 0.577465 -2.10861
0.0756163 -0.0211203 0.642118 -2.22968
0.0587956 -0.0190765 0.506651 -1.21398
0.0533239 -0.016324 0.460906 -0.691291
0.0624662 -0.0187744 0.520193 -1.24238
0.0514779 -0.0196815 0.479367 -1.1528
0.0514779 -0.0196815 0.479367 -1.1528
0.042691 -0.0170768 0.407659 -0.496287
0.25238 -0.037535 0.00321298 -0.276279
0.0602111 -0.0182369 0.506476 -1.60156
0.0565313 -0.0164814 0.480599 -1.25057
0.0366159 -0.0166845 0.363666 -0.584362
0.0569489 -0.0186302 0.494101 -1.59111
0.069148 -0.0216015 0.590773 -1.9017
0.080849 -0.0246639 0.738038 -3.28322
0.0702588 -0.0186186 0.576256 -1.98219
0.0587956 -0.0190765 0.506651 -1.21398
0.080849 -0.0246639 0.738038 -3.28322
0.0613372 -0.0223704 0.577465 -2.10861
0.0775992 -0.0253912 0.768665 -3.85319
0.0775992 -0.0253912 0.768665 -3.85319
0.0493854 -0.0169681 0.461136 -0.828612
0.0709323 -0.0244509 0.642166 -2.12311
0.0894196 -0.0284239 0.90506 -4.22674
0.074426 -0.017734 0.548957 -1.15793
0.0894196 -0.0284239 0.90506 -4.22674
0.233292 -0.0368996 0.0257669 -0.244601
0.0429219 -0.0193679 0.426757 -0.803633
0.044043 -0.0141433 0.391475 -0.503626
0.0462079 -0.0111961 0.375607 -0.428801
0.069148 -0.0216015 0.590773 -1.9017
0.0607337 -0.0159222 0.478566 -1.06818
0.0735219 -0.0241482 0.673762 -2.39118
0.0720174 -0.0214443 0.626849 -2.20592
0.0700122 -0.0245048 0.659562 -2.37859
0.0584648 -0.0192698 0.518001 -1.40454
0.0587956 -0.0190765 0.506651 -1.21398
0.0741946 -0.0240116 0.65394 -2.12242
0.0598244 -0.019636 0.533968 -1.09545
0.0756163 -0.0211203 0.642118 -2.22968
0.245828 -0.0404294 0.0792336 -0.304594
0.0982111 -0.0191525 0.718449 -2.14255
0.310475 -0.0475549 0.0671185 -0.458093
0.229222 -0.0398324 0.14727 -0.298678
0.0650399 -0.0129561 0.475362 -0.431325
0.0814588 -0.0251848 0.79161 -3.90595
0.2326 -0.0377164 0.00153815 -0.244646
0.0513035 -0.0157547 0.438046 -0.902128
0.0814588 -0.0251848 0.79161 -3.90595
0.331984 -0.0498619 -0.0947241 -0.422674
0.21771 -0.0365972 0.091861 -0.244357
0.048379 -0.0141168 0.435106 -0.340564
0.0584111 -0.0183258 0.496483 -0.698554
