0.0501287 -0.0121582 0.447946 -0.675093
0.0558017 -0.0109777 0.446239 -0.92952
0.0414135 -0.00951472 0.371702 -0.282082
-6.02056 0.35073 53.1409 -7.74733
4.98696 -0.500162 -25.8635 -4.62024
0.0572469 -0.00499908 0.397522 -0.299785
0.0646052 -0.012476 0.492623 -0.945732
0.0861242 -0.0144547 0.626364 -2.20511
0.0729055 -0.0120849 0.506093 -1.21234
0.229694 -0.0301463 0.0697309 -0.243323
0.0792557 -0.0149736 0.574624 -1.62302
11.467 -0.844135 -90.4631 -7.22343
0.368137 -0.115444 0.0275057 3.42321
0.0497331 -0.0108274 0.386236 -0.452221
0.0583284 -0.0131162 0.459653 -0.749978
0.0566668 -0.0107834 0.437329 -0.779151
0.0549474 -0.0135226 0.448161 -0.727296
0.0408144 -0.00802539 0.332964 0.0165518
0.038715 -0.00760592 0.318993 0.0153931
0.056714 -0.00820974 0.414361 -0.387761
0.0765735 -0.0117827 0.519659 -1.2409
0.0729055 -0.0120849 0.506093 -1.21234
0.0635825 -0.0158036 0.506243 -1.29598
0.0692451 -0.0123874 0.492473 -1.18243
0.093256 -0.0207468 0.773705 -3.48101
0.0655914 -0.0126899 0.478779 -1.15092
0.0460551 -0.00470666 0.324155 0.0162606
0.0672792 -0.015736 0.537444 -1.71655
-4.54109 0.276229 41.4603 -7.84521
0.0531522 -0.00857342 0.403802 -0.365202
0.056714 -0.00820974 0.414361 -0.387761
0.0592488 -0.00751115 0.423185 -0.315594
0.0410043 -0.00606509 0.311371 0.0148148
0.036791 -0.00777158 0.31644 0.223891
0.0384785 -0.00674398 0.304973 0.0140773
0.0692451 -0.0123874 0.492473 -1.18243
0.0618659 -0.00953694 0.44116 -1.09583
0.0677304 -0.0120434 0.48224 -1.58465
0.0478464 -0.0110662 0.38895 -0.953043
0.0486726 -0.00712901 0.335777 -0.569322
0.0725736 -0.0122786 0.517476 -1.40315
0.0601089 -0.0103896 0.449163 -0.804931
0.069327 -0.0126858 0.505968 -1.39483
0.0444436 -0.00909321 0.383353 -0.308928
0.0855222 -0.0176807 0.644904 -1.78001
0.0634998 -0.00997632 0.460588 -0.826938
0.0682672 -0.0118315 0.492893 -0.804897
0.0861242 -0.0144547 0.626364 -2.20511
0.0535021 -0.01311 0.428041 -0.977826
0.0368293 -0.00688974 0.295411 0.0130877
0.0385916 -0.0101881 0.363605 -0.360793
0.0546294 -0.00753021 0.380753 -0.481831
0.0511095 -0.00790703 0.370408 -0.460187
0.0594342 -0.0103299 0.435076 -1.11586
0.0594397 -0.0158467 0.483269 -1.72305
0.0370117 -0.00492453 0.273713 0.0115138
0.0618659 -0.00953694 0.44116 -1.09583
0.0806337 -0.0178352 0.64233 -2.34975
0.0566668 -0.0107834 0.437329 -0.779151
0.0448029 -0.00547678 0.332679 -0.309978
0.0531522 -0.00857342 0.403802 -0.365202
0.0429032 -0.00657143 0.354343 -0.27455
0.0566668 -0.0107834 0.437329 -0.779151
0.0460551 -0.00470666 0.324155 0.0162606
0.0373632 -0.0064142 0.29409 0.0130613
0.0489817 -0.0108215 0.384817 -0.528219
0.0526954 -0.013449 0.443564 -1.19504
0.0754331 -0.0153767 0.576853 -2.10669
0.0618659 -0.00953694 0.44116 -1.09583
0.0618659 -0.00953694 0.44116 -1.09583
0.0441056 -0.00866055 0.349395 -0.412294
0.0547944 -0.0104095 0.418174 -1.0451
0.082575 -0.014789 0.611298 -2.18246
0.056714 -0.00820974 0.414361 -0.387761
0.0475041 -0.00651452 0.355163 0.0193054
0.047507 -0.00867372 0.394844 -0.334094
0.0437637 -0.00624617 0.331745 0.0169664
0.0593411 -0.0126394 0.469278 -1.24704
0.0511095 -0.00790703 0.370408 -0.460187
0.0657699 -0.0130055 0.492475 -1.36925
0.0363739 -0.00518619 0.289332 0.327903
0.0462734 -0.011588 0.409564 -0.326466
0.0411553 -0.00950804 0.35319 0.0182904
0.067438 -0.00933248 0.460377 -0.689721
0.070144 -0.00910189 0.482354 -0.861114
0.0765735 -0.0117827 0.519659 -1.2409
0.0426519 -0.00591843 0.32091 0.015851
0.0601089 -0.0103896 0.449163 -0.804931
0.0477014 -0.00455907 0.333673 0.0173252
0.0650356 -0.00904217 0.451346 -1.10467
0.0725736 -0.0122786 0.517476 -1.40315
0.0566668 -0.0107834 0.437329 -0.779151
0.0931704 -0.0209075 0.755644 -2.8407
0.0708654 -0.0151777 0.532688 -1.34555
0.0528648 -0.00828161 0.399575 -0.262741
0.0692451 -0.0123874 0.492473 -1.18243
0.0441056 -0.00866055 0.349395 -0.412294
0.0441056 -0.00866055 0.349395 -0.412294
0.070141 -0.0188515 0.595757 -2.28096
0.0650356 -0.00904217 0.451346 -1.10467
0.0618659 -0.00953694 0.44116 -1.09583
0.0575533 -0.00736637 0.391528 -0.895962
0.0347241 -0.00646618 0.28136 0.0120494
0.0384785 -0.00674398 0.304973 0.0140773
0.0448029 -0.00547678 0.332679 -0.309978
0.0521125 -0.00673104 0.345844 -0.588583
0.0414285 -0.00496527 0.303767 0.0144205
0.0452364 -0.00752662 0.325643 -0.548645
0.0462876 -0.00556593 0.338115 0.0177397
0.0476001 -0.00828368 0.359961 -0.437061
0.0511095 -0.00790703 0.370408 -0.460187
0.0511095 -0.00790703 0.370408 -0.460187
0.0594397 -0.0158467 0.483269 -1.72305
0.0350714 -0.00914261 0.329659 -0.34946
0.041805 -0.00792388 0.31543 -0.526382
0.0594342 -0.0103299 0.435076 -1.11586
0.066195 -0.00948412 0.453504 -1.65079
0.0677304 -0.0120434 0.48224 -1.58465
0.0478464 -0.0110662 0.38895 -0.953043
0.0476001 -0.00828368 0.359961 -0.437061
0.0645185 -0.0124794 0.47129 -1.58334
0.038663 -0.00478018 0.283305 0.0124324
0.0703027 -0.0150705 0.543826 -2.10735
0.0572035 -0.0132171 0.452365 -1.76642
0.0496334 -0.00756478 0.371239 -0.360789
0.0384785 -0.00674398 0.304973 0.0140773
0.0406567 -0.00457791 0.291048 0.0131429
0.0410043 -0.00606509 0.311371 0.0148148
0.0357668 -0.00938587 0.320225 0.014898
0.0493372 -0.013839 0.430322 -1.16421
0.0625308 -0.0155671 0.499231 -1.74809
0.0511095 -0.00790703 0.370408 -0.460187
0.043955 -0.00428676 0.310172 0.0151145
0.0594342 -0.0103299 0.435076 -1.11586
0.0344829 -0.00560145 0.267273 0.0108722
0.0397792 -0.00511061 0.294201 0.0134343
0.0581568 -0.00715288 0.391004 -0.502112
0.0546294 -0.00753021 0.380753 -0.481831
0.0601089 -0.0103896 0.449163 -0.804931
0.0444436 -0.00909321 0.383353 -0.308928
0.0437637 -0.00624617 0.331745 0.0169664
0.0429032 -0.00657143 0.354343 -0.27455
0.0429032 -0.00657143 0.354343 -0.27455
0.0598852 -0.012163 0.449229 -1.00414
0.0489817 -0.0108215 0.384817 -0.528219
0.0291878 -0.00301315 0.25844 0.342052
0.0410043 -0.00606509 0.311371 0.0148148
0.0692451 -0.0123874 0.492473 -1.18243
0.0456357 -0.00574962 0.333083 -0.417043
0.0441761 -0.00502796 0.299773 -0.436673
0.0358241 -0.00565207 0.278027 -0.474255
0.0452364 -0.00752662 0.325643 -0.548645
0.0618659 -0.00953694 0.44116 -1.09583
0.0435298 -0.00538597 0.317765 0.0155435
0.0509321 -0.00864631 0.397915 -0.740203
0.0476001 -0.00828368 0.359961 -0.437061
0.0437637 -0.00624617 0.331745 0.0169664
0.0429032 -0.00657143 0.354343 -0.27455
0.0532705 -0.0104576 0.396727 -0.474037
0.055641 -0.0100669 0.402808 -0.833142
0.0373632 -0.0064142 0.29409 0.0130613
0.0567191 -0.0126449 0.438863 -0.993104
0.03619 -0.00828542 0.312609 0.014594
0.043955 -0.00428676 0.310172 0.0151145
0.0609858 -0.00698212 0.404245 -0.929584
0.0613422 -0.00985307 0.454446 -1.30794
0.0421849 -0.00614507 0.322827 -0.392401
0.0421849 -0.00614507 0.322827 -0.392401
0.0718616 -0.0119426 0.511274 -1.89923
0.0545502 -0.00832401 0.4108 -0.776391
0.0682127 -0.0122704 0.49729 -1.87465
0.0476001 -0.00828368 0.359961 -0.437061
0.0476001 -0.00828368 0.359961 -0.437061
0.0286523 -0.00368267 0.247956 0.421738
0.0476001 -0.00828368 0.359961 -0.437061
0.0395403 -0.00424744 0.28015 0.0121453
0.0513669 -0.0107694 0.404591 -1.00804
0.0302862 -0.00462705 0.241853 0.387089
0.0347241 -0.00646618 0.28136 0.0120494
0.0404179 -0.00374024 0.275717 0.265009
0.0605554 -0.00944775 0.43733 -1.5746
0.0556923 -0.00705239 0.376651 -1.26699
0.0337723 -0.00665805 0.300293 -0.311549
0.0537052 -0.0101158 0.403567 -1.45543
0.0495986 -0.00821663 0.37269 -0.989144
0.057247 -0.00984409 0.422663 -1.53634
0.0371912 -0.00295745 0.251976 0.00992659
0.0344829 -0.00560145 0.267273 0.0108722
0.0395403 -0.00424744 0.28015 0.0121453
0.0346992 -0.00348455 0.233222 0.283293
0.0395403 -0.00424744 0.28015 0.0121453
0.041191 -0.00410269 0.289733 0.0130785
0.0478464 -0.0110662 0.38895 -0.953043
0.0406319 -0.00903814 0.338689 -0.385694
0.0344829 -0.00560145 0.267273 0.0108722
0.0682127 -0.0122704 0.49729 -1.87465
0.0424918 -0.00246934 0.278962 0.012344
0.0422516 -0.00160533 0.264893 0.0110426
0.0336062 -0.00613466 0.27044 0.011108
0.0370117 -0.00492453 0.273713 0.0115138
0.0371912 -0.00295745 0.251976 0.00992659
0.0371912 -0.00295745 0.251976 0.00992659
0.0371912 -0.00295745 0.251976 0.00992659
0.0311492 -0.00373139 0.222286 0.329001
0.0546294 -0.00753021 0.380753 -0.481831
0.0531412 -0.011123 0.423675 -0.739978
0.043955 -0.00428676 0.310172 0.0151145
0.0618659 -0.00953694 0.44116 -1.09583
0.0560283 -0.0130482 0.456538 -1.22251
0.0513669 -0.0107694 0.404591 -1.00804
0.0384785 -0.00674398 0.304973 0.0140773
0.0525809 -0.00495882 0.353232 -0.461116
0.0456357 -0.00574962 0.333083 -0.417043
0.0531743 -0.00793708 0.388633 -1.04901
0.0322063 -0.00438593 0.240487 0.00900964
0.0357804 -0.0039659 0.256457 0.0102779
0.0594342 -0.0103299 0.435076 -1.11586
0.0448029 -0.00547678 0.332679 -0.309978
0.043955 -0.00428676 0.310172 0.0151145
0.0389018 -0.00564359 0.297358 0.0137157
0.0423063 -0.00443252 0.300616 0.0141132
0.0370117 -0.00492453 0.273713 0.0115138
0.0476001 -0.00828368 0.359961 -0.437061
0.0547944 -0.0104095 0.418174 -1.0451
0.0490695 -0.00900255 0.393236 -0.420305
0.0765336 -0.018234 0.644119 -2.61982
0.0497132 -0.00866645 0.387482 -0.233572
0.0522136 -0.00367317 0.347718 0.018874
0.0408691 0.00139515 0.240497 0.302883
0.0357218 0.000252913 0.228778 0.590409
0.0366252 -0.00770894 0.338265 -0.346186
0.0389018 -0.00564359 0.297358 0.0137157
0.0589471 -0.00965054 0.41482 -0.859961
0.0384353 -0.0025148 0.277098 0.329709
0.0525809 -0.00495882 0.353232 -0.461116
0.041191 -0.00410269 0.289733 0.0130785
0.0718616 -0.0119426 0.511274 -1.89923
0.0404179 -0.00374024 0.275717 0.265009
0.0414285 -0.00496527 0.303767 0.0144205
0.0429032 -0.00657143 0.354343 -0.27455
0.0655914 -0.0126899 0.478779 -1.15092
0.0349361 -0.000877361 0.253424 0.588496
0.0725736 -0.0122786 0.517476 -1.40315
0.0515324 -0.00224981 0.329361 0.0171685
0.0765088 -0.00377976 0.484 -0.332035
0.0994832 -0.0138974 0.661362 -1.44218
0.0982111 -0.0191525 0.718449 -2.14255
0.109542 -0.0168101 0.807452 -3.03859
0.0521125 -0.00673104 0.345844 -0.588583
0.038663 -0.00478018 0.283305 0.0124324
0.0605554 -0.00944775 0.43733 -1.5746
0.0396088 -0.00165471 0.252108 0.0101638
0.054141 -0.00540106 0.385714 -0.272506
0.0581568 -0.00715288 0.391004 -0.502112
0.0725736 -0.0122786 0.517476 -1.40315
0.0479323 -0.00541756 0.347611 0.0188554
