0.0509125 -0.0160266 0.451683 -1.105
0.068465 -0.0217787 0.611818 -2.18346
0.0367015 -0.0116271 0.35685 -0.371365
-0.751202 0.0721674 0.961661 0.258
0.340334 -0.101113 -0.2984 -0.567992
0.047507 -0.00867372 0.394844 -0.334094
0.0515273 -0.0139153 0.436415 -0.701945
0.0497331 -0.0108274 0.386236 -0.452221
0.25238 -0.037535 0.00321298 -0.276279
0.0399366 -0.00855799 0.336112 0.0168182
0.0672779 -0.0157073 0.530735 -1.5235
0.34733 -0.117182 0.0960615 -3.10631
5.05476 -0.394037 -36.3101 -6.44454
0.0365107 -0.0131085 0.377911 -0.430138
0.0374134 -0.00923862 0.329751 0.0159718
0.0472712 -0.0100842 0.352942 -0.562918
0.0333557 -0.0102732 0.351328 -0.311953
0.0344665 -0.0110195 0.331002 0.0153876
0.0459482 -0.014216 0.416806 -1.12978
-3.93464 0.2682 29.8332 -6.30492
0.0515273 -0.0139153 0.436415 -0.701945
0.0401267 -0.0065978 0.314522 0.0150978
0.0565313 -0.0164814 0.480599 -1.25057
0.0454693 -0.0112066 0.374772 -0.509352
0.0454693 -0.0112066 0.374772 -0.509352
0.0454693 -0.0112066 0.374772 -0.509352
0.0371778 -0.00837739 0.315745 0.0146649
3.57439 -0.348701 -19.5115 -5.15461
0.565583 -0.0868458 -0.646977 -0.748775
0.0601713 -0.016238 0.497995 -1.43898
0.0471106 -0.0119241 0.406742 -0.481127
0.0532705 -0.0104576 0.396727 -0.474037
0.0323658 -0.010599 0.317014 0.0142523
0.0493372 -0.013839 0.430322 -1.16421
0.0321275 -0.00973608 0.302968 0.0130521
0.0462079 -0.0111961 0.375607 -0.428801
0.0572035 -0.0132171 0.452365 -1.76642
0.0438116 -0.0104733 0.342663 -0.542005
0.0285482 -0.00748835 0.257558 0.00975283
0.0321607 -0.00958459 0.317905 -0.319019
0.0382908 -0.00870576 0.326597 0.0157292
0.0462079 -0.0111961 0.375607 -0.428801
0.0535021 -0.01311 0.428041 -0.977826
0.0476299 -0.0146527 0.436993 -0.845794
0.0762214 -0.0209309 0.620961 -1.95507
0.0527286 -0.0165372 0.472159 -0.84702
0.0414135 -0.00951472 0.371702 -0.282082
0.0635825 -0.0158036 0.506243 -1.29598
0.029781 -0.00844784 0.274832 0.0108918
0.0477477 -0.0165243 0.441591 -1.09683
0.0434402 -0.0143549 0.391959 -0.897238
0.0806107 -0.0214879 0.769591 -4.29003
0.0344829 -0.00560145 0.267273 0.0108722
0.0443696 -0.0114147 0.375612 -0.91413
0.0281289 -0.00859169 0.265226 0.00998844
0.0294243 -0.00695472 0.254382 0.0095658
0.0526954 -0.013449 0.443564 -1.19504
0.0406319 -0.00903814 0.338689 -0.385694
0.0346528 -0.00905687 0.309359 0.0138627
0.0321961 -0.00714366 0.274933 0.0113451
0.0537789 -0.0159896 0.480046 -1.35282
0.0367015 -0.0116271 0.35685 -0.371365
0.0334258 -0.00810109 0.292163 0.012578
0.0502221 -0.0135528 0.41665 -0.95721
0.0229245 -0.00575976 0.228677 0.35565
0.0321607 -0.00958459 0.317905 -0.319019
0.0408616 -0.0117511 0.362143 -0.872325
0.0359523 -0.00742265 0.29857 0.0133315
0.0574108 -0.0130278 0.439086 -1.49384
0.0478464 -0.0110662 0.38895 -0.953043
0.0321607 -0.00958459 0.317905 -0.319019
0.0557747 -0.0161654 0.468876 -1.69059
0.0489817 -0.0108215 0.384817 -0.528219
0.0462079 -0.0111961 0.375607 -0.428801
0.0535021 -0.01311 0.428041 -0.977826
0.0346528 -0.00905687 0.309359 0.0138627
0.0359523 -0.00742265 0.29857 0.0133315
0.0367015 -0.0116271 0.35685 -0.371365
0.0502221 -0.0135528 0.41665 -0.95721
0.0426991 -0.0115642 0.364824 -0.403603
0.0509125 -0.0160266 0.451683 -1.105
0.0348898 -0.00991896 0.323385 0.0151166
0.0334793 -0.0109279 0.327873 0.0152989
0.0580453 -0.0134031 0.472114 -0.92208
0.077051 -0.0181326 0.625272 -2.31726
0.0598852 -0.012163 0.449229 -1.00414
0.0475788 -0.0137655 0.401632 -0.522585
0.0565313 -0.0164814 0.480599 -1.25057
0.0526954 -0.013449 0.443564 -1.19504
0.0368293 -0.00688974 0.295411 0.0130877
0.0454693 -0.0112066 0.374772 -0.509352
0.0367015 -0.0116271 0.35685 -0.371365
0.0492076 -0.0145042 0.434162 -0.49806
0.0404712 -0.0126721 0.389121 -0.374494
0.0370672 -0.00775231 0.309449 0.0143529
0.0598921 -0.0160865 0.492182 -1.26419
0.0283717 -0.00945732 0.279336 0.0110481
0.0296678 -0.00782093 0.268501 0.0106333
0.0408616 -0.0117511 0.362143 -0.872325
0.0441056 -0.00866055 0.349395 -0.412294
0.0347241 -0.00646618 0.28136 0.0120494
0.0350714 -0.00914261 0.329659 -0.34946
0.0272529 -0.00912528 0.268404 0.010153
0.0281289 -0.00859169 0.265226 0.00998844
0.0443696 -0.0114147 0.375612 -0.91413
0.0493372 -0.013839 0.430322 -1.16421
0.0443696 -0.0114147 0.375612 -0.91413
0.0285482 -0.00748835 0.257558 0.00975283
0.0406319 -0.00903814 0.338689 -0.385694
0.0434402 -0.0143549 0.391959 -0.897238
0.0250086 -0.00638762 0.262752 0.351441
0.0367015 -0.0116271 0.35685 -0.371365
0.0464728 -0.0164434 0.437923 -1.57731
0.0256519 -0.00726694 0.229787 0.256167
0.0281289 -0.00859169 0.265226 0.00998844
0.0400289 -0.00905642 0.33755 -0.472132
0.0572035 -0.0132171 0.452365 -1.76642
0.0438116 -0.0104733 0.342663 -0.542005
0.0518292 -0.016607 0.465679 -1.92197
0.0294243 -0.00695472 0.254382 0.0095658
0.0319537 -0.00627818 0.260829 0.0102227
0.0408616 -0.0117511 0.362143 -0.872325
0.0308337 -0.00594545 0.249881 0.00935369
0.0281289 -0.00859169 0.265226 0.00998844
0.0334258 -0.00810109 0.292163 0.012578
0.033681 -0.0120472 0.345092 -0.342674
0.0323658 -0.010599 0.317014 0.0142523
0.0308989 -0.00877932 0.285752 0.0118171
0.0281289 -0.00859169 0.265226 0.00998844
0.0272529 -0.00912528 0.268404 0.010153
0.0321607 -0.00958459 0.317905 -0.319019
0.0347241 -0.00646618 0.28136 0.0120494
0.0478464 -0.0110662 0.38895 -0.953043
0.0337723 -0.00665805 0.300293 -0.311549
0.0368334 -0.0119353 0.346061 -0.802401
0.0408616 -0.0117511 0.362143 -0.872325
0.0598921 -0.0160865 0.492182 -1.26419
0.0359523 -0.00742265 0.29857 0.0133315
0.0454693 -0.0112066 0.374772 -0.509352
0.0312185 -0.00746818 0.271396 0.248156
0.0346528 -0.00905687 0.309359 0.0138627
0.0468694 -0.0139686 0.404622 -0.930441
0.0334258 -0.00810109 0.292163 0.012578
0.0325491 -0.00863447 0.295331 0.0127883
0.029781 -0.00844784 0.274832 0.0108918
0.0320157 -0.00911011 0.296656 0.0127778
0.0426991 -0.0115642 0.364824 -0.403603
0.0441056 -0.00866055 0.349395 -0.412294
0.0566252 -0.012914 0.444872 -2.22613
0.0408616 -0.0117511 0.362143 -0.872325
0.0368334 -0.0119353 0.346061 -0.802401
0.0294243 -0.00695472 0.254382 0.0095658
0.0478464 -0.0110662 0.38895 -0.953043
0.0294164 -0.00504713 0.25109 0.268323
0.0312185 -0.00746818 0.271396 0.248156
0.0286114 -0.00806783 0.262768 0.26718
0.0334258 -0.00810109 0.292163 0.012578
0.0419616 -0.0115918 0.364672 -0.489362
0.0468694 -0.0139686 0.404622 -0.930441
0.0321607 -0.00958459 0.317905 -0.319019
0.0283717 -0.00945732 0.279336 0.0110481
0.0308989 -0.00877932 0.285752 0.0118171
0.0321607 -0.00958459 0.317905 -0.319019
0.0345417 -0.00843133 0.303055 0.0135695
0.0406319 -0.00903814 0.338689 -0.385694
0.0267433 -0.00559056 0.240821 0.301746
0.0408616 -0.0117511 0.362143 -0.872325
0.0294243 -0.00695472 0.254382 0.0095658
0.0365693 -0.00945868 0.327653 -0.451053
0.0478464 -0.0110662 0.38895 -0.953043
0.0334258 -0.00810109 0.292163 0.012578
0.0296678 -0.00782093 0.268501 0.0106333
0.0283717 -0.00945732 0.279336 0.0110481
0.0380026 -0.0137217 0.346295 -0.590195
0.0459482 -0.014216 0.416806 -1.12978
0.0285482 -0.00748835 0.257558 0.00975283
0.0408616 -0.0117511 0.362143 -0.872325
0.0283717 -0.00945732 0.279336 0.0110481
0.0243036 -0.00575518 0.227484 0.422693
0.0348361 -0.0070923 0.287675 0.0123458
0.0443696 -0.0114147 0.375612 -0.91413
0.0296678 -0.00782093 0.268501 0.0106333
0.0368334 -0.0119353 0.346061 -0.802401
0.0308427 -0.00893767 0.283395 -0.433001
0.0283035 -0.00662149 0.243423 0.00872762
0.0308337 -0.00594545 0.249881 0.00935369
0.0331234 -0.00986181 0.31767 -0.428465
0.0268946 -0.00763107 0.24793 0.00890139
0.0521036 -0.0164786 0.454092 -1.65321
0.0272529 -0.00912528 0.268404 0.010153
0.0321607 -0.00958459 0.317905 -0.319019
0.0321961 -0.00714366 0.274933 0.0113451
0.0256519 -0.00726694 0.229787 0.256167
0.0206372 -0.00589367 0.213076 0.493587
0.0283717 -0.00945732 0.279336 0.0110481
0.0337723 -0.00665805 0.300293 -0.311549
0.0319537 -0.00627818 0.260829 0.0102227
0.0443696 -0.0114147 0.375612 -0.91413
0.0368334 -0.0119353 0.346061 -0.802401
0.0256519 -0.00726694 0.229787 0.256167
0.0187031 -0.0039101 0.195815 0.44737
0.0349666 -0.00871721 0.294689 -0.476067
0.0407434 -0.0119818 0.368942 -1.06192
0.0327997 -0.0115889 0.30829 -0.554716
0.0359523 -0.00742265 0.29857 0.0133315
0.0367015 -0.0116271 0.35685 -0.371365
0.0502221 -0.0135528 0.41665 -0.95721
0.0359523 -0.00742265 0.29857 0.0133315
0.0283717 -0.00945732 0.279336 0.0110481
0.0294243 -0.00695472 0.254382 0.0095658
0.0321607 -0.00958459 0.317905 -0.319019
0.0372518 -0.0057885 0.287782 0.0127458
0.0383993 -0.00829433 0.304225 -0.495507
0.0319537 -0.00627818 0.260829 0.0102227
0.0327997 -0.0115889 0.30829 -0.554716
0.0260187 -0.00816489 0.251112 0.00906391
0.0403579 -0.0108612 0.332273 -0.519366
0.0443696 -0.0114147 0.375612 -0.91413
0.0350714 -0.00914261 0.329659 -0.34946
0.0434402 -0.0143549 0.391959 -0.897238
0.0310773 -0.0068116 0.264001 0.0104342
0.0274956 -0.00999112 0.282514 0.0112094
0.0294243 -0.00695472 0.254382 0.0095658
0.0294243 -0.00695472 0.254382 0.0095658
0.0346528 -0.00905687 0.309359 0.0138627
0.0348898 -0.00991896 0.323385 0.0151166
0.0359523 -0.00742265 0.29857 0.0133315
0.0726571 -0.0206241 0.566495 -1.54846
0.0478464 -0.0110662 0.38895 -0.953043
0.0267433 -0.00559056 0.240821 0.301746
0.019869 -0.00620183 0.218638 0.393402
0.0285482 -0.00748835 0.257558 0.00975283
0.0323087 -0.00777018 0.281256 0.0116227
0.0323087 -0.00777018 0.281256 0.0116227
0.0294164 -0.00504713 0.25109 0.268323
0.0232499 -0.00318085 0.197393 0.517993
0.0350714 -0.00914261 0.329659 -0.34946
0.0321607 -0.00958459 0.317905 -0.319019
0.0232499 -0.00318085 0.197393 0.517993
0.0321961 -0.00714366 0.274933 0.0113451
0.0493372 -0.013839 0.430322 -1.16421
0.0350714 -0.00914261 0.329659 -0.34946
0.0515273 -0.0139153 0.436415 -0.701945
0.0408144 -0.00802539 0.332964 0.0165518
0.0582121 -0.0057235 0.433612 -0.307192
0.0619416 -0.0104519 0.450136 -0.491311
0.0444436 -0.00909321 0.383353 -0.308928
0.080161 -0.020805 0.641073 -1.66706
0.0268946 -0.00763107 0.24793 0.00890139
0.0283035 -0.00662149 0.243423 0.00872762
0.0321961 -0.00714366 0.274933 0.0113451
0.0294243 -0.00695472 0.254382 0.0095658
0.0462079 -0.0111961 0.375607 -0.428801
0.0472712 -0.0100842 0.352942 -0.562918
0.0376012 -0.00727693 0.30813 0.0143361
0.0406319 -0.00903814 0.338689 -0.385694
