0.0371778 -0.00837739 0.315745 0.0146649
0.0361119 -0.0108714 0.340511 0.0164951
0.068465 -0.0217787 0.611818 -2.18346
1.14522 -0.157875 -4.69108 -3.92041
-0.575212 0.0444274 0.740187 0.526478
0.0460551 -0.00470666 0.324155 0.0162606
0.0414135 -0.00951472 0.371702 -0.282082
0.0593411 -0.0126394 0.469278 -1.24704
0.0412395 -0.00692617 0.325372 0.0161839
0.0607337 -0.0159222 0.478566 -1.06818
0.0611614 -0.0167073 0.519567 -1.13807
-0.368714 0.021371 0.361383 -0.160276
-0.00676762 -0.0578604 0.661904 -2.18179
0.03619 -0.00828542 0.312609 0.014594
0.03989 -0.00573588 0.300501 0.0137686
0.0412395 -0.00692617 0.325372 0.0161839
0.0321275 -0.00973608 0.302968 0.0130521
0.0477477 -0.0165243 0.441591 -1.09683
0.0434402 -0.0143549 0.391959 -0.897238
7.691 -0.625169 -57.2191 -7.09251
0.0655273 -0.0188192 0.571532 -2.36156
0.0635825 -0.0158036 0.506243 -1.29598
0.0513035 -0.0157547 0.438046 -0.902128
0.0373632 -0.0064142 0.29409 0.0130613
0.0374134 -0.00923862 0.329751 0.0159718
0.0513035 -0.0157547 0.438046 -0.902128
0.0454693 -0.0112066 0.374772 -0.509352
0.0161404 -0.00312742 0.200223 0.803951
-0.185245 0.0506675 0.00270246 1.99067
0.0515273 -0.0139153 0.436415 -0.701945
0.0433376 -0.00734475 0.339326 0.0173659
0.0813329 -0.0177391 0.62444 -2.08311
0.0405132 -0.0145204 0.381234 -0.483429
0.038472 -0.0119487 0.353637 -0.462405
0.0477477 -0.0165243 0.441591 -1.09683
0.0359523 -0.00742265 0.29857 0.0133315
0.0319537 -0.00627818 0.260829 0.0102227
0.041805 -0.00792388 0.31543 -0.526382
0.0281289 -0.00859169 0.265226 0.00998844
0.0308989 -0.00877932 0.285752 0.0118171
0.0441056 -0.00866055 0.349395 -0.412294
0.0462079 -0.0111961 0.375607 -0.428801
0.0414135 -0.00951472 0.371702 -0.282082
0.0440155 -0.0122993 0.399462 -0.396512
0.0684153 -0.0180893 0.555122 -1.44834
0.0639793 -0.0161069 0.518914 -1.51432
0.0549474 -0.0135226 0.448161 -0.727296
0.0583284 -0.0131162 0.459653 -0.749978
0.0272529 -0.00912528 0.268404 0.010153
0.0274956 -0.00999112 0.282514 0.0112094
0.0281289 -0.00859169 0.265226 0.00998844
0.0443696 -0.0114147 0.375612 -0.91413
0.0310773 -0.0068116 0.264001 0.0104342
0.0350714 -0.00914261 0.329659 -0.34946
0.0296976 -0.0102668 0.307594 -0.404276
0.0285482 -0.00748835 0.257558 0.00975283
0.0406319 -0.00903814 0.338689 -0.385694
0.0361347 -0.00545752 0.276875 0.0117742
0.0359523 -0.00742265 0.29857 0.0133315
0.0419616 -0.0115918 0.364672 -0.489362
0.0371778 -0.00837739 0.315745 0.0146649
0.0598765 -0.018405 0.521096 -1.85859
0.0502221 -0.0135528 0.41665 -0.95721
0.0294956 -0.00572912 0.265677 0.4104
0.0256519 -0.00726694 0.229787 0.256167
0.0283717 -0.00945732 0.279336 0.0110481
0.0306894 -0.0124664 0.333103 -0.311431
0.0367015 -0.0116271 0.35685 -0.371365
0.0468694 -0.0139686 0.404622 -0.930441
0.0406319 -0.00903814 0.338689 -0.385694
0.0408616 -0.0117511 0.362143 -0.872325
0.0443696 -0.0114147 0.375612 -0.91413
0.0727075 -0.0184566 0.622302 -2.55001
0.0489817 -0.0108215 0.384817 -0.528219
0.0546838 -0.0138388 0.461159 -0.904384
0.0515273 -0.0139153 0.436415 -0.701945
0.0406319 -0.00903814 0.338689 -0.385694
0.0440407 -0.0149863 0.424148 -0.812553
0.0359523 -0.00742265 0.29857 0.0133315
0.0359523 -0.00742265 0.29857 0.0133315
0.0233949 -0.00674789 0.24966 0.452505
0.0286878 -0.0076431 0.259054 0.352883
0.0319435 -0.0117002 0.324642 0.0144907
0.0560283 -0.0130482 0.456538 -1.22251
0.0489817 -0.0108215 0.384817 -0.528219
0.0532705 -0.0104576 0.396727 -0.474037
0.0348898 -0.00991896 0.323385 0.0151166
0.0371778 -0.00837739 0.315745 0.0146649
0.0371778 -0.00837739 0.315745 0.0146649
0.0384785 -0.00674398 0.304973 0.0140773
0.0489817 -0.0108215 0.384817 -0.528219
0.0346528 -0.00905687 0.309359 0.0138627
0.0408144 -0.00802539 0.332964 0.0165518
0.0372224 -0.0111982 0.351328 0.0176124
0.0374134 -0.00923862 0.329751 0.0159718
0.0489817 -0.0108215 0.384817 -0.528219
0.0283717 -0.00945732 0.279336 0.0110481
0.0425233 -0.0145785 0.403045 -1.09177
0.0390041 -0.0137971 0.34852 -0.510274
0.0502221 -0.0135528 0.41665 -0.95721
0.0323087 -0.00777018 0.281256 0.0116227
0.0594397 -0.0158467 0.483269 -1.72305
0.0151603 -0.00547192 0.20946 0.498032
0.0281289 -0.00859169 0.265226 0.00998844
0.0337723 -0.00665805 0.300293 -0.311549
0.0443696 -0.0114147 0.375612 -0.91413
0.0478464 -0.0110662 0.38895 -0.953043
0.0308989 -0.00877932 0.285752 0.0118171
0.0368293 -0.00688974 0.295411 0.0130877
0.0459482 -0.014216 0.416806 -1.12978
0.0419616 -0.0115918 0.364672 -0.489362
0.0594397 -0.0158467 0.483269 -1.72305
0.022115 -0.00754023 0.219424 0.297676
0.0247245 -0.0098025 0.261971 0.00940595
0.0315201 -0.0127391 0.333519 -0.418554
0.0331234 -0.00986181 0.31767 -0.428465
0.0319537 -0.00627818 0.260829 0.0102227
0.0478464 -0.0110662 0.38895 -0.953043
0.0541287 -0.0192666 0.497924 -1.87728
0.0310773 -0.0068116 0.264001 0.0104342
0.0443696 -0.0114147 0.375612 -0.91413
0.0310773 -0.0068116 0.264001 0.0104342
0.0383993 -0.00829433 0.304225 -0.495507
0.0408616 -0.0117511 0.362143 -0.872325
0.0454693 -0.0112066 0.374772 -0.509352
0.0349906 -0.0123441 0.343636 -0.441305
0.0459482 -0.014216 0.416806 -1.12978
0.0286114 -0.00806783 0.262768 0.26718
0.0368334 -0.0119353 0.346061 -0.802401
0.0211463 -0.00848381 0.240447 0.353233
0.0283717 -0.00945732 0.279336 0.0110481
0.0321607 -0.00958459 0.317905 -0.319019
0.0319537 -0.00627818 0.260829 0.0102227
0.0518409 -0.0130015 0.423299 -1.41921
0.0258442 -0.0101351 0.272915 0.0102708
0.0365693 -0.00945868 0.327653 -0.451053
0.0384785 -0.00674398 0.304973 0.0140773
0.0371778 -0.00837739 0.315745 0.0146649
0.0371778 -0.00837739 0.315745 0.0146649
0.0346528 -0.00905687 0.309359 0.0138627
0.03619 -0.00828542 0.312609 0.014594
0.0591711 -0.0159771 0.496689 -1.99868
0.0323658 -0.010599 0.317014 0.0142523
0.0346528 -0.00905687 0.309359 0.0138627
0.0246795 -0.00826485 0.253113 0.300767
0.0296019 -0.0104151 0.296573 0.0122338
0.038472 -0.0119487 0.353637 -0.462405
0.0334258 -0.00810109 0.292163 0.012578
0.0296726 -0.00505764 0.233907 0.00841689
0.0349666 -0.00871721 0.294689 -0.476067
0.0327997 -0.0115889 0.30829 -0.554716
0.0285482 -0.00748835 0.257558 0.00975283
0.0406319 -0.00903814 0.338689 -0.385694
0.0347241 -0.00646618 0.28136 0.0120494
0.0334258 -0.00810109 0.292163 0.012578
0.0365693 -0.00945868 0.327653 -0.451053
0.0359523 -0.00742265 0.29857 0.0133315
0.0250086 -0.00638762 0.262752 0.351441
0.0350714 -0.00914261 0.329659 -0.34946
0.0270657 -0.00504346 0.232086 0.422177
0.0258442 -0.0101351 0.272915 0.0102708
0.033681 -0.0120472 0.345092 -0.342674
0.0306894 -0.0124664 0.333103 -0.311431
0.0308989 -0.00877932 0.285752 0.0118171
0.0267433 -0.00559056 0.240821 0.301746
0.0493372 -0.013839 0.430322 -1.16421
0.0206372 -0.00589367 0.213076 0.493587
0.0243036 -0.00575518 0.227484 0.422693
0.0336062 -0.00613466 0.27044 0.011108
0.0294164 -0.00504713 0.25109 0.268323
0.0350714 -0.00914261 0.329659 -0.34946
0.0459482 -0.014216 0.416806 -1.12978
0.0321607 -0.00958459 0.317905 -0.319019
0.0260187 -0.00816489 0.251112 0.00906391
0.0350714 -0.00914261 0.329659 -0.34946
0.0294243 -0.00695472 0.254382 0.0095658
0.029781 -0.00844784 0.274832 0.0108918
0.0268946 -0.00763107 0.24793 0.00890139
0.0256519 -0.00726694 0.229787 0.256167
0.0377403 -0.01262 0.381356 -0.751023
0.0338075 -0.00929589 0.320507 -0.796394
0.0383993 -0.00829433 0.304225 -0.495507
0.0258352 -0.00737618 0.238397 0.00826651
0.019869 -0.00620183 0.218638 0.393402
0.0407434 -0.0119818 0.368942 -1.06192
0.027761 -0.00443324 0.211922 0.296702
0.0408616 -0.0117511 0.362143 -0.872325
0.0449404 -0.013895 0.400062 -1.55109
0.0666019 -0.0191364 0.613701 -3.31421
0.0281289 -0.00859169 0.265226 0.00998844
0.0321607 -0.00958459 0.317905 -0.319019
0.0383993 -0.00829433 0.304225 -0.495507
0.0256002 -0.00926871 0.258789 0.00926612
0.0464728 -0.0164434 0.437923 -1.57731
0.0260187 -0.00816489 0.251112 0.00906391
0.0483597 -0.0133001 0.405651 -1.35156
0.0283035 -0.00662149 0.243423 0.00872762
0.0323737 -0.00517544 0.253172 0.00992152
0.0327997 -0.0115889 0.30829 -0.554716
0.0272529 -0.00912528 0.268404 0.010153
0.027139 -0.00572903 0.227323 0.00781806
0.027139 -0.00572903 0.227323 0.00781806
0.0296726 -0.00505764 0.233907 0.00841689
0.0308427 -0.00893767 0.283395 -0.433001
0.0441056 -0.00866055 0.349395 -0.412294
0.0323087 -0.00777018 0.281256 0.0116227
0.0406319 -0.00903814 0.338689 -0.385694
0.0625308 -0.0155671 0.499231 -1.74809
0.0229245 -0.00575976 0.228677 0.35565
0.0425233 -0.0145785 0.403045 -1.09177
0.0408616 -0.0117511 0.362143 -0.872325
0.0323087 -0.00777018 0.281256 0.0116227
0.0256519 -0.00726694 0.229787 0.256167
0.0310773 -0.0068116 0.264001 0.0104342
0.0157446 -0.00436147 0.187174 0.470936
0.0260187 -0.00816489 0.251112 0.00906391
0.0403579 -0.0108612 0.332273 -0.519366
0.0350714 -0.00914261 0.329659 -0.34946
0.0478464 -0.0110662 0.38895 -0.953043
0.0296678 -0.00782093 0.268501 0.0106333
0.0310773 -0.0068116 0.264001 0.0104342
0.0260187 -0.00816489 0.251112 0.00906391
0.0229245 -0.00575976 0.228677 0.35565
0.029781 -0.00844784 0.274832 0.0108918
0.0348898 -0.00991896 0.323385 0.0151166
0.0367015 -0.0116271 0.35685 -0.371365
0.0350753 -0.00795582 0.301733 0.0135663
0.0660211 -0.0184319 0.530422 -1.72282
0.0408616 -0.0117511 0.362143 -0.872325
0.0334258 -0.00810109 0.292163 0.012578
0.0260187 -0.00816489 0.251112 0.00906391
0.0285482 -0.00748835 0.257558 0.00975283
0.0367015 -0.0116271 0.35685 -0.371365
0.0319537 -0.00627818 0.260829 0.0102227
0.0347241 -0.00646618 0.28136 0.0120494
0.0403579 -0.0108612 0.332273 -0.519366
0.0325491 -0.00863447 0.295331 0.0127883
0.0229245 -0.00575976 0.228677 0.35565
0.027761 -0.00443324 0.211922 0.296702
0.0321607 -0.00958459 0.317905 -0.319019
0.0323087 -0.00777018 0.281256 0.0116227
0.0348361 -0.0070923 0.287675 0.0123458
0.0257973 -0.00474384 0.251766 0.566683
-0.262664 0.025573 1.18614 -1.03472
0.0625949 -0.0103982 0.4503 -0.421086
0.0682672 -0.0118315 0.492893 -0.804897
0.0537609 -0.0118167 0.459732 -0.7017
0.0528648 -0.00828161 0.399575 -0.262741
0.0196376 -0.00105359 0.163842 0.693826
0.0200815 -0.00370559 0.190437 0.541711
0.0485531 -0.013649 0.420269 -1.64315
0.0307198 -0.00531782 0.243538 0.00908811
0.0426991 -0.0115642 0.364824 -0.403603
0.0250086 -0.00638762 0.262752 0.351441
0.0357668 -0.00938587 0.320225 0.014898
0.0332425 -0.0100657 0.313848 0.014058
