0.0535021 -0.01311 0.428041 -0.977826
0.0371778 -0.00837739 0.315745 0.0146649
0.0325491 -0.00863447 0.295331 0.0127883
-6.23465 0.470003 37.5694 -4.96439
-0.0685553 -0.00133434 -0.0332862 3.32077
0.0717351 -0.015052 0.520784 -1.16823
0.0756163 -0.0211203 0.642118 -2.22968
0.0655914 -0.0126899 0.478779 -1.15092
0.0708654 -0.0151777 0.532688 -1.34555
0.0583284 -0.0131162 0.459653 -0.749978
0.063431 -0.0114745 0.447783 -0.833099
5.17836 -0.383895 -46.4904 -8.6058
0.0930625 -0.0598377 0.0235665 3.22123
0.0535021 -0.01311 0.428041 -0.977826
0.0580453 -0.0134031 0.472114 -0.92208
0.038947 -0.00505307 0.302218 0.231404
0.0426991 -0.0115642 0.364824 -0.403603
0.0367015 -0.0116271 0.35685 -0.371365
0.0552123 -0.0196755 0.506488 -1.39616
8.95768 -0.69814 -71.2919 -7.64226
0.0531412 -0.011123 0.423675 -0.739978
0.0708654 -0.0151777 0.532688 -1.34555
0.0334258 -0.00810109 0.292163 0.012578
0.0531412 -0.011123 0.423675 -0.739978
0.0593411 -0.0126394 0.469278 -1.24704
0.0735204 -0.01847 0.610122 -2.2961
0.0635825 -0.0158036 0.506243 -1.29598
0.2326 -0.0377164 0.00153815 -0.244646
4.98514 -0.421175 -36.1216 -7.14588
0.0497331 -0.0108274 0.386236 -0.452221
0.0335338 -0.00365921 0.287649 0.40478
0.0475041 -0.00651452 0.355163 0.0193054
0.0468694 -0.0139686 0.404622 -0.930441
0.044043 -0.0141433 0.391475 -0.503626
0.033681 -0.0120472 0.345092 -0.342674
0.0607337 -0.0159222 0.478566 -1.06818
0.0572035 -0.0132171 0.452365 -1.76642
0.0608591 -0.0129038 0.467875 -1.80874
0.0425233 -0.0145785 0.403045 -1.09177
0.0336062 -0.00613466 0.27044 0.011108
0.047507 -0.00867372 0.394844 -0.334094
0.0531412 -0.011123 0.423675 -0.739978
0.0598852 -0.012163 0.449229 -1.00414
0.0497331 -0.0108274 0.386236 -0.452221
0.0583284 -0.0131162 0.459653 -0.749978
0.0560289 -0.016092 0.482846 -0.862413
0.0444436 -0.00909321 0.383353 -0.308928
0.044982 -0.00719594 0.348818 0.018485
0.033681 -0.0120472 0.345092 -0.342674
0.0283717 -0.00945732 0.279336 0.0110481
0.0306894 -0.0124664 0.333103 -0.311431
0.0454693 -0.0112066 0.374772 -0.509352
0.0350714 -0.00914261 0.329659 -0.34946
0.0359523 -0.00742265 0.29857 0.0133315
0.0281289 -0.00859169 0.265226 0.00998844
0.0493372 -0.013839 0.430322 -1.16421
0.0593411 -0.0126394 0.469278 -1.24704
0.055641 -0.0100669 0.402808 -0.833142
0.0384785 -0.00674398 0.304973 0.0140773
0.0361347 -0.00545752 0.276875 0.0117742
0.0382908 -0.00870576 0.326597 0.0157292
0.0419616 -0.0115918 0.364672 -0.489362
0.0454693 -0.0112066 0.374772 -0.509352
0.0512594 -0.0142508 0.449645 -0.88196
0.0294243 -0.00695472 0.254382 0.0095658
0.0246795 -0.00826485 0.253113 0.300767
0.0246795 -0.00826485 0.253113 0.300767
0.0359523 -0.00742265 0.29857 0.0133315
0.0512886 -0.0110299 0.413962 -1.21131
0.0476001 -0.00828368 0.359961 -0.437061
0.0404338 -0.0153137 0.411273 -0.77779
0.0454693 -0.0112066 0.374772 -0.509352
0.0566668 -0.0107834 0.437329 -0.779151
0.0511095 -0.00790703 0.370408 -0.460187
0.077051 -0.0181326 0.625272 -2.31726
0.0384785 -0.00674398 0.304973 0.0140773
0.0441056 -0.00866055 0.349395 -0.412294
0.0334258 -0.00810109 0.292163 0.012578
0.0371778 -0.00837739 0.315745 0.0146649
0.0359523 -0.00742265 0.29857 0.0133315
0.0419616 -0.0115918 0.364672 -0.489362
0.0321275 -0.00973608 0.302968 0.0130521
0.0319435 -0.0117002 0.324642 0.0144907
0.0531412 -0.011123 0.423675 -0.739978
0.0598852 -0.012163 0.449229 -1.00414
0.0568168 -0.0100867 0.407098 -0.494403
0.0318201 -0.00714248 0.267861 0.326675
0.0497331 -0.0108274 0.386236 -0.452221
0.0598852 -0.012163 0.449229 -1.00414
0.0511095 -0.00790703 0.370408 -0.460187
0.0672779 -0.0157073 0.530735 -1.5235
0.0368293 -0.00688974 0.295411 0.0130877
0.0426906 -0.00873572 0.35641 0.0191033
0.0374134 -0.00923862 0.329751 0.0159718
0.0497331 -0.0108274 0.386236 -0.452221
0.0408144 -0.00802539 0.332964 0.0165518
0.0321607 -0.00958459 0.317905 -0.319019
0.0425233 -0.0145785 0.403045 -1.09177
0.0283717 -0.00945732 0.279336 0.0110481
0.0377858 -0.00531321 0.286465 0.0127075
0.0319537 -0.00627818 0.260829 0.0102227
0.0472712 -0.0100842 0.352942 -0.562918
0.0256002 -0.00926871 0.258789 0.00926612
0.0319537 -0.00627818 0.260829 0.0102227
0.0608591 -0.0129038 0.467875 -1.80874
0.0513669 -0.0107694 0.404591 -1.00804
0.0608591 -0.0129038 0.467875 -1.80874
0.0443696 -0.0114147 0.375612 -0.91413
0.0376012 -0.00727693 0.30813 0.0143361
0.0367015 -0.0116271 0.35685 -0.371365
0.0454693 -0.0112066 0.374772 -0.509352
0.0406319 -0.00903814 0.338689 -0.385694
0.0260187 -0.00816489 0.251112 0.00906391
0.0256002 -0.00926871 0.258789 0.00926612
0.0464728 -0.0164434 0.437923 -1.57731
0.0426991 -0.0115642 0.364824 -0.403603
0.0344829 -0.00560145 0.267273 0.0108722
0.0421849 -0.00614507 0.322827 -0.392401
0.0281289 -0.00859169 0.265226 0.00998844
0.0347241 -0.00646618 0.28136 0.0120494
0.0361347 -0.00545752 0.276875 0.0117742
0.0406319 -0.00903814 0.338689 -0.385694
0.0406319 -0.00903814 0.338689 -0.385694
0.0459482 -0.014216 0.416806 -1.12978
0.0513669 -0.0107694 0.404591 -1.00804
0.029781 -0.00844784 0.274832 0.0108918
0.0419616 -0.0115918 0.364672 -0.489362
0.0350714 -0.00914261 0.329659 -0.34946
0.0281289 -0.00859169 0.265226 0.00998844
0.0315201 -0.0127391 0.333519 -0.418554
0.0283717 -0.00945732 0.279336 0.0110481
0.0359523 -0.00742265 0.29857 0.0133315
0.0478464 -0.0110662 0.38895 -0.953043
0.0406319 -0.00903814 0.338689 -0.385694
0.0268946 -0.00763107 0.24793 0.00890139
0.0478464 -0.0110662 0.38895 -0.953043
0.0657699 -0.0130055 0.492475 -1.36925
0.0410043 -0.00606509 0.311371 0.0148148
0.0412395 -0.00692617 0.325372 0.0161839
0.0368293 -0.00688974 0.295411 0.0130877
0.0371778 -0.00837739 0.315745 0.0146649
0.0594397 -0.0158467 0.483269 -1.72305
0.0426991 -0.0115642 0.364824 -0.403603
0.0574108 -0.0130278 0.439086 -1.49384
0.0434402 -0.0143549 0.391959 -0.897238
0.0317659 -0.0131932 0.368571 -0.316371
0.0505096 -0.0164194 0.467631 -1.3326
0.0441056 -0.00866055 0.349395 -0.412294
0.0452364 -0.00752662 0.325643 -0.548645
0.0452364 -0.00752662 0.325643 -0.548645
0.0450049 -0.0136829 0.391607 -1.31327
0.0478464 -0.0110662 0.38895 -0.953043
0.0476001 -0.00828368 0.359961 -0.437061
0.0653347 -0.0149758 0.506321 -1.71472
0.0625308 -0.0155671 0.499231 -1.74809
0.0438116 -0.0104733 0.342663 -0.542005
0.0625308 -0.0155671 0.499231 -1.74809
0.0419616 -0.0115918 0.364672 -0.489362
0.0406319 -0.00903814 0.338689 -0.385694
0.0419616 -0.0115918 0.364672 -0.489362
0.0272529 -0.00912528 0.268404 0.010153
0.0286114 -0.00806783 0.262768 0.26718
0.0281289 -0.00859169 0.265226 0.00998844
0.0565313 -0.0164814 0.480599 -1.25057
0.0406319 -0.00903814 0.338689 -0.385694
0.0336214 -0.0048581 0.259237 0.242567
0.0281289 -0.00859169 0.265226 0.00998844
0.0493372 -0.013839 0.430322 -1.16421
0.038663 -0.00478018 0.283305 0.0124324
0.0546793 -0.0106546 0.427821 -1.24793
0.0361347 -0.00545752 0.276875 0.0117742
0.0344829 -0.00560145 0.267273 0.0108722
0.0365693 -0.00945868 0.327653 -0.451053
0.0425233 -0.0145785 0.403045 -1.09177
0.0334258 -0.00810109 0.292163 0.012578
0.0321961 -0.00714366 0.274933 0.0113451
0.0296678 -0.00782093 0.268501 0.0106333
0.0296976 -0.0102668 0.307594 -0.404276
0.0281289 -0.00859169 0.265226 0.00998844
0.0294164 -0.00504713 0.25109 0.268323
0.0383993 -0.00829433 0.304225 -0.495507
0.0503379 -0.0104961 0.389077 -1.41371
0.0308427 -0.00893767 0.283395 -0.433001
0.0308337 -0.00594545 0.249881 0.00935369
0.0337723 -0.00665805 0.300293 -0.311549
0.0572035 -0.0132171 0.452365 -1.76642
0.0322063 -0.00438593 0.240487 0.00900964
0.0485531 -0.013649 0.420269 -1.64315
0.0350714 -0.00914261 0.329659 -0.34946
0.0281289 -0.00859169 0.265226 0.00998844
0.0443696 -0.0114147 0.375612 -0.91413
0.0478464 -0.0110662 0.38895 -0.953043
0.0268946 -0.00763107 0.24793 0.00890139
0.0256519 -0.00726694 0.229787 0.256167
0.0272529 -0.00912528 0.268404 0.010153
0.0591711 -0.0159771 0.496689 -1.99868
0.0450175 -0.0103749 0.37225 -1.32218
0.0372518 -0.0057885 0.287782 0.0127458
0.0327997 -0.0115889 0.30829 -0.554716
0.0319537 -0.00627818 0.260829 0.0102227
0.0322063 -0.00438593 0.240487 0.00900964
0.041805 -0.00792388 0.31543 -0.526382
0.0337723 -0.00665805 0.300293 -0.311549
0.0200815 -0.00370559 0.190437 0.541711
0.0441056 -0.00866055 0.349395 -0.412294
0.0493372 -0.013839 0.430322 -1.16421
0.0371778 -0.00837739 0.315745 0.0146649
0.0441056 -0.00866055 0.349395 -0.412294
0.0300225 -0.0093129 0.288925 0.0120028
0.0192006 -0.00481707 0.21541 0.543751
0.0331234 -0.00986181 0.31767 -0.428465
0.0454693 -0.0112066 0.374772 -0.509352
0.0296726 -0.00505764 0.233907 0.00841689
0.041805 -0.00792388 0.31543 -0.526382
0.0236008 -0.00893646 0.246171 0.00850217
0.0305134 -0.0045148 0.23071 0.00822293
0.036592 -0.0061817 0.311493 -0.33913
0.0625308 -0.0155671 0.499231 -1.74809
0.038663 -0.00478018 0.283305 0.0124324
0.0336062 -0.00613466 0.27044 0.011108
0.0336062 -0.00613466 0.27044 0.011108
0.0256519 -0.00726694 0.229787 0.256167
0.0308989 -0.00877932 0.285752 0.0118171
0.0321607 -0.00958459 0.317905 -0.319019
0.0346528 -0.00905687 0.309359 0.0138627
0.0509125 -0.0160266 0.451683 -1.105
0.0526954 -0.013449 0.443564 -1.19504
0.0515273 -0.0139153 0.436415 -0.701945
0.041805 -0.00792388 0.31543 -0.526382
0.0361347 -0.00545752 0.276875 0.0117742
0.019869 -0.00620183 0.218638 0.393402
0.0347241 -0.00646618 0.28136 0.0120494
0.0370117 -0.00492453 0.273713 0.0115138
0.0370117 -0.00492453 0.273713 0.0115138
0.0469686 -0.0082513 0.357111 -0.510127
0.0343025 -0.00756797 0.288999 0.0123586
0.0344829 -0.00560145 0.267273 0.0108722
0.0286114 -0.00806783 0.262768 0.26718
0.0308337 -0.00594545 0.249881 0.00935369
0.0443696 -0.0114147 0.375612 -0.91413
0.0502221 -0.0135528 0.41665 -0.95721
0.0341193 -0.00953263 0.310685 0.0138542
0.0359523 -0.00742265 0.29857 0.0133315
0.03619 -0.00828542 0.312609 0.014594
0.066843 -0.00954606 0.471632 -0.845497
0.0458493 -0.00528124 0.342957 0.277357
0.0410471 -0.00888481 0.346928 0.0179508
0.0726367 -0.0155864 0.548303 -1.05799
0.0294164 -0.00504713 0.25109 0.268323
0.0322063 -0.00438593 0.240487 0.00900964
0.036592 -0.0061817 0.311493 -0.33913
0.0469906 -0.0105705 0.363351 -1.115
0.0411553 -0.00950804 0.35319 0.0182904
0.0359523 -0.00742265 0.29857 0.0133315
0.0317316 -0.00573725 0.285268 0.27336
0.0625308 -0.0155671 0.499231 -1.74809
