0.0057801 -0.00471337 0.177627 0.842297
0.0215449 -0.00903035 0.24278 0.27015
0.0372475 -0.0177597 0.405118 -1.0097
-1.85735 0.113038 11.8543 -5.46279
3.1673 -0.314525 -16.3823 -4.19645
0.0516586 -0.0199968 0.49305 -1.371
0.0382163 -0.018338 0.434276 -0.902272
0.0452217 -0.0196312 0.469877 -1.24885
0.040676 -0.0173995 0.418689 -1.04665
0.0243721 -0.0137407 0.305532 0.0117451
0.0273166 -0.0119584 0.304255 0.0124967
-0.536957 0.0424648 0.737373 0.164105
-0.231117 0.00636137 0.0217212 1.91957
0.0347255 -0.018698 0.421643 -0.871327
0.0280666 -0.0131343 0.323275 -0.394009
0.0247245 -0.0098025 0.261971 0.00940595
0.0254251 -0.0112386 0.280586 0.0104483
0.0256673 -0.0121038 0.294686 0.0114867
0.0328462 -0.0152408 0.357617 -0.51193
0.0512224 -0.0219631 0.506705 -1.71512
0.0399846 -0.0154921 0.418217 -0.933571
0.0439092 -0.0172505 0.441824 -1.28149
0.0280666 -0.0131343 0.323275 -0.394009
0.0280666 -0.0131343 0.323275 -0.394009
0.0280666 -0.0131343 0.323275 -0.394009
0.0293712 -0.0156434 0.347889 -0.49371
0.0231415 -0.0127826 0.288288 0.0106117
0.0152944 -0.0120351 0.251448 0.267035
0.0372475 -0.0177597 0.405118 -1.0097
0.0260204 -0.0135946 0.315086 0.0127905
0.028788 -0.0135612 0.354786 -0.276005
0.0349906 -0.0123441 0.343636 -0.441305
0.0233163 -0.0108126 0.26649 0.0094848
0.0247915 -0.0126377 0.297868 0.0116066
0.0247915 -0.0126377 0.297868 0.0116066
0.0270758 -0.0110939 0.290172 0.0114073
0.0280145 -0.0116955 0.297246 -0.508677
0.0227561 -0.0117048 0.288245 -0.355361
0.0180707 -0.0113783 0.240819 0.0071884
0.0180707 -0.0113783 0.240819 0.0071884
0.0257802 -0.0127306 0.301013 0.0117099
0.0345596 -0.0141193 0.336241 -0.571039
0.0254251 -0.0112386 0.280586 0.0104483
0.0299799 -0.0156497 0.349903 -0.414112
0.0273166 -0.0119584 0.304255 0.0124967
0.0281927 -0.0114246 0.301078 0.012352
0.0281927 -0.0114246 0.301078 0.012352
0.0307178 -0.0107453 0.307465 0.0132091
0.0206043 -0.0107098 0.247437 0.00796707
0.0220227 -0.0124506 0.277357 0.00972631
0.0220227 -0.0124506 0.277357 0.00972631
0.0354842 -0.0152065 0.373178 -0.990811
0.0210672 -0.00960594 0.239564 0.00776941
0.0361022 -0.0172237 0.380129 -1.32782
0.0180707 -0.0113783 0.240819 0.0071884
0.0167667 -0.0130235 0.25187 0.00735379
0.0233163 -0.0108126 0.26649 0.0094848
0.0230712 -0.00994551 0.252347 0.00853553
0.0220227 -0.0124506 0.277357 0.00972631
0.00725634 -0.00658799 0.177177 0.688704
0.0228981 -0.0119166 0.274171 0.00962824
0.0372475 -0.0177597 0.405118 -1.0097
0.0280666 -0.0131343 0.323275 -0.394009
0.0345596 -0.0141193 0.336241 -0.571039
0.0148544 -0.00933645 0.220587 0.42639
0.0216634 -0.0109557 0.256869 0.00859342
0.0224772 -0.0131714 0.311931 -0.340753
0.0244418 -0.00839358 0.242974 0.00838665
0.0327997 -0.0115889 0.30829 -0.554716
0.0280145 -0.0116955 0.297246 -0.508677
0.0396195 -0.0171089 0.404072 -1.45765
0.0196573 -0.0136478 0.300733 -0.313247
0.0254251 -0.0112386 0.280586 0.0104483
0.0328462 -0.0152408 0.357617 -0.51193
0.0245494 -0.0117724 0.283767 0.0105716
0.0467797 -0.0199006 0.468533 -1.81191
0.0311206 -0.0145167 0.32612 -0.550485
0.0233163 -0.0108126 0.26649 0.0094848
0.0280666 -0.0131343 0.323275 -0.394009
0.0247915 -0.0126377 0.297868 0.0116066
0.0354842 -0.0152065 0.373178 -0.990811
0.040676 -0.0173995 0.418689 -1.04665
0.0180118 -0.00891311 0.230526 0.388808
0.0296019 -0.0104151 0.296573 0.0122338
0.0349906 -0.0123441 0.343636 -0.441305
0.0270758 -0.0110939 0.290172 0.0114073
0.0256673 -0.0121038 0.294686 0.0114867
0.0195059 -0.0118478 0.259599 0.241238
0.0228981 -0.0119166 0.274171 0.00962824
0.0228981 -0.0119166 0.274171 0.00962824
0.0172621 -0.00935252 0.239693 0.263045
0.0265041 -0.016027 0.3392 -0.387561
0.0243721 -0.0137407 0.305532 0.0117451
0.0299799 -0.0156497 0.349903 -0.414112
0.0256673 -0.0121038 0.294686 0.0114867
0.0334772 -0.0152732 0.360463 -0.438819
0.0206043 -0.0107098 0.247437 0.00796707
0.0224772 -0.0131714 0.311931 -0.340753
0.0206043 -0.0107098 0.247437 0.00796707
0.0380026 -0.0137217 0.346295 -0.590195
0.0206043 -0.0107098 0.247437 0.00796707
0.0206043 -0.0107098 0.247437 0.00796707
0.0155371 -0.0120463 0.234195 0.00640083
0.0155371 -0.0120463 0.234195 0.00640083
0.0326391 -0.0143961 0.352773 -1.35986
0.016773 -0.00895711 0.20046 0.277529
0.0319805 -0.0155413 0.359598 -0.949177
0.0180707 -0.0113783 0.240819 0.0071884
0.0311206 -0.0145167 0.32612 -0.550485
0.0148544 -0.00933645 0.220587 0.42639
0.0207881 -0.0114899 0.260059 0.00868952
0.0207881 -0.0114899 0.260059 0.00868952
0.00898864 -0.0076937 0.173498 0.647228
0.0180707 -0.0113783 0.240819 0.0071884
0.0276866 -0.0149137 0.315918 -0.528337
0.0233163 -0.0108126 0.26649 0.0094848
0.0233163 -0.0108126 0.26649 0.0094848
0.0311206 -0.0145167 0.32612 -0.550485
0.0178429 -0.013272 0.261325 0.00795696
0.0196573 -0.0136478 0.300733 -0.313247
0.0206043 -0.0107098 0.247437 0.00796707
0.0180707 -0.0113783 0.240819 0.0071884
0.0193746 -0.0097328 0.229764 0.00696563
0.0155371 -0.0120463 0.234195 0.00640083
0.0209028 -0.012118 0.266411 0.00887652
0.0118267 -0.0098568 0.212742 0.450392
0.0194956 -0.0131286 0.270942 0.00887044
0.0220227 -0.0124506 0.277357 0.00972631
0.0167426 -0.0103457 0.22672 0.302077
0.0194956 -0.0131286 0.270942 0.00887044
0.0137441 -0.00701983 0.196258 0.492186
0.0280666 -0.0131343 0.323275 -0.394009
0.020134 -0.00829425 0.208572 0.335933
0.0196573 -0.0136478 0.300733 -0.313247
0.0172297 -0.0119202 0.244004 0.00722724
0.0127622 -0.00877716 0.187484 0.439855
0.0280666 -0.0131343 0.323275 -0.394009
0.0220227 -0.0124506 0.277357 0.00972631
0.0231415 -0.0127826 0.288288 0.0106117
0.0207881 -0.0114899 0.260059 0.00868952
0.0220227 -0.0124506 0.277357 0.00972631
0.0293712 -0.0156434 0.347889 -0.49371
0.0207881 -0.0114899 0.260059 0.00868952
0.0274521 -0.0131347 0.32131 -0.480327
0.0207881 -0.0114899 0.260059 0.00868952
0.0274521 -0.0131347 0.32131 -0.480327
0.02672 -0.00960132 0.269735 0.0101245
0.0258442 -0.0101351 0.272915 0.0102708
0.0195385 -0.00774113 0.207547 0.00598677
0.0141883 -0.00953224 0.190744 0.313588
0.0168411 -0.0104018 0.223152 0.00624437
0.0141883 -0.00953224 0.190744 0.313588
0.0206043 -0.0107098 0.247437 0.00796707
0.0207881 -0.0114899 0.260059 0.00868952
0.0183697 -0.0122684 0.25519 0.00801043
0.0234443 -0.0151061 0.304754 -0.488651
0.0206153 -0.0134612 0.281886 0.00972607
0.0224772 -0.0131714 0.311931 -0.340753
0.0319805 -0.0155413 0.359598 -0.949177
0.0206043 -0.0107098 0.247437 0.00796707
0.0234443 -0.0151061 0.304754 -0.488651
0.0216634 -0.0109557 0.256869 0.00859342
0.0197633 -0.0112521 0.250627 0.00803243
0.0220227 -0.0124506 0.277357 0.00972631
0.0284809 -0.0127553 0.330401 -0.914666
0.0183697 -0.0122684 0.25519 0.00801043
0.0268447 -0.0156438 0.346585 -0.878775
0.0143971 -0.0116993 0.223024 0.00569627
0.0180707 -0.0113783 0.240819 0.0071884
0.0111344 -0.00757312 0.188863 0.504153
0.0234246 -0.0159834 0.333476 -0.839524
0.0126217 -0.0125796 0.241203 0.300259
0.0155371 -0.0120463 0.234195 0.00640083
0.0155371 -0.0120463 0.234195 0.00640083
0.0196573 -0.0136478 0.300733 -0.313247
0.016378 -0.0115049 0.231016 0.00637776
0.0158667 -0.00831549 0.196892 0.399631
0.0276866 -0.0149137 0.315918 -0.528337
0.0158667 -0.00831549 0.196892 0.399631
0.0210672 -0.00960594 0.239564 0.00776941
0.0193746 -0.0097328 0.229764 0.00696563
0.0182345 -0.00938615 0.218597 0.00624629
0.0141883 -0.00953224 0.190744 0.313588
0.00953951 -0.00974515 0.185305 0.337465
0.0143076 -0.0110703 0.216535 0.00551439
0.0168411 -0.0104018 0.223152 0.00624437
0.0145017 -0.0116706 0.215272 0.260565
0.00953951 -0.00974515 0.185305 0.337465
0.0141883 -0.00953224 0.190744 0.313588
0.0167667 -0.0130235 0.25187 0.00735379
0.0180707 -0.0113783 0.240819 0.0071884
0.0219082 -0.0090634 0.236372 0.00767946
0.0169306 -0.0110311 0.229644 0.00645038
0.0180707 -0.0113783 0.240819 0.0071884
0.0268447 -0.0156438 0.346585 -0.878775
0.0219082 -0.0090634 0.236372 0.00767946
0.0193746 -0.0097328 0.229764 0.00696563
0.016773 -0.00895711 0.20046 0.277529
0.00999643 -0.00907796 0.173802 0.502564
0.0152073 -0.0135216 0.257951 -0.423194
0.00201764 -0.00640744 0.135797 0.784972
0.0140084 -0.0101831 0.202199 0.00484645
0.0141883 -0.00953224 0.190744 0.313588
0.00572397 -0.0099131 0.173192 0.409153
0.0299799 -0.0156497 0.349903 -0.414112
0.0220227 -0.0124506 0.277357 0.00972631
0.0216634 -0.0109557 0.256869 0.00859342
0.0280666 -0.0131343 0.323275 -0.394009
0.0196573 -0.0136478 0.300733 -0.313247
0.0206043 -0.0107098 0.247437 0.00796707
0.0207881 -0.0114899 0.260059 0.00868952
0.0280666 -0.0131343 0.323275 -0.394009
0.0182345 -0.00938615 0.218597 0.00624629
0.0182345 -0.00938615 0.218597 0.00624629
0.00999643 -0.00907796 0.173802 0.502564
0.00953951 -0.00974515 0.185305 0.337465
0.0180707 -0.0113783 0.240819 0.0071884
0.0183697 -0.0122684 0.25519 0.00801043
0.0206043 -0.0107098 0.247437 0.00796707
0.0167667 -0.0130235 0.25187 0.00735379
0.0168411 -0.0104018 0.223152 0.00624437
0.0145017 -0.0116706 0.215272 0.260565
0.0041027 -0.00710229 0.170379 0.712476
0.0168411 -0.0104018 0.223152 0.00624437
0.0224772 -0.0131714 0.311931 -0.340753
0.0220227 -0.0124506 0.277357 0.00972631
0.0159759 -0.00775088 0.233163 0.449331
0.02672 -0.00960132 0.269735 0.0101245
0.024793 -0.0121524 0.287611 -0.490379
0.0118703 -0.00713583 0.180453 0.626015
0.005289 -0.00845828 0.168277 0.596823
0.00953951 -0.00974515 0.185305 0.337465
0.0141883 -0.00953224 0.190744 0.313588
0.0234246 -0.0159834 0.333476 -0.839524
0.024793 -0.0121524 0.287611 -0.490379
0.0172297 -0.0119202 0.244004 0.00722724
0.016773 -0.00895711 0.20046 0.277529
0.0183697 -0.0122684 0.25519 0.00801043
0.00875438 -0.00804749 0.175728 0.566641
0.0183697 -0.0122684 0.25519 0.00801043
0.0192108 -0.0117261 0.252001 0.0079655
0.023255 -0.0134099 0.294624 0.0108152
0.0211463 -0.00848381 0.240447 0.353233
0.0148544 -0.00933645 0.220587 0.42639
0.0399366 -0.00855799 0.336112 0.0168182
0.0449254 -0.0141094 0.390644 -0.418962
0.0700122 -0.0245048 0.659562 -2.37859
0.0440407 -0.0149863 0.424148 -0.812553
0.00953951 -0.00974515 0.185305 0.337465
0.00999643 -0.00907796 0.173802 0.502564
0.0157011 -0.0100553 0.211987 0.00555879
0.00875438 -0.00804749 0.175728 0.566641
0.0233163 -0.0108126 0.26649 0.0094848
0.0230712 -0.00994551 0.252347 0.00853553
0.0220227 -0.0124506 0.277357 0.00972631
0.0234305 -0.0114403 0.272834 0.00969181
