0.0593411 -0.0126394 0.469278 -1.24704
0.0408942 -0.00544033 0.305081 0.0144716
0.0648116 -0.0184251 0.542745 -1.4318
0.000490843 0.00649374 -0.342711 0.153942
7.47608 -0.707316 -36.6907 -3.89074
0.0700772 -0.00936774 0.492961 -1.02662
0.0813329 -0.0177391 0.62444 -2.08311
0.0590423 -0.00711944 0.390173 -0.417469
0.0634998 -0.00997632 0.460588 -0.826938
0.0745299 -0.0148676 0.545847 -1.36882
0.056714 -0.00820974 0.414361 -0.387761
-0.107445 -0.00661015 -0.564526 -5.68527
-3.69916 0.454344 8.10921 -0.790636
0.0531412 -0.011123 0.423675 -0.739978
0.0754331 -0.0153767 0.576853 -2.10669
0.0460551 -0.00470666 0.324155 0.0162606
0.0414135 -0.00951472 0.371702 -0.282082
0.0414135 -0.00951472 0.371702 -0.282082
0.0535021 -0.01311 0.428041 -0.977826
3.33396 -0.328543 -17.3029 -4.94235
0.0700421 -0.0131993 0.53205 -1.36501
0.0581568 -0.00715288 0.391004 -0.502112
0.0531412 -0.011123 0.423675 -0.739978
0.0497132 -0.00866645 0.387482 -0.233572
0.0462876 -0.00556593 0.338115 0.0177397
0.047507 -0.00867372 0.394844 -0.334094
0.044982 -0.00719594 0.348818 0.018485
0.0317316 -0.00573725 0.285268 0.27336
0.0883016 -0.0170181 0.653216 -2.12029
0.0646052 -0.012476 0.492623 -0.945732
0.0649851 -0.0122688 0.481982 -0.788456
0.0602943 -0.00784691 0.424813 -0.409089
0.0598921 -0.0160865 0.492182 -1.26419
0.0414135 -0.00951472 0.371702 -0.282082
0.0326727 -0.00530919 0.275524 0.379725
0.0613496 -0.0129473 0.482569 -0.935591
0.0575533 -0.00736637 0.391528 -0.895962
0.0628867 -0.0096793 0.428258 -1.37135
0.0406319 -0.00903814 0.338689 -0.385694
0.0653347 -0.0149758 0.506321 -1.71472
0.0692451 -0.0123874 0.492473 -1.18243
0.0531522 -0.00857342 0.403802 -0.365202
0.0888923 -0.0209972 0.731811 -2.76666
0.0532705 -0.0104576 0.396727 -0.474037
0.0509256 -0.00810609 0.39362 0.0234568
0.0820201 -0.0180344 0.63072 -1.75864
0.0560456 -0.00789668 0.411463 -0.289993
0.0640725 -0.00973048 0.448582 -0.665175
0.0434968 -0.00865419 0.347368 -0.491794
0.0359523 -0.00742265 0.29857 0.0133315
0.0406319 -0.00903814 0.338689 -0.385694
0.0511095 -0.00790703 0.370408 -0.460187
0.0511095 -0.00790703 0.370408 -0.460187
0.041191 -0.00410269 0.289733 0.0130785
0.0478464 -0.0110662 0.38895 -0.953043
0.0434968 -0.00865419 0.347368 -0.491794
0.069327 -0.0126858 0.505968 -1.39483
0.0618659 -0.00953694 0.44116 -1.09583
0.0511095 -0.00790703 0.370408 -0.460187
0.03989 -0.00573588 0.300501 0.0137686
0.047507 -0.00867372 0.394844 -0.334094
0.0598852 -0.012163 0.449229 -1.00414
0.0672154 -0.0154895 0.519495 -1.32134
0.0618659 -0.00953694 0.44116 -1.09583
0.0454693 -0.0112066 0.374772 -0.509352
0.03619 -0.00828542 0.312609 0.014594
0.0472712 -0.0100842 0.352942 -0.562918
0.0496334 -0.00756478 0.371239 -0.360789
0.0618659 -0.00953694 0.44116 -1.09583
0.0511095 -0.00790703 0.370408 -0.460187
0.0384785 -0.00674398 0.304973 0.0140773
0.0469686 -0.0082513 0.357111 -0.510127
0.0790685 -0.0150967 0.594243 -2.14739
0.0603699 -0.0097144 0.417358 -0.513449
0.0531522 -0.00857342 0.403802 -0.365202
0.0392976 -0.00466471 0.298574 0.303787
0.0437637 -0.00624617 0.331745 0.0169664
0.055641 -0.0100669 0.402808 -0.833142
0.0558017 -0.0109777 0.446239 -0.92952
0.0655914 -0.0126899 0.478779 -1.15092
0.0363739 -0.00518619 0.289332 0.327903
0.0497331 -0.0108274 0.386236 -0.452221
0.0549474 -0.0135226 0.448161 -0.727296
0.0729055 -0.0120849 0.506093 -1.21234
0.0625716 -0.00675609 0.400989 -0.441199
0.075335 -0.0117734 0.529867 -1.4136
0.0672154 -0.0154895 0.519495 -1.32134
0.0708654 -0.0151777 0.532688 -1.34555
0.0788533 -0.0152793 0.612701 -2.44661
0.0546294 -0.00753021 0.380753 -0.481831
0.0833313 -0.0174425 0.669252 -2.61064
0.0410043 -0.00606509 0.311371 0.0148148
0.047397 -0.00589216 0.348917 0.0189169
0.0547439 -0.0111896 0.430055 -0.456243
0.0531522 -0.00857342 0.403802 -0.365202
0.0528648 -0.00828161 0.399575 -0.262741
0.0286523 -0.00368267 0.247956 0.421738
0.0526954 -0.013449 0.443564 -1.19504
0.0454693 -0.0112066 0.374772 -0.509352
0.0603699 -0.0097144 0.417358 -0.513449
0.049103 -0.00535446 0.343214 -0.439898
0.0594342 -0.0103299 0.435076 -1.11586
0.0344829 -0.00560145 0.267273 0.0108722
0.0513669 -0.0107694 0.404591 -1.00804
0.0456357 -0.00574962 0.333083 -0.417043
0.041191 -0.00410269 0.289733 0.0130785
0.0521125 -0.00673104 0.345844 -0.588583
0.231626 -0.0344049 -0.0102907 -0.231817
0.0511095 -0.00790703 0.370408 -0.460187
0.0489817 -0.0108215 0.384817 -0.528219
0.0412395 -0.00692617 0.325372 0.0161839
0.055641 -0.0100669 0.402808 -0.833142
0.0478257 -0.0113711 0.399649 -1.17025
0.0443696 -0.0114147 0.375612 -0.91413
0.0438116 -0.0104733 0.342663 -0.542005
0.0598852 -0.012163 0.449229 -1.00414
0.0618659 -0.00953694 0.44116 -1.09583
0.049103 -0.00535446 0.343214 -0.439898
0.0400289 -0.00905642 0.33755 -0.472132
0.0421849 -0.00614507 0.322827 -0.392401
0.0395403 -0.00424744 0.28015 0.0121453
0.0421849 -0.00614507 0.322827 -0.392401
0.0547944 -0.0104095 0.418174 -1.0451
0.0478464 -0.0110662 0.38895 -0.953043
0.0511095 -0.00790703 0.370408 -0.460187
0.0376012 -0.00727693 0.30813 0.0143361
0.0497331 -0.0108274 0.386236 -0.452221
0.0547944 -0.0104095 0.418174 -1.0451
0.0347241 -0.00646618 0.28136 0.0120494
0.0443696 -0.0114147 0.375612 -0.91413
0.03619 -0.00828542 0.312609 0.014594
0.0448029 -0.00547678 0.332679 -0.309978
0.0477912 -0.00505701 0.34467 -0.341252
0.0476001 -0.00828368 0.359961 -0.437061
0.0478464 -0.0110662 0.38895 -0.953043
0.0421849 -0.00614507 0.322827 -0.392401
0.0692451 -0.0123874 0.492473 -1.18243
0.0655914 -0.0126899 0.478779 -1.15092
0.0568168 -0.0100867 0.407098 -0.494403
0.0421174 -0.00639353 0.322224 0.0158951
0.0566668 -0.0107834 0.437329 -0.779151
0.0476001 -0.00828368 0.359961 -0.437061
0.0686288 -0.0145624 0.51694 -1.71077
0.0444436 -0.00909321 0.383353 -0.308928
0.0374134 -0.00923862 0.329751 0.0159718
0.0598921 -0.0160865 0.492182 -1.26419
0.0410043 -0.00606509 0.311371 0.0148148
0.069327 -0.0126858 0.505968 -1.39483
0.0475886 -0.00464329 0.31066 -0.466349
0.0486726 -0.00712901 0.335777 -0.569322
0.0337723 -0.00665805 0.300293 -0.311549
0.0452364 -0.00752662 0.325643 -0.548645
0.0589471 -0.00965054 0.41482 -0.859961
0.0677304 -0.0120434 0.48224 -1.58465
0.0686288 -0.0145624 0.51694 -1.71077
0.0489817 -0.0108215 0.384817 -0.528219
0.0429032 -0.00657143 0.354343 -0.27455
0.0531412 -0.011123 0.423675 -0.739978
0.0410043 -0.00606509 0.311371 0.0148148
0.0476001 -0.00828368 0.359961 -0.437061
0.0347241 -0.00646618 0.28136 0.0120494
0.0489817 -0.0108215 0.384817 -0.528219
0.0291555 -0.00629659 0.274984 0.302058
0.0511095 -0.00790703 0.370408 -0.460187
0.0698664 -0.00917113 0.468296 -1.68832
0.0575533 -0.00736637 0.391528 -0.895962
0.0361347 -0.00545752 0.276875 0.0117742
0.0546793 -0.0106546 0.427821 -1.24793
0.0511095 -0.00790703 0.370408 -0.460187
0.0655914 -0.0126899 0.478779 -1.15092
0.0593411 -0.0126394 0.469278 -1.24704
0.0389018 -0.00564359 0.297358 0.0137157
0.0421849 -0.00614507 0.322827 -0.392401
0.0338142 -0.00446664 0.255691 0.328892
0.0476001 -0.00828368 0.359961 -0.437061
0.0397792 -0.00511061 0.294201 0.0134343
0.0608591 -0.0129038 0.467875 -1.80874
0.0406319 -0.00903814 0.338689 -0.385694
0.0348361 -0.0070923 0.287675 0.0123458
0.0594342 -0.0103299 0.435076 -1.11586
0.0531743 -0.00793708 0.388633 -1.04901
0.0421849 -0.00614507 0.322827 -0.392401
0.0503379 -0.0104961 0.389077 -1.41371
0.0572035 -0.0132171 0.452365 -1.76642
0.0452364 -0.00752662 0.325643 -0.548645
0.0374333 -0.00382276 0.266074 0.0111446
0.0452364 -0.00752662 0.325643 -0.548645
0.041805 -0.00792388 0.31543 -0.526382
0.0397792 -0.00511061 0.294201 0.0134343
0.0478464 -0.0110662 0.38895 -0.953043
0.0611795 -0.01286 0.458883 -1.56995
0.04108 -0.00347733 0.283431 0.0127226
0.0336062 -0.00613466 0.27044 0.011108
0.0400289 -0.00905642 0.33755 -0.472132
0.0348361 -0.0070923 0.287675 0.0123458
0.0423063 -0.00443252 0.300616 0.0141132
0.0448029 -0.00547678 0.332679 -0.309978
0.0422516 -0.00160533 0.264893 0.0110426
0.0337723 -0.00665805 0.300293 -0.311549
0.0361347 -0.00545752 0.276875 0.0117742
0.0451184 -0.00831216 0.355651 -0.908224
0.0452364 -0.00752662 0.325643 -0.548645
0.0342588 -0.0013075 0.208234 0.337325
0.0336062 -0.00613466 0.27044 0.011108
0.069327 -0.0126858 0.505968 -1.39483
0.0593411 -0.0126394 0.469278 -1.24704
0.0511095 -0.00790703 0.370408 -0.460187
0.0546294 -0.00753021 0.380753 -0.481831
0.0376012 -0.00727693 0.30813 0.0143361
0.0441056 -0.00866055 0.349395 -0.412294
0.0513669 -0.0107694 0.404591 -1.00804
0.0618659 -0.00953694 0.44116 -1.09583
0.0456357 -0.00574962 0.333083 -0.417043
0.0456357 -0.00574962 0.333083 -0.417043
0.0319537 -0.00627818 0.260829 0.0102227
0.036592 -0.0061817 0.311493 -0.33913
0.0645185 -0.0124794 0.47129 -1.58334
0.0448029 -0.00547678 0.332679 -0.309978
0.049103 -0.00535446 0.343214 -0.439898
0.0338142 -0.00446664 0.255691 0.328892
0.0448029 -0.00547678 0.332679 -0.309978
0.0441056 -0.00866055 0.349395 -0.412294
0.0486726 -0.00712901 0.335777 -0.569322
0.038663 -0.00478018 0.283305 0.0124324
0.0410043 -0.00606509 0.311371 0.0148148
0.0426519 -0.00591843 0.32091 0.015851
0.0462876 -0.00556593 0.338115 0.0177397
0.054141 -0.00540106 0.385714 -0.272506
0.0448339 -0.00375473 0.307038 0.0147156
0.0450206 -0.00179235 0.2854 0.0129377
0.0452364 -0.00752662 0.325643 -0.548645
0.0547944 -0.0104095 0.418174 -1.0451
0.0756387 -0.0157208 0.601613 -2.46176
0.0511095 -0.00790703 0.370408 -0.460187
0.0618659 -0.00953694 0.44116 -1.09583
0.0531412 -0.011123 0.423675 -0.739978
0.0436082 -0.00279996 0.289861 0.0133566
0.0509321 -0.00864631 0.397915 -0.740203
0.0397792 -0.00511061 0.294201 0.0134343
0.041191 -0.00410269 0.289733 0.0130785
0.0426519 -0.00591843 0.32091 0.015851
0.0862061 -0.0178265 0.688098 -3.11635
0.0581568 -0.00715288 0.391004 -0.502112
0.056714 -0.00820974 0.414361 -0.387761
0.102551 -0.013229 0.654951 -1.25532
0.102465 -0.0156299 0.711391 -2.19301
0.0900126 -0.0169847 0.625339 -1.50016
0.0849257 -0.0117308 0.573537 -1.17316
0.0400746 -0.00377218 0.278835 0.0120684
0.0574951 -0.00937081 0.404259 -1.24537
0.041191 -0.00410269 0.289733 0.0130785
0.0388445 -0.0028144 0.261596 0.0107856
0.054141 -0.00540106 0.385714 -0.272506
0.0496904 -0.00435384 0.341356 0.0181142
0.0841197 -0.0175118 0.658844 -2.37654
0.0477014 -0.00455907 0.333673 0.0173252
