0.0537789 -0.0159896 0.480046 -1.35282
0.0666636 -0.0192044 0.578183 -2.23768
0.0438116 -0.0104733 0.342663 -0.542005
0.0887516 -0.0521322 -0.0296133 3.59628
-6.20378 0.386327 59.0526 -8.74145
0.0568168 -0.0100867 0.407098 -0.494403
0.0549474 -0.0135226 0.448161 -0.727296
0.320454 -0.0472247 -0.11115 -0.381107
0.0531412 -0.011123 0.423675 -0.739978
0.0462734 -0.011588 0.409564 -0.326466
0.0644167 -0.0156306 0.492478 -1.10199
-1.27834 0.18581 2.03667 -0.224787
-9.07171 0.804233 47.1683 -4.30881
0.0502221 -0.0135528 0.41665 -0.95721
0.0535021 -0.01311 0.428041 -0.977826
0.0513669 -0.0107694 0.404591 -1.00804
0.0359523 -0.00742265 0.29857 0.0133315
0.0334258 -0.00810109 0.292163 0.012578
0.0440407 -0.0149863 0.424148 -0.812553
0.394656 -0.0669277 -0.195586 -0.571096
0.0509321 -0.00864631 0.397915 -0.740203
0.0429032 -0.00657143 0.354343 -0.27455
0.0371778 -0.00837739 0.315745 0.0146649
0.0414135 -0.00951472 0.371702 -0.282082
0.0414135 -0.00951472 0.371702 -0.282082
0.0462079 -0.0111961 0.375607 -0.428801
0.0489817 -0.0108215 0.384817 -0.528219
0.20813 -0.0369808 0.0695778 -0.233795
0.0391679 -0.00971445 0.345533 0.0174021
0.0635825 -0.0158036 0.506243 -1.29598
0.0424595 -0.0078771 0.342468 0.0176559
0.0566668 -0.0107834 0.437329 -0.779151
0.0509125 -0.0160266 0.451683 -1.105
0.0419616 -0.0115918 0.364672 -0.489362
0.0419616 -0.0115918 0.364672 -0.489362
0.0434716 -0.00836576 0.347189 -0.300219
0.0441056 -0.00866055 0.349395 -0.412294
0.0472712 -0.0100842 0.352942 -0.562918
0.0554785 -0.0162907 0.481549 -1.96429
0.0443696 -0.0114147 0.375612 -0.91413
0.0735204 -0.01847 0.610122 -2.2961
0.0497331 -0.0108274 0.386236 -0.452221
0.0414135 -0.00951472 0.371702 -0.282082
0.0515273 -0.0139153 0.436415 -0.701945
0.0532705 -0.0104576 0.396727 -0.474037
0.0462734 -0.011588 0.409564 -0.326466
0.0494464 -0.0111885 0.420997 -0.350274
0.0613496 -0.0129473 0.482569 -0.935591
0.0459482 -0.014216 0.416806 -1.12978
0.0403579 -0.0108612 0.332273 -0.519366
0.033681 -0.0120472 0.345092 -0.342674
0.0359523 -0.00742265 0.29857 0.0133315
0.0346992 -0.00348455 0.233222 0.283293
0.0698876 -0.0187072 0.62337 -3.26334
0.0408616 -0.0117511 0.362143 -0.872325
0.0321607 -0.00958459 0.317905 -0.319019
0.0667085 -0.0154198 0.530537 -2.09363
0.0434968 -0.00865419 0.347368 -0.491794
0.0371778 -0.00837739 0.315745 0.0146649
0.0348361 -0.0070923 0.287675 0.0123458
0.0382908 -0.00870576 0.326597 0.0157292
0.03619 -0.00828542 0.312609 0.014594
0.0336214 -0.0048581 0.259237 0.242567
0.0489817 -0.0108215 0.384817 -0.528219
0.038472 -0.0119487 0.353637 -0.462405
0.0308989 -0.00877932 0.285752 0.0118171
0.0308989 -0.00877932 0.285752 0.0118171
0.0625308 -0.0155671 0.499231 -1.74809
0.0611795 -0.01286 0.458883 -1.56995
0.0441056 -0.00866055 0.349395 -0.412294
0.0350714 -0.00914261 0.329659 -0.34946
0.0438116 -0.0104733 0.342663 -0.542005
0.0635825 -0.0158036 0.506243 -1.29598
0.0739258 -0.0183243 0.592425 -2.01749
0.0326727 -0.00530919 0.275524 0.379725
0.0368795 -0.0097141 0.331073 0.0159673
0.0565313 -0.0164814 0.480599 -1.25057
0.0426991 -0.0115642 0.364824 -0.403603
0.0454693 -0.0112066 0.374772 -0.509352
0.0454693 -0.0112066 0.374772 -0.509352
0.0348898 -0.00991896 0.323385 0.0151166
0.0357668 -0.00938587 0.320225 0.014898
0.0348898 -0.00991896 0.323385 0.0151166
0.0532705 -0.0104576 0.396727 -0.474037
0.0655914 -0.0126899 0.478779 -1.15092
0.0566668 -0.0107834 0.437329 -0.779151
0.0497331 -0.0108274 0.386236 -0.452221
0.0431333 -0.0119887 0.397947 -0.30101
0.0489817 -0.0108215 0.384817 -0.528219
0.038715 -0.00760592 0.318993 0.0153931
0.0497331 -0.0108274 0.386236 -0.452221
0.0346528 -0.00905687 0.309359 0.0138627
0.0549474 -0.0135226 0.448161 -0.727296
0.0515273 -0.0139153 0.436415 -0.701945
0.0549474 -0.0135226 0.448161 -0.727296
0.066145 -0.0184727 0.533688 -1.26957
0.0317754 -0.00824598 0.282582 0.0116219
0.0286114 -0.00806783 0.262768 0.26718
0.0458678 -0.0144117 0.424166 -1.32712
0.0410043 -0.00606509 0.311371 0.0148148
0.0513669 -0.0107694 0.404591 -1.00804
0.0361347 -0.00545752 0.276875 0.0117742
0.0285482 -0.00748835 0.257558 0.00975283
0.0321607 -0.00958459 0.317905 -0.319019
0.0478464 -0.0110662 0.38895 -0.953043
0.0406319 -0.00903814 0.338689 -0.385694
0.0478464 -0.0110662 0.38895 -0.953043
0.0459482 -0.014216 0.416806 -1.12978
0.0535021 -0.01311 0.428041 -0.977826
0.0493372 -0.013839 0.430322 -1.16421
0.0502221 -0.0135528 0.41665 -0.95721
0.0406319 -0.00903814 0.338689 -0.385694
0.0368334 -0.0119353 0.346061 -0.802401
0.0246795 -0.00826485 0.253113 0.300767
0.0434402 -0.0143549 0.391959 -0.897238
0.0478464 -0.0110662 0.38895 -0.953043
0.0513669 -0.0107694 0.404591 -1.00804
0.0370117 -0.00492453 0.273713 0.0115138
0.0408616 -0.0117511 0.362143 -0.872325
0.0443696 -0.0114147 0.375612 -0.91413
0.0336062 -0.00613466 0.27044 0.011108
0.0319537 -0.00627818 0.260829 0.0102227
0.0337723 -0.00665805 0.300293 -0.311549
0.0283717 -0.00945732 0.279336 0.0110481
0.0359523 -0.00742265 0.29857 0.0133315
0.0321607 -0.00958459 0.317905 -0.319019
0.0419616 -0.0115918 0.364672 -0.489362
0.0406319 -0.00903814 0.338689 -0.385694
0.0349906 -0.0123441 0.343636 -0.441305
0.0281289 -0.00859169 0.265226 0.00998844
0.0367015 -0.0116271 0.35685 -0.371365
0.0302862 -0.00462705 0.241853 0.387089
0.0441056 -0.00866055 0.349395 -0.412294
0.0478464 -0.0110662 0.38895 -0.953043
0.0408616 -0.0117511 0.362143 -0.872325
0.0535767 -0.0135252 0.436234 -1.71704
0.0507356 -0.00969402 0.363125 -0.58231
0.0441056 -0.00866055 0.349395 -0.412294
0.0489817 -0.0108215 0.384817 -0.528219
0.0426991 -0.0115642 0.364824 -0.403603
0.0359523 -0.00742265 0.29857 0.0133315
0.0348361 -0.0070923 0.287675 0.0123458
0.0346528 -0.00905687 0.309359 0.0138627
0.0660211 -0.0184319 0.530422 -1.72282
0.0267433 -0.00559056 0.240821 0.301746
0.0350714 -0.00914261 0.329659 -0.34946
0.0426991 -0.0115642 0.364824 -0.403603
0.0441056 -0.00866055 0.349395 -0.412294
0.0391525 -0.00521535 0.287785 -0.495681
0.0383993 -0.00829433 0.304225 -0.495507
0.0283035 -0.00662149 0.243423 0.00872762
0.0310773 -0.0068116 0.264001 0.0104342
0.0359523 -0.00742265 0.29857 0.0133315
0.0406319 -0.00903814 0.338689 -0.385694
0.0426991 -0.0115642 0.364824 -0.403603
0.0325491 -0.00863447 0.295331 0.0127883
0.0426991 -0.0115642 0.364824 -0.403603
0.0350753 -0.00795582 0.301733 0.0135663
0.0350753 -0.00795582 0.301733 0.0135663
0.0348361 -0.0070923 0.287675 0.0123458
0.0292479 -0.00892376 0.27616 0.0108772
0.0468694 -0.0139686 0.404622 -0.930441
0.033681 -0.0120472 0.345092 -0.342674
0.0502221 -0.0135528 0.41665 -0.95721
0.0383108 -0.00328991 0.262917 0.010822
0.0406319 -0.00903814 0.338689 -0.385694
0.0270657 -0.00504346 0.232086 0.422177
0.0350714 -0.00914261 0.329659 -0.34946
0.0406319 -0.00903814 0.338689 -0.385694
0.0370117 -0.00492453 0.273713 0.0115138
0.0347241 -0.00646618 0.28136 0.0120494
0.0321961 -0.00714366 0.274933 0.0113451
0.0321607 -0.00958459 0.317905 -0.319019
0.0349906 -0.0123441 0.343636 -0.441305
0.0591711 -0.0159771 0.496689 -1.99868
0.0317754 -0.00824598 0.282582 0.0116219
0.0310773 -0.0068116 0.264001 0.0104342
0.0294243 -0.00695472 0.254382 0.0095658
0.0321607 -0.00958459 0.317905 -0.319019
0.0347241 -0.00646618 0.28136 0.0120494
0.041805 -0.00792388 0.31543 -0.526382
0.0322063 -0.00438593 0.240487 0.00900964
0.0368334 -0.0119353 0.346061 -0.802401
0.0285482 -0.00748835 0.257558 0.00975283
0.0296678 -0.00782093 0.268501 0.0106333
0.0383993 -0.00829433 0.304225 -0.495507
0.0383993 -0.00829433 0.304225 -0.495507
0.0281289 -0.00859169 0.265226 0.00998844
0.0443696 -0.0114147 0.375612 -0.91413
0.0192006 -0.00481707 0.21541 0.543751
0.0267433 -0.00559056 0.240821 0.301746
0.0344829 -0.00560145 0.267273 0.0108722
0.0200815 -0.00370559 0.190437 0.541711
0.0283035 -0.00662149 0.243423 0.00872762
0.029781 -0.00844784 0.274832 0.0108918
0.0336062 -0.00613466 0.27044 0.011108
0.0347241 -0.00646618 0.28136 0.0120494
0.0406319 -0.00903814 0.338689 -0.385694
0.0285482 -0.00748835 0.257558 0.00975283
0.0408616 -0.0117511 0.362143 -0.872325
0.0285482 -0.00748835 0.257558 0.00975283
0.0349666 -0.00871721 0.294689 -0.476067
0.0310773 -0.0068116 0.264001 0.0104342
0.0260187 -0.00816489 0.251112 0.00906391
0.0384785 -0.00674398 0.304973 0.0140773
0.0493372 -0.013839 0.430322 -1.16421
0.0454693 -0.0112066 0.374772 -0.509352
0.0376012 -0.00727693 0.30813 0.0143361
0.0459482 -0.014216 0.416806 -1.12978
0.0310773 -0.0068116 0.264001 0.0104342
0.0334258 -0.00810109 0.292163 0.012578
0.0376012 -0.00727693 0.30813 0.0143361
0.041805 -0.00792388 0.31543 -0.526382
0.0337723 -0.00665805 0.300293 -0.311549
0.0368334 -0.0119353 0.346061 -0.802401
0.0331234 -0.00986181 0.31767 -0.428465
0.0350714 -0.00914261 0.329659 -0.34946
0.0350714 -0.00914261 0.329659 -0.34946
0.036592 -0.0061817 0.311493 -0.33913
0.0321607 -0.00958459 0.317905 -0.319019
0.0294164 -0.00504713 0.25109 0.268323
0.0243036 -0.00575518 0.227484 0.422693
0.0321961 -0.00714366 0.274933 0.0113451
0.0350714 -0.00914261 0.329659 -0.34946
0.0419616 -0.0115918 0.364672 -0.489362
0.03619 -0.00828542 0.312609 0.014594
0.0497331 -0.0108274 0.386236 -0.452221
0.0531412 -0.011123 0.423675 -0.739978
0.0370117 -0.00492453 0.273713 0.0115138
0.0336062 -0.00613466 0.27044 0.011108
0.0321607 -0.00958459 0.317905 -0.319019
0.0408616 -0.0117511 0.362143 -0.872325
0.0400289 -0.00905642 0.33755 -0.472132
0.0250307 -0.00383722 0.233168 0.489428
0.0434968 -0.00865419 0.347368 -0.491794
0.0350714 -0.00914261 0.329659 -0.34946
0.0294164 -0.00504713 0.25109 0.268323
0.0350714 -0.00914261 0.329659 -0.34946
0.0350714 -0.00914261 0.329659 -0.34946
0.0224133 -0.00183547 0.197385 0.641544
0.0337838 -0.0041664 0.248678 0.00964571
0.0535021 -0.01311 0.428041 -0.977826
0.0410043 -0.00606509 0.311371 0.0148148
0.0476001 -0.00828368 0.359961 -0.437061
0.279497 -0.0340092 0.0558275 -0.340409
0.0529785 -0.00405591 0.360325 0.020341
0.0931704 -0.0209075 0.755644 -2.8407
0.0602943 -0.00784691 0.424813 -0.409089
0.036911 -0.00801587 0.30735 -0.389852
0.0319537 -0.00627818 0.260829 0.0102227
0.0337723 -0.00665805 0.300293 -0.311549
0.0277821 -0.00391414 0.2081 0.397709
0.0401267 -0.0065978 0.314522 0.0150978
0.0313047 -0.00301566 0.253994 0.414442
0.0560283 -0.0130482 0.456538 -1.22251
0.0384785 -0.00674398 0.304973 0.0140773
