0.0312185 -0.00746818 0.271396 0.248156
0.0513035 -0.0157547 0.438046 -0.902128
0.036951 -0.0130476 0.378701 -0.351336
7.09718 -0.516489 -60.6805 -7.99812
-9.50744 0.664461 74.4919 -6.98973
0.0708654 -0.0151777 0.532688 -1.34555
0.0414135 -0.00951472 0.371702 -0.282082
0.0532705 -0.0104576 0.396727 -0.474037
0.0792643 -0.0207903 0.65631 -2.24598
0.0415815 -0.00840969 0.345612 0.0179367
0.0462734 -0.011588 0.409564 -0.326466
-5.41133 0.35289 41.9027 -6.82886
7.06529 -0.517583 -59.5006 -7.80942
0.0334258 -0.00810109 0.292163 0.012578
0.0368293 -0.00688974 0.295411 0.0130877
0.070531 -0.0191993 0.628603 -2.7192
0.0505129 -0.0132068 0.401961 -0.747777
0.0535021 -0.01311 0.428041 -0.977826
0.0584648 -0.0192698 0.518001 -1.40454
0.0437637 -0.00624617 0.331745 0.0169664
-0.179685 0.0307644 0.531439 0.285893
0.0583284 -0.0131162 0.459653 -0.749978
0.03619 -0.00828542 0.312609 0.014594
0.0489817 -0.0108215 0.384817 -0.528219
0.0476001 -0.00828368 0.359961 -0.437061
0.0371778 -0.00837739 0.315745 0.0146649
0.0462079 -0.0111961 0.375607 -0.428801
0.246187 -0.0386538 -0.00980206 -0.264389
0.0408144 -0.00802539 0.332964 0.0165518
0.0515273 -0.0139153 0.436415 -0.701945
0.0399366 -0.00855799 0.336112 0.0168182
0.0644167 -0.0156306 0.492478 -1.10199
0.0345417 -0.00843133 0.303055 0.0135695
0.0359523 -0.00742265 0.29857 0.0133315
0.0476299 -0.0146527 0.436993 -0.845794
0.0909411 -0.021702 0.797329 -3.78099
0.217551 -0.0304993 0.00326038 -0.200745
0.0472712 -0.0100842 0.352942 -0.562918
0.0285482 -0.00748835 0.257558 0.00975283
0.0319537 -0.00627818 0.260829 0.0102227
0.0410043 -0.00606509 0.311371 0.0148148
0.0639793 -0.0161069 0.518914 -1.51432
0.0531412 -0.011123 0.423675 -0.739978
0.068465 -0.0217787 0.611818 -2.18346
0.077051 -0.0181326 0.625272 -2.31726
0.0635825 -0.0158036 0.506243 -1.29598
0.0583284 -0.0131162 0.459653 -0.749978
0.0672154 -0.0154895 0.519495 -1.32134
0.0321961 -0.00714366 0.274933 0.0113451
0.0367015 -0.0116271 0.35685 -0.371365
0.0321275 -0.00973608 0.302968 0.0130521
0.0476001 -0.00828368 0.359961 -0.437061
0.0441056 -0.00866055 0.349395 -0.412294
0.0400289 -0.00905642 0.33755 -0.472132
0.0283035 -0.00662149 0.243423 0.00872762
0.0459482 -0.014216 0.416806 -1.12978
0.0535021 -0.01311 0.428041 -0.977826
0.0441056 -0.00866055 0.349395 -0.412294
0.0472712 -0.0100842 0.352942 -0.562918
0.0535021 -0.01311 0.428041 -0.977826
0.0462079 -0.0111961 0.375607 -0.428801
0.0526954 -0.013449 0.443564 -1.19504
0.0454693 -0.0112066 0.374772 -0.509352
0.0535021 -0.01311 0.428041 -0.977826
0.0321275 -0.00973608 0.302968 0.0130521
0.0286114 -0.00806783 0.262768 0.26718
0.038472 -0.0119487 0.353637 -0.462405
0.0560283 -0.0130482 0.456538 -1.22251
0.0410043 -0.00606509 0.311371 0.0148148
0.0370117 -0.00492453 0.273713 0.0115138
0.0591711 -0.0159771 0.496689 -1.99868
0.0350714 -0.00914261 0.329659 -0.34946
0.0410043 -0.00606509 0.311371 0.0148148
0.0531412 -0.011123 0.423675 -0.739978
0.0475786 -0.0119284 0.409728 -0.41744
0.0489817 -0.0108215 0.384817 -0.528219
0.0434968 -0.00865419 0.347368 -0.491794
0.0419616 -0.0115918 0.364672 -0.489362
0.0370672 -0.00775231 0.309449 0.0143529
0.0535021 -0.01311 0.428041 -0.977826
0.0426991 -0.0115642 0.364824 -0.403603
0.0426991 -0.0115642 0.364824 -0.403603
0.0357668 -0.00938587 0.320225 0.014898
0.0497132 -0.00866645 0.387482 -0.233572
0.0613496 -0.0129473 0.482569 -0.935591
0.258306 -0.0374505 0.00626857 -0.286119
0.0454693 -0.0112066 0.374772 -0.509352
0.038715 -0.00760592 0.318993 0.0153931
0.0567191 -0.0126449 0.438863 -0.993104
0.0399366 -0.00855799 0.336112 0.0168182
0.0414135 -0.00951472 0.371702 -0.282082
0.0371778 -0.00837739 0.315745 0.0146649
0.0415815 -0.00840969 0.345612 0.0179367
0.0374134 -0.00923862 0.329751 0.0159718
0.0399366 -0.00855799 0.336112 0.0168182
0.0399366 -0.00855799 0.336112 0.0168182
0.0308989 -0.00877932 0.285752 0.0118171
0.038472 -0.0119487 0.353637 -0.462405
0.0321607 -0.00958459 0.317905 -0.319019
0.0423063 -0.00443252 0.300616 0.0141132
0.036592 -0.0061817 0.311493 -0.33913
0.0361347 -0.00545752 0.276875 0.0117742
0.0260187 -0.00816489 0.251112 0.00906391
0.0294243 -0.00695472 0.254382 0.0095658
0.036592 -0.0061817 0.311493 -0.33913
0.0361347 -0.00545752 0.276875 0.0117742
0.0574108 -0.0130278 0.439086 -1.49384
0.0319537 -0.00627818 0.260829 0.0102227
0.0384785 -0.00674398 0.304973 0.0140773
0.038472 -0.0119487 0.353637 -0.462405
0.0454693 -0.0112066 0.374772 -0.509352
0.0359523 -0.00742265 0.29857 0.0133315
0.0285482 -0.00748835 0.257558 0.00975283
0.0434402 -0.0143549 0.391959 -0.897238
0.029781 -0.00844784 0.274832 0.0108918
0.0441056 -0.00866055 0.349395 -0.412294
0.0372518 -0.0057885 0.287782 0.0127458
0.0513669 -0.0107694 0.404591 -1.00804
0.029781 -0.00844784 0.274832 0.0108918
0.0443696 -0.0114147 0.375612 -0.91413
0.0337723 -0.00665805 0.300293 -0.311549
0.0443696 -0.0114147 0.375612 -0.91413
0.0478464 -0.0110662 0.38895 -0.953043
0.0321607 -0.00958459 0.317905 -0.319019
0.0441056 -0.00866055 0.349395 -0.412294
0.0477477 -0.0165243 0.441591 -1.09683
0.0334258 -0.00810109 0.292163 0.012578
0.0334258 -0.00810109 0.292163 0.012578
0.0331234 -0.00986181 0.31767 -0.428465
0.0192006 -0.00481707 0.21541 0.543751
0.0443696 -0.0114147 0.375612 -0.91413
0.0384785 -0.00674398 0.304973 0.0140773
0.0513669 -0.0107694 0.404591 -1.00804
0.0361347 -0.00545752 0.276875 0.0117742
0.0281289 -0.00859169 0.265226 0.00998844
0.0443696 -0.0114147 0.375612 -0.91413
0.0476001 -0.00828368 0.359961 -0.437061
0.0462079 -0.0111961 0.375607 -0.428801
0.038715 -0.00760592 0.318993 0.0153931
0.0359523 -0.00742265 0.29857 0.0133315
0.0385916 -0.0101881 0.363605 -0.360793
0.0476299 -0.0146527 0.436993 -0.845794
0.0350753 -0.00795582 0.301733 0.0135663
0.0526954 -0.013449 0.443564 -1.19504
0.0225008 -0.00432604 0.222351 0.521676
0.0502221 -0.0135528 0.41665 -0.95721
0.0406319 -0.00903814 0.338689 -0.385694
0.0344184 -0.00258672 0.263965 0.382011
0.0486726 -0.00712901 0.335777 -0.569322
0.067104 -0.0155676 0.557228 -2.87504
0.0296678 -0.00782093 0.268501 0.0106333
0.0336062 -0.00613466 0.27044 0.011108
0.0441056 -0.00866055 0.349395 -0.412294
0.0513669 -0.0107694 0.404591 -1.00804
0.0400289 -0.00905642 0.33755 -0.472132
0.0334258 -0.00810109 0.292163 0.012578
0.0338142 -0.00446664 0.255691 0.328892
0.0502221 -0.0135528 0.41665 -0.95721
0.0526954 -0.013449 0.443564 -1.19504
0.0345417 -0.00843133 0.303055 0.0135695
0.029781 -0.00844784 0.274832 0.0108918
0.0321961 -0.00714366 0.274933 0.0113451
0.0321275 -0.00973608 0.302968 0.0130521
0.0373632 -0.0064142 0.29409 0.0130613
0.0441056 -0.00866055 0.349395 -0.412294
0.0359523 -0.00742265 0.29857 0.0133315
0.0321607 -0.00958459 0.317905 -0.319019
0.0468694 -0.0139686 0.404622 -0.930441
0.03619 -0.00828542 0.312609 0.014594
0.0472712 -0.0100842 0.352942 -0.562918
0.0294164 -0.00504713 0.25109 0.268323
0.0334258 -0.00810109 0.292163 0.012578
0.0334258 -0.00810109 0.292163 0.012578
0.0229245 -0.00575976 0.228677 0.35565
0.0346528 -0.00905687 0.309359 0.0138627
0.0308989 -0.00877932 0.285752 0.0118171
0.0443696 -0.0114147 0.375612 -0.91413
0.0321607 -0.00958459 0.317905 -0.319019
0.0308989 -0.00877932 0.285752 0.0118171
0.0560283 -0.0130482 0.456538 -1.22251
0.0478464 -0.0110662 0.38895 -0.953043
0.0535767 -0.0135252 0.436234 -1.71704
0.0283035 -0.00662149 0.243423 0.00872762
0.0415828 -0.0107259 0.358279 -1.28187
0.0483597 -0.0133001 0.405651 -1.35156
0.0443511 -0.0117159 0.385447 -1.127
0.0535767 -0.0135252 0.436234 -1.71704
0.0283035 -0.00662149 0.243423 0.00872762
0.0443696 -0.0114147 0.375612 -0.91413
0.0229245 -0.00575976 0.228677 0.35565
0.0334258 -0.00810109 0.292163 0.012578
0.0344829 -0.00560145 0.267273 0.0108722
0.0331234 -0.00986181 0.31767 -0.428465
0.0229245 -0.00575976 0.228677 0.35565
0.0283035 -0.00662149 0.243423 0.00872762
0.0507356 -0.00969402 0.363125 -0.58231
0.0406319 -0.00903814 0.338689 -0.385694
0.036592 -0.0061817 0.311493 -0.33913
0.0256519 -0.00726694 0.229787 0.256167
0.0285482 -0.00748835 0.257558 0.00975283
0.0296726 -0.00505764 0.233907 0.00841689
0.0349666 -0.00871721 0.294689 -0.476067
0.0310773 -0.0068116 0.264001 0.0104342
0.0200815 -0.00370559 0.190437 0.541711
0.0384785 -0.00674398 0.304973 0.0140773
0.0426991 -0.0115642 0.364824 -0.403603
0.0454693 -0.0112066 0.374772 -0.509352
0.0368293 -0.00688974 0.295411 0.0130877
0.0310773 -0.0068116 0.264001 0.0104342
0.0321961 -0.00714366 0.274933 0.0113451
0.0334258 -0.00810109 0.292163 0.012578
0.0593411 -0.0126394 0.469278 -1.24704
0.0503379 -0.0104961 0.389077 -1.41371
0.041805 -0.00792388 0.31543 -0.526382
0.0361383 -0.0120519 0.351586 -0.975985
0.0296678 -0.00782093 0.268501 0.0106333
0.0348361 -0.0070923 0.287675 0.0123458
0.0478464 -0.0110662 0.38895 -0.953043
0.0361347 -0.00545752 0.276875 0.0117742
0.0350714 -0.00914261 0.329659 -0.34946
0.041805 -0.00792388 0.31543 -0.526382
0.0294894 -0.00978868 0.290252 0.0119786
0.0270657 -0.00504346 0.232086 0.422177
0.0319537 -0.00627818 0.260829 0.0102227
0.0565313 -0.0164814 0.480599 -1.25057
0.0359523 -0.00742265 0.29857 0.0133315
0.0414135 -0.00951472 0.371702 -0.282082
0.0444472 -0.00767096 0.350131 0.0185209
0.0321397 -0.00192705 0.230194 0.389998
0.036592 -0.0061817 0.311493 -0.33913
0.0285482 -0.00748835 0.257558 0.00975283
0.0308337 -0.00594545 0.249881 0.00935369
0.0406319 -0.00903814 0.338689 -0.385694
0.0406319 -0.00903814 0.338689 -0.385694
0.0526954 -0.013449 0.443564 -1.19504
0.0302862 -0.00462705 0.241853 0.387089
0.0349037 -0.00449918 0.259625 0.0105378
0.0443696 -0.0114147 0.375612 -0.91413
0.0294164 -0.00504713 0.25109 0.268323
0.0337723 -0.00665805 0.300293 -0.311549
0.0368293 -0.00688974 0.295411 0.0130877
0.0544842 -0.0152925 0.44891 -0.917442
0.0444436 -0.00909321 0.383353 -0.308928
0.0442111 -0.00835086 0.358206 0.0191519
0.0910881 -0.0139651 0.60896 -1.54233
0.0499841 -0.00773506 0.436243 -0.251944
0.0335338 -0.00365921 0.287649 0.40478
0.0502526 -0.00668849 0.375379 0.0217178
0.0395383 -0.00856759 0.348112 -1.01446
0.0232499 -0.00318085 0.197393 0.517993
0.041805 -0.00792388 0.31543 -0.526382
0.0337723 -0.00665805 0.300293 -0.311549
0.0314467 -0.00372877 0.269281 0.523077
0.0462079 -0.0111961 0.375607 -0.428801
0.0434716 -0.00836576 0.347189 -0.300219
0.0434968 -0.00865419 0.347368 -0.491794
