-0.107445 -0.00661015 -0.564526 -5.68527
-0.107445 -0.00661015 -0.564526 -5.68527
-0.107445 -0.00661015 -0.564526 -5.68527
-0.107445 -0.00661015 -0.564526 -5.68527
-0.107445 -0.00661015 -0.564526 -5.68527
-0.107445 -0.00661015 -0.564526 -5.68527
-0.107445 -0.00661015 -0.564526 -5.68527
-0.107445 -0.00661015 -0.564526 -5.68527
-0.107445 -0.00661015 -0.564526 -5.68527
-0.107445 -0.00661015 -0.564526 -5.68527
-0.107445 -0.00661015 -0.564526 -5.68527
-0.107445 -0.00661015 -0.564526 -5.68527
-0.107445 -0.00661015 -0.564526 -5.68527
-0.107445 -0.00661015 -0.564526 -5.68527
-0.107445 -0.00661015 -0.564526 -5.68527
-0.107445 -0.00661015 -0.564526 -5.68527
-0.107445 -0.00661015 -0.564526 -5.68527
-0.107445 -0.00661015 -0.564526 -5.68527
-0.107445 -0.00661015 -0.564526 -5.68527
-0.107445 -0.00661015 -0.564526 -5.68527
-0.107445 -0.00661015 -0.564526 -5.68527
-0.107445 -0.00661015 -0.564526 -5.68527
20.8852 -1.42823 -169.284 -7.25269
-0.107445 -0.00661015 -0.564526 -5.68527
-0.107445 -0.00661015 -0.564526 -5.68527
-0.107445 -0.00661015 -0.564526 -5.68527
-6.58978 0.584399 37.8871 -5.23078
-0.107445 -0.00661015 -0.564526 -5.68527
-0.107445 -0.00661015 -0.564526 -5.68527
-0.107445 -0.00661015 -0.564526 -5.68527
-0.107445 -0.00661015 -0.564526 -5.68527
-0.107445 -0.00661015 -0.564526 -5.68527
-0.107445 -0.00661015 -0.564526 -5.68527
-0.107445 -0.00661015 -0.564526 -5.68527
-0.107445 -0.00661015 -0.564526 -5.68527
-0.107445 -0.00661015 -0.564526 -5.68527
-0.107445 -0.00661015 -0.564526 -5.68527
-0.107445 -0.00661015 -0.564526 -5.68527
-0.107445 -0.00661015 -0.564526 -5.68527
-0.107445 -0.00661015 -0.564526 -5.68527
-0.107445 -0.00661015 -0.564526 -5.68527
10.2988 -0.698063 -92.8278 -8.52259
-0.217787 0.00417668 0.0135291 1.96794
-0.107445 -0.00661015 -0.564526 -5.68527
11.2549 -0.753374 -96.9838 -7.71723
-0.107445 -0.00661015 -0.564526 -5.68527
-0.107445 -0.00661015 -0.564526 -5.68527
-0.107445 -0.00661015 -0.564526 -5.68527
-0.107445 -0.00661015 -0.564526 -5.68527
-0.107445 -0.00661015 -0.564526 -5.68527
-0.221263 0.00478346 0.015748 1.95178
-0.107445 -0.00661015 -0.564526 -5.68527
-0.107445 -0.00661015 -0.564526 -5.68527
-0.107445 -0.00661015 -0.564526 -5.68527
-0.107445 -0.00661015 -0.564526 -5.68527
-0.107445 -0.00661015 -0.564526 -5.68527
-0.107445 -0.00661015 -0.564526 -5.68527
-0.107445 -0.00661015 -0.564526 -5.68527
-0.107445 -0.00661015 -0.564526 -5.68527
-0.107445 -0.00661015 -0.564526 -5.68527
-0.107445 -0.00661015 -0.564526 -5.68527
-0.107445 -0.00661015 -0.564526 -5.68527
-0.107445 -0.00661015 -0.564526 -5.68527
-0.107445 -0.00661015 -0.564526 -5.68527
-0.107445 -0.00661015 -0.564526 -5.68527
-0.107445 -0.00661015 -0.564526 -5.68527
-0.107445 -0.00661015 -0.564526 -5.68527
-0.107445 -0.00661015 -0.564526 -5.68527
-0.107445 -0.00661015 -0.564526 -5.68527
-0.107445 -0.00661015 -0.564526 -5.68527
-0.107445 -0.00661015 -0.564526 -5.68527
-0.107445 -0.00661015 -0.564526 -5.68527
-0.107445 -0.00661015 -0.564526 -5.68527
-0.107445 -0.00661015 -0.564526 -5.68527
-0.107445 -0.00661015 -0.564526 -5.68527
-0.180526 -0.0036133 0.00576052 2.98277
-0.107445 -0.00661015 -0.564526 -5.68527
-0.107445 -0.00661015 -0.564526 -5.68527
-0.107445 -0.00661015 -0.564526 -5.68527
-0.107445 -0.00661015 -0.564526 -5.68527
-0.107445 -0.00661015 -0.564526 -5.68527
-0.107445 -0.00661015 -0.564526 -5.68527
-0.107445 -0.00661015 -0.564526 -5.68527
-0.107445 -0.00661015 -0.564526 -5.68527
-0.107445 -0.00661015 -0.564526 -5.68527
-8.517 0.716006 54.5684 -5.90205
-0.107445 -0.00661015 -0.564526 -5.68527
-0.107445 -0.00661015 -0.564526 -5.68527
-0.107445 -0.00661015 -0.564526 -5.68527
-0.107445 -0.00661015 -0.564526 -5.68527
10.9585 -0.745587 -91.7593 -7.45789
-0.107445 -0.00661015 -0.564526 -5.68527
-0.107445 -0.00661015 -0.564526 -5.68527
-0.107445 -0.00661015 -0.564526 -5.68527
-0.107445 -0.00661015 -0.564526 -5.68527
-0.107445 -0.00661015 -0.564526 -5.68527
-0.22489 0.00545979 0.0169694 1.95148
-0.107445 -0.00661015 -0.564526 -5.68527
-0.107445 -0.00661015 -0.564526 -5.68527
-0.107445 -0.00661015 -0.564526 -5.68527
-0.107445 -0.00661015 -0.564526 -5.68527
9.52843 -0.658648 -78.0142 -7.24462
-0.107445 -0.00661015 -0.564526 -5.68527
-0.107445 -0.00661015 -0.564526 -5.68527
-0.107445 -0.00661015 -0.564526 -5.68527
-0.107445 -0.00661015 -0.564526 -5.68527
-0.107445 -0.00661015 -0.564526 -5.68527
11.0252 -0.730989 -96.5591 -7.85807
-0.107445 -0.00661015 -0.564526 -5.68527
-0.107445 -0.00661015 -0.564526 -5.68527
-0.107445 -0.00661015 -0.564526 -5.68527
0.510361 -0.15081 -4.80058e-05 1.99988
-0.107445 -0.00661015 -0.564526 -5.68527
-0.107445 -0.00661015 -0.564526 -5.68527
-0.107445 -0.00661015 -0.564526 -5.68527
-0.107445 -0.00661015 -0.564526 -5.68527
-0.233611 0.00696748 0.0214544 1.94404
-8.79586 0.73674 56.8178 -5.95392
-0.107445 -0.00661015 -0.564526 -5.68527
-0.107445 -0.00661015 -0.564526 -5.68527
-0.107445 -0.00661015 -0.564526 -5.68527
-0.107445 -0.00661015 -0.564526 -5.68527
-0.107445 -0.00661015 -0.564526 -5.68527
-0.107445 -0.00661015 -0.564526 -5.68527
-0.107445 -0.00661015 -0.564526 -5.68527
-0.107445 -0.00661015 -0.564526 -5.68527
-0.107445 -0.00661015 -0.564526 -5.68527
-0.107445 -0.00661015 -0.564526 -5.68527
-0.225864 0.00563457 0.0172231 1.95358
8.91491 -0.610967 -74.5889 -7.42021
-0.107445 -0.00661015 -0.564526 -5.68527
-0.107445 -0.00661015 -0.564526 -5.68527
6.93439 -0.472899 -59.3536 -7.56381
-0.107445 -0.00661015 -0.564526 -5.68527
-0.107445 -0.00661015 -0.564526 -5.68527
-0.107445 -0.00661015 -0.564526 -5.68527
-0.107445 -0.00661015 -0.564526 -5.68527
-0.107445 -0.00661015 -0.564526 -5.68527
-0.194484 0.000444951 -0.000792695 3.00214
-7.63369 0.666302 45.5958 -5.4487
-0.190361 -0.000725719 0.00110351 2.99649
-0.232844 0.00675777 0.0216365 1.94448
-0.107445 -0.00661015 -0.564526 -5.68527
-0.107445 -0.00661015 -0.564526 -5.68527
-0.107445 -0.00661015 -0.564526 -5.68527
-0.107445 -0.00661015 -0.564526 -5.68527
-0.107445 -0.00661015 -0.564526 -5.68527
-0.107445 -0.00661015 -0.564526 -5.68527
-0.192219 -0.000253073 0.000504306 2.99847
-0.23428 0.00713375 0.0217886 1.94705
-0.191379 -0.00052219 0.000965844 2.99671
-0.107445 -0.00661015 -0.564526 -5.68527
-0.233611 0.00696748 0.0214544 1.94404
-0.107445 -0.00661015 -0.564526 -5.68527
-0.107445 -0.00661015 -0.564526 -5.68527
-7.4409 0.640413 45.4572 -5.60245
-0.233611 0.00696748 0.0214544 1.94404
-0.107445 -0.00661015 -0.564526 -5.68527
-0.107445 -0.00661015 -0.564526 -5.68527
-0.217042 0.00405612 0.0128333 1.96739
-0.107445 -0.00661015 -0.564526 -5.68527
-0.107445 -0.00661015 -0.564526 -5.68527
-0.520918 0.127818 -0.103673 3.43469
-0.107445 -0.00661015 -0.564526 -5.68527
-1.41517 0.0112096 11.9322 -5.49785
-0.107445 -0.00661015 -0.564526 -5.68527
0.510361 -0.15081 -4.80058e-05 1.99988
-0.191529 -0.000405275 0.000919789 2.99714
-0.107445 -0.00661015 -0.564526 -5.68527
-0.221726 0.00491862 0.0156964 1.95663
-0.107445 -0.00661015 -0.564526 -5.68527
10.8124 -0.688939 -101.117 -8.46657
-0.107445 -0.00661015 -0.564526 -5.68527
-0.107445 -0.00661015 -0.564526 -5.68527
-0.107445 -0.00661015 -0.564526 -5.68527
-7.4409 0.640413 45.4572 -5.60245
-0.107445 -0.00661015 -0.564526 -5.68527
-6.58978 0.584399 37.8871 -5.23078
-0.547057 0.135103 -0.0245636 2.2521
-0.22489 0.00545979 0.0169694 1.95148
-0.345411 0.0812786 0.0097255 2.95355
-0.107445 -0.00661015 -0.564526 -5.68527
0.478784 -0.143869 -0.00123509 1.99678
-0.107445 -0.00661015 -0.564526 -5.68527
-0.107445 -0.00661015 -0.564526 -5.68527
-0.564697 0.14245 -0.112246 3.43436
-0.107445 -0.00661015 -0.564526 -5.68527
6.74615 -0.602567 -42.3061 -5.82025
-0.221726 0.00491862 0.0156964 1.95663
-0.107445 -0.00661015 -0.564526 -5.68527
-0.107445 -0.00661015 -0.564526 -5.68527
-0.107445 -0.00661015 -0.564526 -5.68527
-0.223065 0.00513883 0.016386 1.95097
-0.107445 -0.00661015 -0.564526 -5.68527
-6.18168 0.556581 34.4366 -5.04726
-0.107445 -0.00661015 -0.564526 -5.68527
0.510361 -0.15081 -4.80058e-05 1.99988
0.0399705 -0.000374364 0.237952 0.00904297
0.021048 -0.00253576 0.164249 0.54506
-0.107445 -0.00661015 -0.564526 -5.68527
9.56402 -0.655644 -79.4079 -7.36263
-0.107445 -0.00661015 -0.564526 -5.68527
-0.22489 0.00545979 0.0169694 1.95148
0.179034 -0.0252358 -0.000398691 1.99876
9.52843 -0.658648 -78.0142 -7.24462
-0.107445 -0.00661015 -0.564526 -5.68527
-0.107445 -0.00661015 -0.564526 -5.68527
-9.55574 0.644509 76.3975 -7.01772
-0.107445 -0.00661015 -0.564526 -5.68527
-6.58978 0.584399 37.8871 -5.23078
-0.191379 -0.00052219 0.000965844 2.99671
-9.31972 0.594853 81.814 -7.86036
-0.107445 -0.00661015 -0.564526 -5.68527
-9.74613 0.985061 38.3589 -2.82188
-0.191379 -0.00052219 0.000965844 2.99671
-0.0998958 3.6936e-05 0.000251141 1.99902
9.23218 -0.636782 -76.1644 -7.30678
-0.107445 -0.00661015 -0.564526 -5.68527
-0.107445 -0.00661015 -0.564526 -5.68527
9.0843 -0.932281 -36.6176 -2.93939
7.99994 -0.678417 -54.0737 -6.30937
-0.107445 -0.00661015 -0.564526 -5.68527
-0.107445 -0.00661015 -0.564526 -5.68527
0.172695 -0.0217884 -0.00112277 1.99651
-10.4416 0.700589 84.1438 -7.09076
-0.189647 -0.000974099 0.00148088 2.99519
-8.438 0.695725 55.7868 -6.12443
-0.0992925 0.000413293 0.000319991 1.99875
-0.215065 0.00375295 0.0121517 1.9577
0.0448828 -0.00744216 0.373668 -1.96272
-0.111807 0.000659457 4.42779e-05 1.99981
0.0409851 -0.00238034 0.271939 -0.515221
9.92372 -0.979771 -43.2671 -3.3031
-0.107445 -0.00661015 -0.564526 -5.68527
-0.223912 0.00522663 0.0166713 1.9602
0.346925 -0.127953 0.468498 -2.76577
-0.557435 0.141876 -0.113339 3.44186
0.577946 -0.166631 0.101238 3.37346
-0.107445 -0.00661015 -0.564526 -5.68527
0.0670116 0.000775184 0.000526551 1.99486
-10.5519 0.800999 68.8413 -5.52644
-0.14663 0.0568001 -0.293292 -1.29679
-0.162329 -0.00756604 0.0146806 2.95107
0.188349 -0.0692591 -0.0544875 3.47702
0.246675 -0.0864755 0.00165149 1.98287
0.49112 -0.150312 0.119664 3.45293
-0.791468 0.0798639 0.930113 0.479769
9.90201 -1.03165 -38.3471 -2.77368
-10.2016 0.664813 89.7177 -7.97961
-5.01514 0.475235 24.9916 -4.43785
-0.107445 -0.00661015 -0.564526 -5.68527
-7.94894 0.824386 28.9939 -2.49433
5.62874 -0.426121 -50.7049 -9.00783
-0.107445 -0.00661015 -0.564526 -5.68527
3.64052 -0.479367 -8.60191 -0.991906
6.03127 -0.531074 -39.648 -6.21988
