0.0400257 -0.0123904 0.38614 -0.273766
0.0371778 -0.00837739 0.315745 0.0146649
0.0343025 -0.00756797 0.288999 0.0123586
-0.598946 0.0503728 0.795488 -0.0533761
-0.0508503 -0.0200783 -0.0833561 -3.51201
0.0581568 -0.00715288 0.391004 -0.502112
0.0635825 -0.0158036 0.506243 -1.29598
0.0568168 -0.0100867 0.407098 -0.494403
0.0669938 -0.0183038 0.520986 -1.09571
0.0598852 -0.012163 0.449229 -1.00414
0.081984 -0.0205036 0.689248 -2.52975
-0.0744443 -0.0253759 -0.000557081 1.99179
0.010502 -0.0243892 -0.0334295 3.22325
0.0553029 -0.015151 0.437799 -0.750588
0.0635825 -0.0158036 0.506243 -1.29598
0.0511095 -0.00790703 0.370408 -0.460187
0.0509125 -0.0160266 0.451683 -1.105
0.0321275 -0.00973608 0.302968 0.0130521
0.0477477 -0.0165243 0.441591 -1.09683
-2.70061 0.169851 20.6339 -6.09402
0.0691479 -0.0220595 0.616324 -1.82577
0.0672779 -0.0157073 0.530735 -1.5235
0.0426991 -0.0115642 0.364824 -0.403603
0.0567191 -0.0126449 0.438863 -0.993104
0.03989 -0.00573588 0.300501 0.0137686
0.0512594 -0.0142508 0.449645 -0.88196
0.0607337 -0.0159222 0.478566 -1.06818
0.0335897 -0.0115526 0.334163 0.0155835
0.0592927 -0.0156358 0.493269 -0.875368
0.0399366 -0.00855799 0.336112 0.0168182
0.047507 -0.00867372 0.394844 -0.334094
0.0531522 -0.00857342 0.403802 -0.365202
0.0477477 -0.0165243 0.441591 -1.09683
0.0321275 -0.00973608 0.302968 0.0130521
0.0569489 -0.0186302 0.494101 -1.59111
0.0476299 -0.0146527 0.436993 -0.845794
0.0334258 -0.00810109 0.292163 0.012578
0.0472712 -0.0100842 0.352942 -0.562918
0.0294243 -0.00695472 0.254382 0.0095658
0.0350714 -0.00914261 0.329659 -0.34946
0.0412395 -0.00692617 0.325372 0.0161839
0.0567191 -0.0126449 0.438863 -0.993104
0.0497331 -0.0108274 0.386236 -0.452221
0.0340825 -0.00830051 0.306101 0.250011
0.0447835 -0.00915055 0.370291 0.0203752
0.0497331 -0.0108274 0.386236 -0.452221
0.0433376 -0.00734475 0.339326 0.0173659
0.0672154 -0.0154895 0.519495 -1.32134
0.0283717 -0.00945732 0.279336 0.0110481
0.0246795 -0.00826485 0.253113 0.300767
0.0274956 -0.00999112 0.282514 0.0112094
0.0438116 -0.0104733 0.342663 -0.542005
0.0557747 -0.0161654 0.468876 -1.69059
0.0336062 -0.00613466 0.27044 0.011108
0.0281289 -0.00859169 0.265226 0.00998844
0.0308989 -0.00877932 0.285752 0.0118171
0.0384785 -0.00674398 0.304973 0.0140773
0.0441056 -0.00866055 0.349395 -0.412294
0.0389018 -0.00564359 0.297358 0.0137157
0.0406319 -0.00903814 0.338689 -0.385694
0.0420077 -0.00978143 0.373508 -0.381014
0.0419616 -0.0115918 0.364672 -0.489362
0.0472712 -0.0100842 0.352942 -0.562918
0.0371778 -0.00837739 0.315745 0.0146649
0.0296019 -0.0104151 0.296573 0.0122338
0.0369127 -0.0112479 0.321751 -0.494751
0.0246795 -0.00826485 0.253113 0.300767
0.0343025 -0.00756797 0.288999 0.0123586
0.0698876 -0.0187072 0.62337 -3.26334
0.0370117 -0.00492453 0.273713 0.0115138
0.0459482 -0.014216 0.416806 -1.12978
0.0337723 -0.00665805 0.300293 -0.311549
0.0412395 -0.00692617 0.325372 0.0161839
0.0580453 -0.0134031 0.472114 -0.92208
0.0497331 -0.0108274 0.386236 -0.452221
0.0515273 -0.0139153 0.436415 -0.701945
0.0441056 -0.00866055 0.349395 -0.412294
0.0502221 -0.0135528 0.41665 -0.95721
0.0359523 -0.00742265 0.29857 0.0133315
0.0535021 -0.01311 0.428041 -0.977826
0.0552123 -0.0196755 0.506488 -1.39616
0.0271198 -0.0089715 0.287092 0.302052
0.0405132 -0.0145204 0.381234 -0.483429
0.0326727 -0.00530919 0.275524 0.379725
0.0567191 -0.0126449 0.438863 -0.993104
0.0566668 -0.0107834 0.437329 -0.779151
0.0565313 -0.0164814 0.480599 -1.25057
0.0440155 -0.0122993 0.399462 -0.396512
0.0489817 -0.0108215 0.384817 -0.528219
0.0410043 -0.00606509 0.311371 0.0148148
0.0401267 -0.0065978 0.314522 0.0150978
0.0406319 -0.00903814 0.338689 -0.385694
0.0583284 -0.0131162 0.459653 -0.749978
0.0431333 -0.0119887 0.397947 -0.30101
0.0497331 -0.0108274 0.386236 -0.452221
0.0549474 -0.0135226 0.448161 -0.727296
0.0349906 -0.0123441 0.343636 -0.441305
0.0536423 -0.0190393 0.482842 -1.58699
0.0541287 -0.0192666 0.497924 -1.87728
0.0406319 -0.00903814 0.338689 -0.385694
0.0319537 -0.00627818 0.260829 0.0102227
0.036592 -0.0061817 0.311493 -0.33913
0.0368334 -0.0119353 0.346061 -0.802401
0.0321607 -0.00958459 0.317905 -0.319019
0.0502221 -0.0135528 0.41665 -0.95721
0.0428096 -0.0079388 0.31521 -0.425695
0.0512886 -0.0110299 0.413962 -1.21131
0.0321961 -0.00714366 0.274933 0.0113451
0.0373632 -0.0064142 0.29409 0.0130613
0.0334258 -0.00810109 0.292163 0.012578
0.0419616 -0.0115918 0.364672 -0.489362
0.0478464 -0.0110662 0.38895 -0.953043
0.0296976 -0.0102668 0.307594 -0.404276
0.0256002 -0.00926871 0.258789 0.00926612
0.02672 -0.00960132 0.269735 0.0101245
0.0310773 -0.0068116 0.264001 0.0104342
0.0443696 -0.0114147 0.375612 -0.91413
0.0535021 -0.01311 0.428041 -0.977826
0.0296678 -0.00782093 0.268501 0.0106333
0.0319537 -0.00627818 0.260829 0.0102227
0.0478464 -0.0110662 0.38895 -0.953043
0.0350714 -0.00914261 0.329659 -0.34946
0.0344829 -0.00560145 0.267273 0.0108722
0.0331234 -0.00986181 0.31767 -0.428465
0.0434968 -0.00865419 0.347368 -0.491794
0.0472224 -0.016841 0.454913 -1.30906
0.0557747 -0.0161654 0.468876 -1.69059
0.0443696 -0.0114147 0.375612 -0.91413
0.0274956 -0.00999112 0.282514 0.0112094
0.0315201 -0.0127391 0.333519 -0.418554
0.0434402 -0.0143549 0.391959 -0.897238
0.0267433 -0.00559056 0.240821 0.301746
0.0334258 -0.00810109 0.292163 0.012578
0.0478464 -0.0110662 0.38895 -0.953043
0.0285482 -0.00748835 0.257558 0.00975283
0.0319537 -0.00627818 0.260829 0.0102227
0.03989 -0.00573588 0.300501 0.0137686
0.0384785 -0.00674398 0.304973 0.0140773
0.0546838 -0.0138388 0.461159 -0.904384
0.0359523 -0.00742265 0.29857 0.0133315
0.0462079 -0.0111961 0.375607 -0.428801
0.0346528 -0.00905687 0.309359 0.0138627
0.0419616 -0.0115918 0.364672 -0.489362
0.0454693 -0.0112066 0.374772 -0.509352
0.0331234 -0.00986181 0.31767 -0.428465
0.0684185 -0.0219001 0.676181 -3.64513
0.0598765 -0.018405 0.521096 -1.85859
0.0302862 -0.00462705 0.241853 0.387089
0.0305134 -0.0045148 0.23071 0.00822293
0.0450175 -0.0103749 0.37225 -1.32218
0.0256519 -0.00726694 0.229787 0.256167
0.0308337 -0.00594545 0.249881 0.00935369
0.0535021 -0.01311 0.428041 -0.977826
0.0454693 -0.0112066 0.374772 -0.509352
0.0406319 -0.00903814 0.338689 -0.385694
0.0336062 -0.00613466 0.27044 0.011108
0.0535021 -0.01311 0.428041 -0.977826
0.0502221 -0.0135528 0.41665 -0.95721
0.0502221 -0.0135528 0.41665 -0.95721
0.0334258 -0.00810109 0.292163 0.012578
0.0258442 -0.0101351 0.272915 0.0102708
0.0308989 -0.00877932 0.285752 0.0118171
0.0274956 -0.00999112 0.282514 0.0112094
0.0320157 -0.00911011 0.296656 0.0127778
0.0267433 -0.00559056 0.240821 0.301746
0.0343025 -0.00756797 0.288999 0.0123586
0.0232499 -0.00318085 0.197393 0.517993
0.0308989 -0.00877932 0.285752 0.0118171
0.036592 -0.0061817 0.311493 -0.33913
0.0434968 -0.00865419 0.347368 -0.491794
0.0406319 -0.00903814 0.338689 -0.385694
0.0443696 -0.0114147 0.375612 -0.91413
0.0350714 -0.00914261 0.329659 -0.34946
0.0331234 -0.00986181 0.31767 -0.428465
0.0419616 -0.0115918 0.364672 -0.489362
0.0286114 -0.00806783 0.262768 0.26718
0.0294243 -0.00695472 0.254382 0.0095658
0.0281289 -0.00859169 0.265226 0.00998844
0.0283717 -0.00945732 0.279336 0.0110481
0.0286114 -0.00806783 0.262768 0.26718
0.0294243 -0.00695472 0.254382 0.0095658
0.0443696 -0.0114147 0.375612 -0.91413
0.0268946 -0.00763107 0.24793 0.00890139
0.0280152 -0.00796419 0.258886 0.00974484
0.0408616 -0.0117511 0.362143 -0.872325
0.0319537 -0.00627818 0.260829 0.0102227
0.0319537 -0.00627818 0.260829 0.0102227
0.0229245 -0.00575976 0.228677 0.35565
0.0322063 -0.00438593 0.240487 0.00900964
0.0281289 -0.00859169 0.265226 0.00998844
0.0334258 -0.00810109 0.292163 0.012578
0.0319537 -0.00627818 0.260829 0.0102227
0.0256519 -0.00726694 0.229787 0.256167
0.0256519 -0.00726694 0.229787 0.256167
0.0260187 -0.00816489 0.251112 0.00906391
0.0321275 -0.00973608 0.302968 0.0130521
0.0349666 -0.00871721 0.294689 -0.476067
0.0330727 -0.00661028 0.271763 0.0111275
0.0168692 -0.00404407 0.179569 0.589924
0.029781 -0.00844784 0.274832 0.0108918
0.0349666 -0.00871721 0.294689 -0.476067
0.0308337 -0.00594545 0.249881 0.00935369
0.0358241 -0.00565207 0.278027 -0.474255
0.0308427 -0.00893767 0.283395 -0.433001
0.0567191 -0.0126449 0.438863 -0.993104
0.0419616 -0.0115918 0.364672 -0.489362
0.0454693 -0.0112066 0.374772 -0.509352
0.0368293 -0.00688974 0.295411 0.0130877
0.0292479 -0.00892376 0.27616 0.0108772
0.0408616 -0.0117511 0.362143 -0.872325
0.0229245 -0.00575976 0.228677 0.35565
0.0350753 -0.00795582 0.301733 0.0135663
0.0349666 -0.00871721 0.294689 -0.476067
0.0319537 -0.00627818 0.260829 0.0102227
0.0209325 -0.00517221 0.194663 0.361948
0.0283035 -0.00662149 0.243423 0.00872762
0.0350714 -0.00914261 0.329659 -0.34946
0.0348361 -0.0070923 0.287675 0.0123458
0.0526954 -0.013449 0.443564 -1.19504
0.0323087 -0.00777018 0.281256 0.0116227
0.0259502 -0.00286714 0.212343 0.45216
0.0331234 -0.00986181 0.31767 -0.428465
0.0294243 -0.00695472 0.254382 0.0095658
0.0311905 -0.00743858 0.270332 0.0107025
0.044043 -0.0141433 0.391475 -0.503626
0.0468694 -0.0139686 0.404622 -0.930441
0.0359523 -0.00742265 0.29857 0.0133315
0.0420077 -0.00978143 0.373508 -0.381014
0.0322063 -0.00438593 0.240487 0.00900964
0.0478464 -0.0110662 0.38895 -0.953043
0.019869 -0.00620183 0.218638 0.393402
0.0310773 -0.0068116 0.264001 0.0104342
0.0502221 -0.0135528 0.41665 -0.95721
0.0347241 -0.00646618 0.28136 0.0120494
0.0336214 -0.0048581 0.259237 0.242567
0.0443696 -0.0114147 0.375612 -0.91413
0.0400289 -0.00905642 0.33755 -0.472132
0.0321607 -0.00958459 0.317905 -0.319019
0.0321607 -0.00958459 0.317905 -0.319019
0.0365693 -0.00945868 0.327653 -0.451053
0.0262992 -0.00614206 0.255758 0.44286
0.0779017 -0.0250532 0.699682 -2.91813
0.0489817 -0.0108215 0.384817 -0.528219
0.0335897 -0.0115526 0.334163 0.0155835
0.0592488 -0.00751115 0.423185 -0.315594
0.330484 -0.0528965 0.00399856 -0.480366
0.0651991 -0.0161745 0.521377 -0.99942
0.0808473 -0.0172755 0.58841 -1.37365
0.0232499 -0.00318085 0.197393 0.517993
0.0403579 -0.0108612 0.332273 -0.519366
0.0336062 -0.00613466 0.27044 0.011108
0.0408616 -0.0117511 0.362143 -0.872325
0.0384785 -0.00674398 0.304973 0.0140773
0.0655273 -0.0188192 0.571532 -2.36156
0.0265663 -0.00361893 0.251231 0.353401
0.0349037 -0.00449918 0.259625 0.0105378
