0.0261999 -0.0116277 0.293352 0.0115457
0.0256673 -0.0121038 0.294686 0.0114867
0.0209723 -0.0149547 0.302342 0.0108808
-0.751096 -0.0358125 7.2316 -5.24788
-0.229354 0.0062621 0.0188636 1.9546
0.0568168 -0.0100867 0.407098 -0.494403
0.0357668 -0.00938587 0.320225 0.014898
0.0749166 -0.0211259 0.655482 -2.47602
0.0440155 -0.0122993 0.399462 -0.396512
0.0598921 -0.0160865 0.492182 -1.26419
0.0749166 -0.0211259 0.655482 -2.47602
0.970304 -0.103756 -5.68474 -4.20127
0.506886 -0.125764 -0.425814 -1.17174
0.0326609 -0.00926031 0.301641 0.013068
0.03619 -0.00828542 0.312609 0.014594
0.0438116 -0.0104733 0.342663 -0.542005
0.0541287 -0.0192666 0.497924 -1.87728
0.0345596 -0.0141193 0.336241 -0.571039
0.0152944 -0.0120351 0.251448 0.267035
3.92242 -0.368881 -23.7707 -5.86304
0.229837 -0.047276 -0.0135188 2.23454
0.0441056 -0.00866055 0.349395 -0.412294
0.0296019 -0.0104151 0.296573 0.0122338
0.0406319 -0.00903814 0.338689 -0.385694
0.0350753 -0.00795582 0.301733 0.0135663
0.0346528 -0.00905687 0.309359 0.0138627
0.0233949 -0.00674789 0.24966 0.452505
0.311292 -0.0519847 -0.154314 0.157964
-0.16437 0.0220316 0.525568 0.307062
0.0346528 -0.00905687 0.309359 0.0138627
0.0512594 -0.0142508 0.449645 -0.88196
0.0567191 -0.0126449 0.438863 -0.993104
0.0258442 -0.0101351 0.272915 0.0102708
0.0356029 -0.017817 0.38681 -0.454238
0.0337266 -0.0180573 0.389512 -0.955003
0.0417878 -0.0123996 0.395596 -0.802044
0.0225008 -0.00432604 0.222351 0.521676
0.0321961 -0.00714366 0.274933 0.0113451
0.0280666 -0.0131343 0.323275 -0.394009
0.0292479 -0.00892376 0.27616 0.0108772
0.0302862 -0.00462705 0.241853 0.387089
0.0302862 -0.00462705 0.241853 0.387089
0.0537789 -0.0159896 0.480046 -1.35282
0.0281927 -0.0114246 0.301078 0.012352
0.0360023 -0.0102471 0.334231 0.016192
0.0493854 -0.0169681 0.461136 -0.828612
0.0598921 -0.0160865 0.492182 -1.26419
0.0454693 -0.0112066 0.374772 -0.509352
0.0280666 -0.0131343 0.323275 -0.394009
0.0410476 -0.0195958 0.437853 -1.455
0.0170246 -0.0107194 0.222662 0.327439
0.038472 -0.0119487 0.353637 -0.462405
0.0459482 -0.014216 0.416806 -1.12978
0.029781 -0.00844784 0.274832 0.0108918
0.0299799 -0.0156497 0.349903 -0.414112
0.0315201 -0.0127391 0.333519 -0.418554
0.0350714 -0.00914261 0.329659 -0.34946
0.0334258 -0.00810109 0.292163 0.012578
0.0308989 -0.00877932 0.285752 0.0118171
0.0453189 -0.0173205 0.4356 -1.11745
0.0294894 -0.00978868 0.290252 0.0119786
0.0380026 -0.0137217 0.346295 -0.590195
0.044834 -0.0166415 0.415335 -0.861648
0.0434402 -0.0143549 0.391959 -0.897238
0.020134 -0.00829425 0.208572 0.335933
0.00782552 -0.00634824 0.176244 0.747074
0.0268447 -0.0156438 0.346585 -0.878775
0.038472 -0.0119487 0.353637 -0.462405
0.0334258 -0.00810109 0.292163 0.012578
0.0591711 -0.0159771 0.496689 -1.99868
0.192969 -0.0342103 0.0113112 -0.177036
0.0331234 -0.00986181 0.31767 -0.428465
0.0502221 -0.0135528 0.41665 -0.95721
0.0371778 -0.00837739 0.315745 0.0146649
0.0419616 -0.0115918 0.364672 -0.489362
0.0243102 -0.00950295 0.277473 0.328466
0.0296019 -0.0104151 0.296573 0.0122338
0.0315201 -0.0127391 0.333519 -0.418554
0.0292479 -0.00892376 0.27616 0.0108772
0.0425233 -0.0145785 0.403045 -1.09177
0.0299799 -0.0156497 0.349903 -0.414112
0.0321072 -0.0145531 0.326866 -0.45786
0.01849 -0.0144932 0.270646 0.308459
0.0404712 -0.0126721 0.389121 -0.374494
0.0489817 -0.0108215 0.384817 -0.528219
0.0739258 -0.0183243 0.592425 -2.01749
0.0404338 -0.0153137 0.411273 -0.77779
0.0440407 -0.0149863 0.424148 -0.812553
0.0346528 -0.00905687 0.309359 0.0138627
0.0784231 -0.0221523 0.744917 -3.9779
0.0333557 -0.0102732 0.351328 -0.311953
0.012955 -0.00679506 0.215412 0.638355
0.031251 -0.0102695 0.306136 0.0132401
0.0294201 -0.0123806 0.318277 0.013584
0.0477477 -0.0165243 0.441591 -1.09683
0.0271198 -0.0089715 0.287092 0.302052
0.0209028 -0.012118 0.266411 0.00887652
0.0148544 -0.00933645 0.220587 0.42639
0.0105374 -0.0100074 0.217165 0.357834
0.0323087 -0.00777018 0.281256 0.0116227
0.0434402 -0.0143549 0.391959 -0.897238
0.0350714 -0.00914261 0.329659 -0.34946
0.0372056 -0.0165606 0.401088 -1.56768
0.0244418 -0.00839358 0.242974 0.00838665
0.0321607 -0.00958459 0.317905 -0.319019
0.0557747 -0.0161654 0.468876 -1.69059
0.0407434 -0.0119818 0.368942 -1.06192
0.0233163 -0.0108126 0.26649 0.0094848
0.0472224 -0.016841 0.454913 -1.30906
0.0224772 -0.0131714 0.311931 -0.340753
0.0273166 -0.0119584 0.304255 0.0124967
0.0390597 -0.0149263 0.389103 -1.05049
0.0169681 -0.0138064 0.264522 0.0080027
0.0169681 -0.0138064 0.264522 0.0080027
0.0178429 -0.013272 0.261325 0.00795696
0.0192006 -0.00481707 0.21541 0.543751
0.0443696 -0.0114147 0.375612 -0.91413
0.0343025 -0.00756797 0.288999 0.0123586
0.0150892 -0.00678623 0.191767 0.572387
0.0368334 -0.0119353 0.346061 -0.802401
0.0349666 -0.00871721 0.294689 -0.476067
0.0281289 -0.00859169 0.265226 0.00998844
0.0283035 -0.00662149 0.243423 0.00872762
0.0280145 -0.0116955 0.297246 -0.508677
0.0306894 -0.0124664 0.333103 -0.311431
0.0112149 -0.0082773 0.204769 0.62067
0.0256002 -0.00926871 0.258789 0.00926612
0.0247915 -0.0126377 0.297868 0.0116066
0.0206043 -0.0107098 0.247437 0.00796707
0.0126217 -0.0125796 0.241203 0.300259
0.00826051 -0.00882683 0.197939 0.638892
0.0369127 -0.0112479 0.321751 -0.494751
0.0535767 -0.0135252 0.436234 -1.71704
0.0459482 -0.014216 0.416806 -1.12978
0.020134 -0.00829425 0.208572 0.335933
0.0283717 -0.00945732 0.279336 0.0110481
0.0426991 -0.0115642 0.364824 -0.403603
0.0438116 -0.0104733 0.342663 -0.542005
0.0334258 -0.00810109 0.292163 0.012578
0.0206372 -0.00589367 0.213076 0.493587
0.033681 -0.0120472 0.345092 -0.342674
0.0315201 -0.0127391 0.333519 -0.418554
0.0315201 -0.0127391 0.333519 -0.418554
0.0270758 -0.0110939 0.290172 0.0114073
0.0124488 -0.0106066 0.251546 0.352356
0.0137441 -0.00701983 0.196258 0.492186
0.0224772 -0.0131714 0.311931 -0.340753
0.0505096 -0.0164194 0.467631 -1.3326
0.0588132 -0.0159927 0.523653 -3.04894
0.0268946 -0.00763107 0.24793 0.00890139
0.0207681 -0.00871656 0.225202 0.00692622
0.0308427 -0.00893767 0.283395 -0.433001
0.0350714 -0.00914261 0.329659 -0.34946
0.0459482 -0.014216 0.416806 -1.12978
0.0368334 -0.0119353 0.346061 -0.802401
0.0390597 -0.0149263 0.389103 -1.05049
0.0272529 -0.00912528 0.268404 0.010153
0.0315201 -0.0127391 0.333519 -0.418554
0.019869 -0.00620183 0.218638 0.393402
0.0270758 -0.0110939 0.290172 0.0114073
0.00679255 -0.00899397 0.202564 0.560002
0.0259005 -0.0160455 0.338083 -0.47415
0.0169681 -0.0138064 0.264522 0.0080027
0.0380026 -0.0137217 0.346295 -0.590195
0.0365693 -0.00945868 0.327653 -0.451053
0.0459482 -0.014216 0.416806 -1.12978
0.0170791 -0.0067887 0.211159 0.412815
0.0258442 -0.0101351 0.272915 0.0102708
0.0308337 -0.00594545 0.249881 0.00935369
0.0308989 -0.00877932 0.285752 0.0118171
0.0281289 -0.00859169 0.265226 0.00998844
0.0280666 -0.0131343 0.323275 -0.394009
0.0233163 -0.0108126 0.26649 0.0094848
0.0101705 -0.00616387 0.187428 0.645407
0.0256002 -0.00926871 0.258789 0.00926612
0.0150892 -0.00678623 0.191767 0.572387
0.0205669 -0.0106397 0.284702 -0.307679
0.0183697 -0.0122684 0.25519 0.00801043
0.0268447 -0.0156438 0.346585 -0.878775
0.0256519 -0.00726694 0.229787 0.256167
0.0349666 -0.00871721 0.294689 -0.476067
0.0485531 -0.013649 0.420269 -1.64315
0.0210672 -0.00960594 0.239564 0.00776941
0.0244418 -0.00839358 0.242974 0.00838665
0.0258352 -0.00737618 0.238397 0.00826651
0.0296976 -0.0102668 0.307594 -0.404276
0.0157446 -0.00436147 0.187174 0.470936
0.0158667 -0.00831549 0.196892 0.399631
0.0300645 -0.0120178 0.300194 -0.438285
0.0137441 -0.00701983 0.196258 0.492186
0.0247245 -0.0098025 0.261971 0.00940595
0.019869 -0.00620183 0.218638 0.393402
0.0192108 -0.0117261 0.252001 0.0079655
0.0196573 -0.0136478 0.300733 -0.313247
0.00875438 -0.00804749 0.175728 0.566641
0.0281289 -0.00859169 0.265226 0.00998844
0.0349666 -0.00871721 0.294689 -0.476067
0.0459482 -0.014216 0.416806 -1.12978
0.0207681 -0.00871656 0.225202 0.00692622
0.0236008 -0.00893646 0.246171 0.00850217
0.0276159 -0.0093738 0.272965 -0.405448
0.0192043 -0.00521004 0.174825 0.541234
0.0327997 -0.0115889 0.30829 -0.554716
0.0148787 -0.00610611 0.17529 0.44843
0.0307178 -0.0107453 0.307465 0.0132091
0.0211463 -0.00848381 0.240447 0.353233
0.0296019 -0.0104151 0.296573 0.0122338
0.0229245 -0.00575976 0.228677 0.35565
0.0148544 -0.00933645 0.220587 0.42639
0.0197633 -0.0112521 0.250627 0.00803243
0.0118703 -0.00713583 0.180453 0.626015
0.038472 -0.0119487 0.353637 -0.462405
0.0294243 -0.00695472 0.254382 0.0095658
0.0308337 -0.00594545 0.249881 0.00935369
0.0326391 -0.0143961 0.352773 -1.35986
0.023212 -0.00741703 0.225306 0.0073379
0.0622367 -0.0191553 0.589278 -3.22638
0.029781 -0.00844784 0.274832 0.0108918
0.0321607 -0.00958459 0.317905 -0.319019
0.0247245 -0.0098025 0.261971 0.00940595
0.0244418 -0.00839358 0.242974 0.00838665
0.024793 -0.0121524 0.287611 -0.490379
0.020134 -0.00829425 0.208572 0.335933
0.0280145 -0.0116955 0.297246 -0.508677
0.0245494 -0.0117724 0.283767 0.0105716
0.0299799 -0.0156497 0.349903 -0.414112
0.0245494 -0.0117724 0.283767 0.0105716
0.0333557 -0.0102732 0.351328 -0.311953
0.0308337 -0.00594545 0.249881 0.00935369
0.0310773 -0.0068116 0.264001 0.0104342
0.0206043 -0.0107098 0.247437 0.00796707
0.019869 -0.00620183 0.218638 0.393402
0.0349906 -0.0123441 0.343636 -0.441305
0.0243036 -0.00575518 0.227484 0.422693
0.0296678 -0.00782093 0.268501 0.0106333
0.0258352 -0.00737618 0.238397 0.00826651
0.0260187 -0.00816489 0.251112 0.00906391
0.0134836 -0.00487124 0.174264 0.532752
0.0170791 -0.0067887 0.211159 0.412815
0.0354842 -0.0152065 0.373178 -0.990811
0.00498185 -0.00921235 0.188604 0.67683
-0.111464 0.00946375 0.432356 0.107433
0.0170246 -0.0107194 0.222662 0.327439
0.0540622 -0.0194708 0.517212 -2.21657
0.0802489 -0.0114809 0.533181 -1.26825
0.0513365 -0.00420616 0.35087 0.0190954
0.0611614 -0.0167073 0.519567 -1.13807
0.0473031 -0.00846741 0.3766 0.0212774
0.0268946 -0.00763107 0.24793 0.00890139
0.023212 -0.00741703 0.225306 0.0073379
0.0268946 -0.00763107 0.24793 0.00890139
0.0186569 -0.0059724 0.188511 0.368812
0.0294201 -0.0123806 0.318277 0.013584
0.0256002 -0.00926871 0.258789 0.00926612
0.0315201 -0.0127391 0.333519 -0.418554
0.0309965 -0.0127404 0.330993 -0.500667
