0.0420077 -0.00978143 0.373508 -0.381014
0.0497331 -0.0108274 0.386236 -0.452221
0.0454693 -0.0112066 0.374772 -0.509352
0.28213 -0.0993055 0.0379651 3.21476
0.444552 -0.109692 0.0767122 3.24899
0.0782073 -0.0145588 0.558969 -1.39121
0.0448742 -0.00657307 0.342562 0.0181147
0.0790685 -0.0150967 0.594243 -2.14739
0.0531522 -0.00857342 0.403802 -0.365202
0.0708654 -0.0151777 0.532688 -1.34555
0.0462876 -0.00556593 0.338115 0.0177397
-0.2097 0.0235696 3.17681e-05 1.99983
0.299042 -0.108074 0.0752275 3.4473
0.0440155 -0.0122993 0.399462 -0.396512
0.041191 -0.00410269 0.289733 0.0130785
0.0566668 -0.0107834 0.437329 -0.779151
0.0462079 -0.0111961 0.375607 -0.428801
0.0382908 -0.00870576 0.326597 0.0157292
0.0426991 -0.0115642 0.364824 -0.403603
0.0687817 -0.012772 0.520431 -1.78432
0.7571 -0.11053 -1.10396 -1.16525
0.0790685 -0.0150967 0.594243 -2.14739
0.0567191 -0.0126449 0.438863 -0.993104
0.0566668 -0.0107834 0.437329 -0.779151
0.047507 -0.00867372 0.394844 -0.334094
0.0644167 -0.0156306 0.492478 -1.10199
0.0444436 -0.00909321 0.383353 -0.308928
0.0440155 -0.0122993 0.399462 -0.396512
1.35949 -0.170414 -4.07995 -2.99538
0.0888923 -0.0209972 0.731811 -2.76666
0.0649851 -0.0122688 0.481982 -0.788456
0.0820201 -0.0180344 0.63072 -1.75864
0.0359523 -0.00742265 0.29857 0.0133315
0.0454693 -0.0112066 0.374772 -0.509352
0.0454693 -0.0112066 0.374772 -0.509352
0.0602264 -0.011915 0.436369 -0.813276
0.0416145 -0.00300243 0.282121 0.0126356
0.0547944 -0.0104095 0.418174 -1.0451
0.0359523 -0.00742265 0.29857 0.0133315
0.0441056 -0.00866055 0.349395 -0.412294
0.044982 -0.00719594 0.348818 0.018485
0.0435298 -0.00538597 0.317765 0.0155435
0.044982 -0.00719594 0.348818 0.018485
0.0363739 -0.00518619 0.289332 0.327903
0.056714 -0.00820974 0.414361 -0.387761
0.0531522 -0.00857342 0.403802 -0.365202
0.0745299 -0.0148676 0.545847 -1.36882
0.0640725 -0.00973048 0.448582 -0.665175
0.0406319 -0.00903814 0.338689 -0.385694
0.0343025 -0.00756797 0.288999 0.0123586
0.0346528 -0.00905687 0.309359 0.0138627
0.0444436 -0.00909321 0.383353 -0.308928
0.0547944 -0.0104095 0.418174 -1.0451
0.0546793 -0.0106546 0.427821 -1.24793
0.0443696 -0.0114147 0.375612 -0.91413
0.0526954 -0.013449 0.443564 -1.19504
0.0511095 -0.00790703 0.370408 -0.460187
0.0598852 -0.012163 0.449229 -1.00414
0.0593411 -0.0126394 0.469278 -1.24704
0.0560283 -0.0130482 0.456538 -1.22251
0.0511095 -0.00790703 0.370408 -0.460187
0.0567191 -0.0126449 0.438863 -0.993104
0.0532705 -0.0104576 0.396727 -0.474037
0.0657699 -0.0130055 0.492475 -1.36925
0.0419616 -0.0115918 0.364672 -0.489362
0.0419616 -0.0115918 0.364672 -0.489362
0.0493372 -0.013839 0.430322 -1.16421
0.0497331 -0.0108274 0.386236 -0.452221
0.0511095 -0.00790703 0.370408 -0.460187
0.0448029 -0.00547678 0.332679 -0.309978
0.0630559 -0.0157498 0.516366 -2.07138
0.0513669 -0.0107694 0.404591 -1.00804
0.0708654 -0.0151777 0.532688 -1.34555
0.0708654 -0.0151777 0.532688 -1.34555
0.047507 -0.00867372 0.394844 -0.334094
0.0363739 -0.00518619 0.289332 0.327903
0.0444436 -0.00909321 0.383353 -0.308928
0.0497331 -0.0108274 0.386236 -0.452221
0.0735204 -0.01847 0.610122 -2.2961
0.0598852 -0.012163 0.449229 -1.00414
0.0414135 -0.00951472 0.371702 -0.282082
0.0515273 -0.0139153 0.436415 -0.701945
0.0515273 -0.0139153 0.436415 -0.701945
0.0650356 -0.00904217 0.451346 -1.10467
0.0876286 -0.0171557 0.673087 -2.38941
0.0729055 -0.0120849 0.506093 -1.21234
0.0444436 -0.00909321 0.383353 -0.308928
0.038947 -0.00505307 0.302218 0.231404
0.0511095 -0.00790703 0.370408 -0.460187
0.0568168 -0.0100867 0.407098 -0.494403
0.0435298 -0.00538597 0.317765 0.0155435
0.0412395 -0.00692617 0.325372 0.0161839
0.0547439 -0.0111896 0.430055 -0.456243
0.0494464 -0.0111885 0.420997 -0.350274
0.047507 -0.00867372 0.394844 -0.334094
0.0531522 -0.00857342 0.403802 -0.365202
0.0346528 -0.00905687 0.309359 0.0138627
0.0348361 -0.0070923 0.287675 0.0123458
0.0698876 -0.0187072 0.62337 -3.26334
0.0423063 -0.00443252 0.300616 0.0141132
0.0682127 -0.0122704 0.49729 -1.87465
0.0645185 -0.0124794 0.47129 -1.58334
0.0350714 -0.00914261 0.329659 -0.34946
0.0406319 -0.00903814 0.338689 -0.385694
0.0486726 -0.00712901 0.335777 -0.569322
0.0645366 -0.0125888 0.482821 -1.84454
0.0547944 -0.0104095 0.418174 -1.0451
0.0478464 -0.0110662 0.38895 -0.953043
0.0429032 -0.00657143 0.354343 -0.27455
0.0420077 -0.00978143 0.373508 -0.381014
0.0497331 -0.0108274 0.386236 -0.452221
0.0497331 -0.0108274 0.386236 -0.452221
0.0243036 -0.00575518 0.227484 0.422693
0.0459482 -0.014216 0.416806 -1.12978
0.0321607 -0.00958459 0.317905 -0.319019
0.0476001 -0.00828368 0.359961 -0.437061
0.0605554 -0.00944775 0.43733 -1.5746
0.0645185 -0.0124794 0.47129 -1.58334
0.041805 -0.00792388 0.31543 -0.526382
0.0513669 -0.0107694 0.404591 -1.00804
0.0513669 -0.0107694 0.404591 -1.00804
0.0478464 -0.0110662 0.38895 -0.953043
0.0512886 -0.0110299 0.413962 -1.21131
0.0478257 -0.0113711 0.399649 -1.17025
0.0593411 -0.0126394 0.469278 -1.24704
0.0535021 -0.01311 0.428041 -0.977826
0.0441056 -0.00866055 0.349395 -0.412294
0.0560283 -0.0130482 0.456538 -1.22251
0.0323087 -0.00777018 0.281256 0.0116227
0.0225008 -0.00432604 0.222351 0.521676
0.0594397 -0.0158467 0.483269 -1.72305
0.0653347 -0.0149758 0.506321 -1.71472
0.0628867 -0.0096793 0.428258 -1.37135
0.0771954 -0.0181313 0.666216 -3.37477
0.0518409 -0.0130015 0.423299 -1.41921
0.0441056 -0.00866055 0.349395 -0.412294
0.0655914 -0.0126899 0.478779 -1.15092
0.0598852 -0.012163 0.449229 -1.00414
0.0496334 -0.00756478 0.371239 -0.360789
0.0414135 -0.00951472 0.371702 -0.282082
0.0444436 -0.00909321 0.383353 -0.308928
0.0489817 -0.0108215 0.384817 -0.528219
0.0497331 -0.0108274 0.386236 -0.452221
0.0412395 -0.00692617 0.325372 0.0161839
0.0454693 -0.0112066 0.374772 -0.509352
0.0359523 -0.00742265 0.29857 0.0133315
0.0384785 -0.00674398 0.304973 0.0140773
0.0435298 -0.00538597 0.317765 0.0155435
0.0486726 -0.00712901 0.335777 -0.569322
0.0537052 -0.0101158 0.403567 -1.45543
0.0383993 -0.00829433 0.304225 -0.495507
0.041805 -0.00792388 0.31543 -0.526382
0.0682127 -0.0122704 0.49729 -1.87465
0.0547944 -0.0104095 0.418174 -1.0451
0.0489817 -0.0108215 0.384817 -0.528219
0.03619 -0.00828542 0.312609 0.014594
0.0476001 -0.00828368 0.359961 -0.437061
0.03989 -0.00573588 0.300501 0.0137686
0.0384785 -0.00674398 0.304973 0.0140773
0.0397792 -0.00511061 0.294201 0.0134343
0.0225008 -0.00432604 0.222351 0.521676
0.0454693 -0.0112066 0.374772 -0.509352
0.0426991 -0.0115642 0.364824 -0.403603
0.0560283 -0.0130482 0.456538 -1.22251
0.049103 -0.00535446 0.343214 -0.439898
0.0547944 -0.0104095 0.418174 -1.0451
0.0406319 -0.00903814 0.338689 -0.385694
0.0373632 -0.0064142 0.29409 0.0130613
0.0476001 -0.00828368 0.359961 -0.437061
0.0511095 -0.00790703 0.370408 -0.460187
0.0560283 -0.0130482 0.456538 -1.22251
0.0338142 -0.00446664 0.255691 0.328892
0.0370117 -0.00492453 0.273713 0.0115138
0.0348361 -0.0070923 0.287675 0.0123458
0.038715 -0.00760592 0.318993 0.0153931
0.0373632 -0.0064142 0.29409 0.0130613
0.0400289 -0.00905642 0.33755 -0.472132
0.0334258 -0.00810109 0.292163 0.012578
0.0350714 -0.00914261 0.329659 -0.34946
0.0389018 -0.00564359 0.297358 0.0137157
0.057247 -0.00984409 0.422663 -1.53634
0.0608591 -0.0129038 0.467875 -1.80874
0.0535767 -0.0135252 0.436234 -1.71704
0.0337723 -0.00665805 0.300293 -0.311549
0.0346604 -0.00363309 0.245509 0.00939006
0.0452364 -0.00752662 0.325643 -0.548645
0.036592 -0.0061817 0.311493 -0.33913
0.0535767 -0.0135252 0.436234 -1.71704
0.0513669 -0.0107694 0.404591 -1.00804
0.0336062 -0.00613466 0.27044 0.011108
0.0370117 -0.00492453 0.273713 0.0115138
0.038663 -0.00478018 0.283305 0.0124324
0.0319537 -0.00627818 0.260829 0.0102227
0.0321961 -0.00714366 0.274933 0.0113451
0.0443696 -0.0114147 0.375612 -0.91413
0.038663 -0.00478018 0.283305 0.0124324
0.0397792 -0.00511061 0.294201 0.0134343
0.0645366 -0.0125888 0.482821 -1.84454
0.0319537 -0.00627818 0.260829 0.0102227
0.0572035 -0.0132171 0.452365 -1.76642
0.041805 -0.00792388 0.31543 -0.526382
0.0346604 -0.00363309 0.245509 0.00939006
0.036592 -0.0061817 0.311493 -0.33913
0.0372007 -0.0089069 0.331817 -0.822996
0.0754331 -0.0153767 0.576853 -2.10669
0.03989 -0.00573588 0.300501 0.0137686
0.0531412 -0.011123 0.423675 -0.739978
0.0511095 -0.00790703 0.370408 -0.460187
0.0478464 -0.0110662 0.38895 -0.953043
0.0478464 -0.0110662 0.38895 -0.953043
0.0513669 -0.0107694 0.404591 -1.00804
0.0652708 -0.0129983 0.497826 -1.54233
0.0486726 -0.00712901 0.335777 -0.569322
0.038663 -0.00478018 0.283305 0.0124324
0.0308337 -0.00594545 0.249881 0.00935369
0.0337723 -0.00665805 0.300293 -0.311549
0.038663 -0.00478018 0.283305 0.0124324
0.038663 -0.00478018 0.283305 0.0124324
0.0531743 -0.00793708 0.388633 -1.04901
0.0472712 -0.0100842 0.352942 -0.562918
0.0469686 -0.0082513 0.357111 -0.510127
0.0347241 -0.00646618 0.28136 0.0120494
0.0434968 -0.00865419 0.347368 -0.491794
0.0452364 -0.00752662 0.325643 -0.548645
0.0389018 -0.00564359 0.297358 0.0137157
0.0414135 -0.00951472 0.371702 -0.282082
0.0435298 -0.00538597 0.317765 0.0155435
0.0737444 -0.0148545 0.552305 -1.52605
0.0416145 -0.00300243 0.282121 0.0126356
0.0531743 -0.00793708 0.388633 -1.04901
0.0336062 -0.00613466 0.27044 0.011108
0.0370117 -0.00492453 0.273713 0.0115138
0.0476001 -0.00828368 0.359961 -0.437061
0.0397792 -0.00511061 0.294201 0.0134343
0.0511095 -0.00790703 0.370408 -0.460187
0.0513669 -0.0107694 0.404591 -1.00804
0.0511095 -0.00790703 0.370408 -0.460187
0.0441056 -0.00866055 0.349395 -0.412294
0.0560283 -0.0130482 0.456538 -1.22251
0.0507356 -0.00969402 0.363125 -0.58231
0.0363739 -0.00518619 0.289332 0.327903
0.0433376 -0.00734475 0.339326 0.0173659
0.0460551 -0.00470666 0.324155 0.0162606
0.0385701 -0.00185473 0.267075 0.439168
0.0653897 -0.00260371 0.413522 0.0267822
0.0744742 -0.00923494 0.478387 -0.401135
0.0500177 -0.00339441 0.325328 0.29056
0.0602625 -0.00571234 0.427156 -0.220053
0.0513669 -0.0107694 0.404591 -1.00804
0.0495986 -0.00821663 0.37269 -0.989144
0.0421849 -0.00614507 0.322827 -0.392401
0.0415715 -0.00614593 0.320868 -0.478766
0.0609858 -0.00698212 0.404245 -0.929584
0.0754331 -0.0153767 0.576853 -2.10669
0.0546294 -0.00753021 0.380753 -0.481831
0.0477912 -0.00505701 0.34467 -0.341252
