0.0150744 -0.0100009 0.258724 0.341191
0.0270758 -0.0110939 0.290172 0.0114073
0.0220227 -0.0124506 0.277357 0.00972631
-0.778647 0.0769864 0.951229 0.390512
0.237241 -0.0433796 -1.50301 -2.92686
0.0419616 -0.0115918 0.364672 -0.489362
0.0321607 -0.00958459 0.317905 -0.319019
0.0296019 -0.0104151 0.296573 0.0122338
0.0296019 -0.0104151 0.296573 0.0122338
0.0290689 -0.0108911 0.297904 0.0121976
0.020508 -0.00696529 0.232927 0.520757
-1.56238 0.0925138 9.98929 -5.45982
2.192 -0.243084 -12.3079 -5.73912
0.0270758 -0.0110939 0.290172 0.0114073
0.0283717 -0.00945732 0.279336 0.0110481
0.038472 -0.0119487 0.353637 -0.462405
0.0220227 -0.0124506 0.277357 0.00972631
0.0145289 -0.0106728 0.248364 0.420184
0.0337266 -0.0180573 0.389512 -0.955003
0.0311206 -0.0145167 0.32612 -0.550485
0.0315201 -0.0127391 0.333519 -0.418554
0.0296019 -0.0104151 0.296573 0.0122338
0.0504553 -0.0195855 0.483466 -1.84742
0.0258442 -0.0101351 0.272915 0.0102708
0.0270758 -0.0110939 0.290172 0.0114073
0.0180118 -0.00891311 0.230526 0.388808
0.040676 -0.0173995 0.418689 -1.04665
0.237762 -0.06081 0.0491912 -0.180218
0.044834 -0.0166415 0.415335 -0.861648
0.044834 -0.0166415 0.415335 -0.861648
0.0577758 -0.0189386 0.511903 -1.90169
0.0426991 -0.0115642 0.364824 -0.403603
0.0203707 -0.0125944 0.26775 0.00879816
0.0220227 -0.0124506 0.277357 0.00972631
0.0220227 -0.0124506 0.277357 0.00972631
0.0254251 -0.0112386 0.280586 0.0104483
0.0210672 -0.00960594 0.239564 0.00776941
0.0354842 -0.0152065 0.373178 -0.990811
0.0197633 -0.0112521 0.250627 0.00803243
0.0206043 -0.0107098 0.247437 0.00796707
0.0439092 -0.0172505 0.441824 -1.28149
0.0315201 -0.0127391 0.333519 -0.418554
0.028788 -0.0135612 0.354786 -0.276005
0.0385757 -0.0204419 0.444195 -1.19711
0.0294201 -0.0123806 0.318277 0.013584
0.0457783 -0.0191587 0.449912 -1.00678
0.033681 -0.0120472 0.345092 -0.342674
0.0323658 -0.010599 0.317014 0.0142523
0.0127622 -0.00877716 0.187484 0.439855
0.0178429 -0.013272 0.261325 0.00795696
0.0169681 -0.0138064 0.264522 0.0080027
0.0216634 -0.0109557 0.256869 0.00859342
0.0216634 -0.0109557 0.256869 0.00859342
0.0206043 -0.0107098 0.247437 0.00796707
0.0180707 -0.0113783 0.240819 0.0071884
0.0196573 -0.0136478 0.300733 -0.313247
0.0215449 -0.00903035 0.24278 0.27015
0.022115 -0.00754023 0.219424 0.297676
0.0254251 -0.0112386 0.280586 0.0104483
0.0207881 -0.0114899 0.260059 0.00868952
0.0143208 -0.00790835 0.21618 0.57328
0.0220227 -0.0124506 0.277357 0.00972631
0.0233163 -0.0108126 0.26649 0.0094848
0.0258442 -0.0101351 0.272915 0.0102708
0.0302415 -0.0187054 0.38594 -1.12888
0.0183697 -0.0122684 0.25519 0.00801043
0.0196573 -0.0136478 0.300733 -0.313247
0.0233163 -0.0108126 0.26649 0.0094848
0.0300645 -0.0120178 0.300194 -0.438285
0.0230712 -0.00994551 0.252347 0.00853553
0.0205669 -0.0106397 0.284702 -0.307679
0.024793 -0.0121524 0.287611 -0.490379
0.0380026 -0.0137217 0.346295 -0.590195
0.0274956 -0.00999112 0.282514 0.0112094
0.0270758 -0.0110939 0.290172 0.0114073
0.0260204 -0.0135946 0.315086 0.0127905
0.0230712 -0.00994551 0.252347 0.00853553
0.0224772 -0.0131714 0.311931 -0.340753
0.0233163 -0.0108126 0.26649 0.0094848
0.0241919 -0.0102786 0.263304 0.0093634
0.0194956 -0.0131286 0.270942 0.00887044
0.0161523 -0.0116132 0.242218 0.385826
0.0265041 -0.016027 0.3392 -0.387561
0.0268963 -0.0130608 0.311907 0.012669
0.0306894 -0.0124664 0.333103 -0.311431
0.033681 -0.0120472 0.345092 -0.342674
0.0247915 -0.0126377 0.297868 0.0116066
0.040676 -0.0173995 0.418689 -1.04665
0.0345596 -0.0141193 0.336241 -0.571039
0.0315201 -0.0127391 0.333519 -0.418554
0.0390597 -0.0149263 0.389103 -1.05049
0.0148544 -0.00933645 0.220587 0.42639
0.0334772 -0.0152732 0.360463 -0.438819
0.0405346 -0.017621 0.427904 -1.24739
0.0512224 -0.0219631 0.506705 -1.71512
0.0268963 -0.0130608 0.311907 0.012669
0.0183697 -0.0122684 0.25519 0.00801043
0.0194956 -0.0131286 0.270942 0.00887044
0.0180887 -0.0141395 0.275478 0.00882871
0.0254251 -0.0112386 0.280586 0.0104483
0.0361022 -0.0172237 0.380129 -1.32782
0.0396195 -0.0171089 0.404072 -1.45765
0.0145017 -0.0116706 0.215272 0.260565
0.0234443 -0.0151061 0.304754 -0.488651
0.0280145 -0.0116955 0.297246 -0.508677
0.0230712 -0.00994551 0.252347 0.00853553
0.0354842 -0.0152065 0.373178 -0.990811
0.0189116 -0.0108365 0.237635 0.00713844
0.0233163 -0.0108126 0.26649 0.0094848
0.0203707 -0.0125944 0.26775 0.00879816
0.0224772 -0.0131714 0.311931 -0.340753
0.0311206 -0.0145167 0.32612 -0.550485
0.0130036 -0.0127137 0.227565 0.00560216
0.0153732 -0.0140385 0.256418 0.00726036
0.0234246 -0.0159834 0.333476 -0.839524
0.0158667 -0.00831549 0.196892 0.399631
0.0311206 -0.0145167 0.32612 -0.550485
0.0247245 -0.0098025 0.261971 0.00940595
0.0180707 -0.0113783 0.240819 0.0071884
0.0206043 -0.0107098 0.247437 0.00796707
0.0319805 -0.0155413 0.359598 -0.949177
0.024793 -0.0121524 0.287611 -0.490379
0.0224772 -0.0131714 0.311931 -0.340753
0.0127622 -0.00877716 0.187484 0.439855
0.0220227 -0.0124506 0.277357 0.00972631
0.0178429 -0.013272 0.261325 0.00795696
0.0194956 -0.0131286 0.270942 0.00887044
0.0206043 -0.0107098 0.247437 0.00796707
0.0155618 -0.0148176 0.269066 0.00791772
0.0234443 -0.0151061 0.304754 -0.488651
0.0196573 -0.0136478 0.300733 -0.313247
0.0206043 -0.0107098 0.247437 0.00796707
0.0360358 -0.0140305 0.366534 -1.39716
0.0206043 -0.0107098 0.247437 0.00796707
0.0167667 -0.0130235 0.25187 0.00735379
0.016773 -0.00895711 0.20046 0.277529
0.0258442 -0.0101351 0.272915 0.0102708
0.0245494 -0.0117724 0.283767 0.0105716
0.0215449 -0.00903035 0.24278 0.27015
0.0372475 -0.0177597 0.405118 -1.0097
0.0233163 -0.0108126 0.26649 0.0094848
0.0203707 -0.0125944 0.26775 0.00879816
0.0203707 -0.0125944 0.26775 0.00879816
0.0205792 -0.0104735 0.233594 0.281782
0.0189116 -0.0108365 0.237635 0.00713844
0.0276866 -0.0149137 0.315918 -0.528337
0.0233163 -0.0108126 0.26649 0.0094848
0.0311206 -0.0145167 0.32612 -0.550485
0.0190753 -0.00884446 0.215414 0.00617743
0.016773 -0.00895711 0.20046 0.277529
0.0168411 -0.0104018 0.223152 0.00624437
0.0182345 -0.00938615 0.218597 0.00624629
0.0280666 -0.0131343 0.323275 -0.394009
0.0230712 -0.00994551 0.252347 0.00853553
0.0148544 -0.00933645 0.220587 0.42639
0.0207881 -0.0114899 0.260059 0.00868952
0.0224772 -0.0131714 0.311931 -0.340753
0.0205792 -0.0104735 0.233594 0.281782
0.0206153 -0.0134612 0.281886 0.00972607
0.0224772 -0.0131714 0.311931 -0.340753
0.0201648 -0.0155423 0.294673 -0.466182
0.0180707 -0.0113783 0.240819 0.0071884
0.00498185 -0.00921235 0.188604 0.67683
0.0180887 -0.0141395 0.275478 0.00882871
0.0206043 -0.0107098 0.247437 0.00796707
0.0111344 -0.00757312 0.188863 0.504153
0.0183697 -0.0122684 0.25519 0.00801043
0.0209751 -0.0132898 0.303176 -0.812858
0.0207881 -0.0114899 0.260059 0.00868952
0.0205669 -0.0106397 0.284702 -0.307679
0.0206043 -0.0107098 0.247437 0.00796707
0.0111344 -0.00757312 0.188863 0.504153
0.00875438 -0.00804749 0.175728 0.566641
0.0145017 -0.0116706 0.215272 0.260565
0.0215772 -0.0126074 0.277836 -0.469942
0.0180707 -0.0113783 0.240819 0.0071884
0.0118267 -0.0098568 0.212742 0.450392
0.0324981 -0.0175557 0.366827 -1.29257
0.0180707 -0.0113783 0.240819 0.0071884
0.0111344 -0.00757312 0.188863 0.504153
0.0182345 -0.00938615 0.218597 0.00624629
0.0158667 -0.00831549 0.196892 0.399631
0.0215772 -0.0126074 0.277836 -0.469942
0.0141883 -0.00953224 0.190744 0.313588
0.0118627 -0.00640313 0.163163 0.503663
0.016773 -0.00895711 0.20046 0.277529
0.0182345 -0.00938615 0.218597 0.00624629
0.0141883 -0.00953224 0.190744 0.313588
0.0183697 -0.0122684 0.25519 0.00801043
0.0155371 -0.0120463 0.234195 0.00640083
0.0196573 -0.0136478 0.300733 -0.313247
0.0227561 -0.0117048 0.288245 -0.355361
0.00999643 -0.00907796 0.173802 0.502564
0.0146962 -0.0125877 0.237374 0.00641236
0.0169306 -0.0110311 0.229644 0.00645038
0.0111344 -0.00757312 0.188863 0.504153
0.0127622 -0.00877716 0.187484 0.439855
0.0207681 -0.00871656 0.225202 0.00692622
0.0155371 -0.0120463 0.234195 0.00640083
0.0155371 -0.0120463 0.234195 0.00640083
0.0185573 -0.0130979 0.268171 -0.451673
0.0141883 -0.00953224 0.190744 0.313588
0.0168411 -0.0104018 0.223152 0.00624437
0.00953951 -0.00974515 0.185305 0.337465
0.0256673 -0.0121038 0.294686 0.0114867
0.0207881 -0.0114899 0.260059 0.00868952
0.013209 -0.00812875 0.220166 0.497353
0.0345596 -0.0141193 0.336241 -0.571039
0.00498185 -0.00921235 0.188604 0.67683
0.0183697 -0.0122684 0.25519 0.00801043
0.00725634 -0.00658799 0.177177 0.688704
0.0230712 -0.00994551 0.252347 0.00853553
0.0168411 -0.0104018 0.223152 0.00624437
0.0105382 -0.005408 0.166701 0.561919
0.0130036 -0.0127137 0.227565 0.00560216
0.005289 -0.00845828 0.168277 0.596823
0.0194642 -0.0103624 0.23626 0.00719525
0.0167426 -0.0103457 0.22672 0.302077
0.0230712 -0.00994551 0.252347 0.00853553
0.0127622 -0.00877716 0.187484 0.439855
0.0180707 -0.0113783 0.240819 0.0071884
0.0143971 -0.0116993 0.223024 0.00569627
0.0155371 -0.0120463 0.234195 0.00640083
0.0141883 -0.00953224 0.190744 0.313588
0.0152944 -0.0120351 0.251448 0.267035
0.0152944 -0.0120351 0.251448 0.267035
0.0143208 -0.00790835 0.21618 0.57328
0.0247915 -0.0126377 0.297868 0.0116066
0.0118627 -0.00640313 0.163163 0.503663
0.0268447 -0.0156438 0.346585 -0.878775
0.0157011 -0.0100553 0.211987 0.00555879
0.0141883 -0.00953224 0.190744 0.313588
0.0189116 -0.0108365 0.237635 0.00713844
0.0180707 -0.0113783 0.240819 0.0071884
0.00684769 -0.00404544 0.153881 0.820758
0.0105374 -0.0100074 0.217165 0.357834
0.0215772 -0.0126074 0.277836 -0.469942
0.0172297 -0.0119202 0.244004 0.00722724
0.0155371 -0.0120463 0.234195 0.00640083
0.00875438 -0.00804749 0.175728 0.566641
0.0118267 -0.0098568 0.212742 0.450392
0.0259005 -0.0160455 0.338083 -0.47415
0.0180118 -0.00891311 0.230526 0.388808
0.202229 -0.0383194 -0.00665977 -0.199722
0.0357668 -0.00938587 0.320225 0.014898
0.0215336 -0.00544689 0.24789 0.523187
0.0317659 -0.0131932 0.368571 -0.316371
0.0307178 -0.0107453 0.307465 0.0132091
0.0143971 -0.0116993 0.223024 0.00569627
0.0146962 -0.0125877 0.237374 0.00641236
0.0215772 -0.0126074 0.277836 -0.469942
0.00915367 -0.00691076 0.153081 0.553063
0.0206043 -0.0107098 0.247437 0.00796707
0.0265041 -0.016027 0.3392 -0.387561
0.0196573 -0.0136478 0.300733 -0.313247
0.0183697 -0.0122684 0.25519 0.00801043
