-0.107445 -0.00661015 -0.564526 -5.68527
-0.107445 -0.00661015 -0.564526 -5.68527
-0.107445 -0.00661015 -0.564526 -5.68527
-0.107445 -0.00661015 -0.564526 -5.68527
-0.107445 -0.00661015 -0.564526 -5.68527
-0.107445 -0.00661015 -0.564526 -5.68527
-0.107445 -0.00661015 -0.564526 -5.68527
-0.107445 -0.00661015 -0.564526 -5.68527
-0.107445 -0.00661015 -0.564526 -5.68527
-0.107445 -0.00661015 -0.564526 -5.68527
-0.221661 0.00490437 0.0155836 1.93747
-0.107445 -0.00661015 -0.564526 -5.68527
-0.107445 -0.00661015 -0.564526 -5.68527
-0.107445 -0.00661015 -0.564526 -5.68527
-0.107445 -0.00661015 -0.564526 -5.68527
-0.107445 -0.00661015 -0.564526 -5.68527
-0.107445 -0.00661015 -0.564526 -5.68527
-0.190361 -0.000725719 0.00110351 2.99649
-0.107445 -0.00661015 -0.564526 -5.68527
-0.107445 -0.00661015 -0.564526 -5.68527
-0.107445 -0.00661015 -0.564526 -5.68527
21.111 -1.43004 -173.737 -7.37905
-0.107445 -0.00661015 -0.564526 -5.68527
-0.107445 -0.00661015 -0.564526 -5.68527
-0.107445 -0.00661015 -0.564526 -5.68527
9.56402 -0.655644 -79.4079 -7.36263
-0.107445 -0.00661015 -0.564526 -5.68527
-0.107445 -0.00661015 -0.564526 -5.68527
-0.107445 -0.00661015 -0.564526 -5.68527
-0.107445 -0.00661015 -0.564526 -5.68527
-0.107445 -0.00661015 -0.564526 -5.68527
-0.107445 -0.00661015 -0.564526 -5.68527
-0.107445 -0.00661015 -0.564526 -5.68527
-0.107445 -0.00661015 -0.564526 -5.68527
-0.107445 -0.00661015 -0.564526 -5.68527
-0.107445 -0.00661015 -0.564526 -5.68527
-0.107445 -0.00661015 -0.564526 -5.68527
-0.107445 -0.00661015 -0.564526 -5.68527
-0.107445 -0.00661015 -0.564526 -5.68527
-0.107445 -0.00661015 -0.564526 -5.68527
-0.107445 -0.00661015 -0.564526 -5.68527
-0.107445 -0.00661015 -0.564526 -5.68527
-0.107445 -0.00661015 -0.564526 -5.68527
-0.107445 -0.00661015 -0.564526 -5.68527
-0.107445 -0.00661015 -0.564526 -5.68527
-0.107445 -0.00661015 -0.564526 -5.68527
-0.107445 -0.00661015 -0.564526 -5.68527
-0.107445 -0.00661015 -0.564526 -5.68527
-0.107445 -0.00661015 -0.564526 -5.68527
-0.107445 -0.00661015 -0.564526 -5.68527
-0.107445 -0.00661015 -0.564526 -5.68527
-0.222548 0.00509736 0.0159505 1.9551
-0.107445 -0.00661015 -0.564526 -5.68527
-0.107445 -0.00661015 -0.564526 -5.68527
-0.107445 -0.00661015 -0.564526 -5.68527
-0.107445 -0.00661015 -0.564526 -5.68527
-0.107445 -0.00661015 -0.564526 -5.68527
-0.107445 -0.00661015 -0.564526 -5.68527
-0.107445 -0.00661015 -0.564526 -5.68527
-0.107445 -0.00661015 -0.564526 -5.68527
-0.107445 -0.00661015 -0.564526 -5.68527
-0.107445 -0.00661015 -0.564526 -5.68527
-0.107445 -0.00661015 -0.564526 -5.68527
-0.107445 -0.00661015 -0.564526 -5.68527
3.97237 -0.361654 -34.2027 -9.22465
-0.107445 -0.00661015 -0.564526 -5.68527
-6.18168 0.556581 34.4366 -5.04726
-0.107445 -0.00661015 -0.564526 -5.68527
-0.107445 -0.00661015 -0.564526 -5.68527
-0.107445 -0.00661015 -0.564526 -5.68527
-0.107445 -0.00661015 -0.564526 -5.68527
-0.107445 -0.00661015 -0.564526 -5.68527
-0.107445 -0.00661015 -0.564526 -5.68527
-34.0846 1.97901 400.7 -11.3752
-0.107445 -0.00661015 -0.564526 -5.68527
-0.107445 -0.00661015 -0.564526 -5.68527
-0.107445 -0.00661015 -0.564526 -5.68527
-0.218263 0.00433106 0.0133276 1.96561
-0.107445 -0.00661015 -0.564526 -5.68527
-0.107445 -0.00661015 -0.564526 -5.68527
-0.107445 -0.00661015 -0.564526 -5.68527
-0.107445 -0.00661015 -0.564526 -5.68527
-0.107445 -0.00661015 -0.564526 -5.68527
-0.107445 -0.00661015 -0.564526 -5.68527
-0.107445 -0.00661015 -0.564526 -5.68527
-0.107445 -0.00661015 -0.564526 -5.68527
-0.107445 -0.00661015 -0.564526 -5.68527
-0.107445 -0.00661015 -0.564526 -5.68527
-0.107445 -0.00661015 -0.564526 -5.68527
-0.107445 -0.00661015 -0.564526 -5.68527
-0.107445 -0.00661015 -0.564526 -5.68527
-0.107445 -0.00661015 -0.564526 -5.68527
-0.107445 -0.00661015 -0.564526 -5.68527
-0.107445 -0.00661015 -0.564526 -5.68527
-0.107445 -0.00661015 -0.564526 -5.68527
-0.107445 -0.00661015 -0.564526 -5.68527
-0.107445 -0.00661015 -0.564526 -5.68527
-0.107445 -0.00661015 -0.564526 -5.68527
0.371649 -0.122604 0.107975 -3.14942
-0.107445 -0.00661015 -0.564526 -5.68527
0.431875 -0.134872 0.107609 -4.69628
-0.549947 0.168855 -0.0214824 3.12447
-0.107445 -0.00661015 -0.564526 -5.68527
-0.107445 -0.00661015 -0.564526 -5.68527
-0.107445 -0.00661015 -0.564526 -5.68527
-0.107445 -0.00661015 -0.564526 -5.68527
-0.107445 -0.00661015 -0.564526 -5.68527
-0.107445 -0.00661015 -0.564526 -5.68527
-0.107445 -0.00661015 -0.564526 -5.68527
-0.107445 -0.00661015 -0.564526 -5.68527
-0.107445 -0.00661015 -0.564526 -5.68527
-0.107445 -0.00661015 -0.564526 -5.68527
-0.107445 -0.00661015 -0.564526 -5.68527
-0.107445 -0.00661015 -0.564526 -5.68527
-0.107445 -0.00661015 -0.564526 -5.68527
-0.107445 -0.00661015 -0.564526 -5.68527
-0.107445 -0.00661015 -0.564526 -5.68527
-0.107445 -0.00661015 -0.564526 -5.68527
-0.222548 0.00509736 0.0159505 1.9551
-0.107445 -0.00661015 -0.564526 -5.68527
-0.107445 -0.00661015 -0.564526 -5.68527
-7.63369 0.666302 45.5958 -5.4487
-0.107445 -0.00661015 -0.564526 -5.68527
-0.107445 -0.00661015 -0.564526 -5.68527
9.56402 -0.655644 -79.4079 -7.36263
-0.107445 -0.00661015 -0.564526 -5.68527
-0.107445 -0.00661015 -0.564526 -5.68527
-0.107445 -0.00661015 -0.564526 -5.68527
-0.107445 -0.00661015 -0.564526 -5.68527
8.42038 -0.571739 -71.769 -7.56651
-0.107445 -0.00661015 -0.564526 -5.68527
-0.225864 0.00563457 0.0172231 1.95358
0.340143 -0.125885 0.452022 -2.8481
-0.107445 -0.00661015 -0.564526 -5.68527
-0.107445 -0.00661015 -0.564526 -5.68527
-0.107445 -0.00661015 -0.564526 -5.68527
-0.107445 -0.00661015 -0.564526 -5.68527
-0.107445 -0.00661015 -0.564526 -5.68527
-0.107445 -0.00661015 -0.564526 -5.68527
-0.107445 -0.00661015 -0.564526 -5.68527
-0.217787 0.00417668 0.0135291 1.96794
-0.107445 -0.00661015 -0.564526 -5.68527
-0.107445 -0.00661015 -0.564526 -5.68527
-0.107445 -0.00661015 -0.564526 -5.68527
-0.107445 -0.00661015 -0.564526 -5.68527
-0.107445 -0.00661015 -0.564526 -5.68527
-0.107445 -0.00661015 -0.564526 -5.68527
-0.107445 -0.00661015 -0.564526 -5.68527
0.377831 -0.128704 0.278968 -3.00212
-9.71415 0.971099 39.1356 -2.93072
0.460353 -0.14001 -0.000328906 1.99912
-0.107445 -0.00661015 -0.564526 -5.68527
-0.107445 -0.00661015 -0.564526 -5.68527
-0.107445 -0.00661015 -0.564526 -5.68527
-0.107445 -0.00661015 -0.564526 -5.68527
0.510361 -0.15081 -4.80058e-05 1.99988
-0.217042 0.00405612 0.0128333 1.96739
0.621864 -0.176091 0.106628 3.37216
-0.107445 -0.00661015 -0.564526 -5.68527
-0.107445 -0.00661015 -0.564526 -5.68527
-0.107445 -0.00661015 -0.564526 -5.68527
-0.107445 -0.00661015 -0.564526 -5.68527
-0.107445 -0.00661015 -0.564526 -5.68527
-7.66208 0.824926 25.8877 -2.19417
6.98488 -0.515143 -73.4005 -10.7706
11.0252 -0.730989 -96.5591 -7.85807
-0.108905 0.000738789 3.51645e-05 1.99986
-0.107445 -0.00661015 -0.564526 -5.68527
-0.107445 -0.00661015 -0.564526 -5.68527
-0.107445 -0.00661015 -0.564526 -5.68527
9.56402 -0.655644 -79.4079 -7.36263
-0.194019 0.000371399 -0.000790647 3.00305
0.254561 -0.0310146 -0.0631302 1.83613
-0.107445 -0.00661015 -0.564526 -5.68527
-0.107445 -0.00661015 -0.564526 -5.68527
-0.107445 -0.00661015 -0.564526 -5.68527
-7.33766 0.628576 45.101 -5.64461
0.34733 -0.117182 0.0960615 -3.10631
8.03731 -0.848411 -30.6815 -2.69534
-0.189647 -0.000974099 0.00148088 2.99519
0.52562 -0.156247 0.102885 3.40378
-0.233611 0.00696748 0.0214544 1.94404
-0.107445 -0.00661015 -0.564526 -5.68527
-0.107445 -0.00661015 -0.564526 -5.68527
-0.23428 0.00713375 0.0217886 1.94705
10.8124 -0.688939 -101.117 -8.46657
-0.107445 -0.00661015 -0.564526 -5.68527
-0.191379 -0.00052219 0.000965844 2.99671
-0.540452 0.115256 0.332389 -1.39258
-0.107445 -0.00661015 -0.564526 -5.68527
-0.107445 -0.00661015 -0.564526 -5.68527
-7.4409 0.640413 45.4572 -5.60245
-5.65564 0.522174 29.9204 -4.75592
-7.51107 0.789677 26.4271 -2.34496
-0.233611 0.00696748 0.0214544 1.94404
-0.107445 -0.00661015 -0.564526 -5.68527
0.445272 -0.136787 -0.000104388 1.99971
0.0629772 -0.0956381 1.39695 -2.46637
-8.85255 0.881654 35.6204 -2.92915
-0.534379 0.136516 -0.102375 3.49953
0.18537 -0.0246303 0.00081316 2.00246
-0.107445 -0.00661015 -0.564526 -5.68527
-8.438 0.695725 55.7868 -6.12443
0.165729 -0.0175793 -0.0243399 2.92046
0.676883 -0.187541 0.111166 3.36191
-7.33766 0.628576 45.101 -5.64461
-0.107445 -0.00661015 -0.564526 -5.68527
0.59096 -0.170616 0.110351 3.40541
-6.18168 0.556581 34.4366 -5.04726
0.349166 -0.122778 0.271274 -2.71728
11.5797 -1.06146 -58.3721 -4.0454
12.7229 -0.82489 -135.12 -10.3965
-3.46386 0.165361 28.3169 -6.6674
0.0379674 -0.00334761 0.264759 0.0110745
0.510361 -0.15081 -4.80058e-05 1.99988
0.130615 -0.0116928 0.00162494 2.00538
0.614045 -0.174936 0.109687 3.38801
-0.233611 0.00696748 0.0214544 1.94404
-0.107445 -0.00661015 -0.564526 -5.68527
0.634936 -0.187281 0.155275 3.57808
8.48171 -0.723961 -56.0244 -6.11125
9.28891 -0.633233 -78.1964 -7.47761
-0.107445 -0.00661015 -0.564526 -5.68527
7.65157 -0.669468 -48.7869 -5.88502
-10.8519 0.736327 85.8844 -6.94192
-7.33766 0.628576 45.101 -5.64461
-9.41849 0.625209 76.8001 -7.20138
-0.107445 -0.00661015 -0.564526 -5.68527
0.499569 -0.151803 0.0259157 2.13396
8.66545 -0.743139 -56.4366 -6.01393
0.657792 -0.0901538 -0.653229 1.02499
-9.38068 0.639446 74.0219 -6.971
-10.8301 0.761998 81.944 -6.62076
9.73126 -0.745835 -78.5486 -7.72414
-0.107445 -0.00661015 -0.564526 -5.68527
0.212261 -0.0318343 -0.000250342 1.99927
-9.09561 0.586178 76.3462 -7.40836
-0.107445 -0.00661015 -0.564526 -5.68527
9.23218 -0.636782 -76.1644 -7.30678
0.141937 -0.0123235 -0.0293776 2.90138
-1.71579 0.139429 9.81084 -4.22793
4.39753 -0.303148 -38.6744 -7.66827
-0.520673 0.11869 8.26937e-05 1.99969
-0.325895 0.086467 -0.253836 -2.34506
-11.2517 0.73785 94.563 -7.4369
-0.286396 0.084385 0.000821725 1.99446
5.23777 -0.365342 -44.2879 -7.3844
-6.62274 0.436772 55.7545 -7.31758
1.9825 -0.160885 -12.3981 -5.20958
8.65055 -0.582741 -72.6846 -7.42483
-0.107445 -0.00661015 -0.564526 -5.68527
-0.0585647 -0.0272432 0.00307622 2.9876
-1.48768 0.248892 1.32432 0.844655
11.0417 -1.06721 -50.0543 -3.49835
-7.4409 0.640413 45.4572 -5.60245
-0.262446 0.0712382 -0.0297831 2.25352
