0.066145 -0.0184727 0.533688 -1.26957
0.21771 -0.0365972 0.091861 -0.244357
0.0791559 -0.0277373 0.774333 -3.48239
0.0244546 -0.0398944 -0.0336925 3.42047
0.00632785 -0.0340163 -0.0135985 2.15986
0.280235 -0.0412486 0.0561379 -0.369323
0.311016 -0.0493077 -0.0640674 -0.382556
0.0897899 -0.0197213 0.700136 -2.2973
0.056714 -0.00820974 0.414361 -0.387761
0.0734327 -0.017877 0.561562 -1.32552
0.258639 -0.0402422 0.0819534 -0.326854
-10.3273 0.821865 73.1686 -6.60273
0.243238 -0.0853686 -0.0194965 2.89192
0.0801601 -0.0263464 0.699599 -2.09337
0.0801239 -0.0202943 0.611668 -1.70567
0.273674 -0.0385335 -0.00958376 -0.31033
0.224642 -0.0373449 0.0657886 -0.258889
0.226661 -0.0407205 0.0757122 -0.272747
0.250451 -0.0452132 -0.00601507 -0.297241
0.363514 -0.0509938 -0.217497 -0.389922
0.402669 -0.0626369 -0.216276 -0.570072
0.0745299 -0.0148676 0.545847 -1.36882
0.0720174 -0.0214443 0.626849 -2.20592
0.324451 -0.049052 -0.064885 -0.409825
0.228383 -0.0330582 0.0852851 -0.251394
0.0930378 -0.0241619 0.816351 -3.5413
0.0930378 -0.0241619 0.816351 -3.5413
0.438787 -0.108992 0.0119188 2.28315
0.688601 -0.102155 -0.902974 -1.06826
0.0724547 -0.0208733 0.576425 -1.28319
0.074426 -0.017734 0.548957 -1.15793
0.280746 -0.0406707 0.0158134 -0.336815
0.0484571 -0.0137462 0.40145 -0.442614
0.0587956 -0.0190765 0.506651 -1.21398
0.044834 -0.0166415 0.415335 -0.861648
0.0496334 -0.00756478 0.371239 -0.360789
0.254358 -0.0418488 0.000652189 -0.289872
0.225438 -0.0340438 0.02936 -0.219593
0.345916 -0.055451 -0.23432 -0.362681
0.0660211 -0.0184319 0.530422 -1.72282
0.0836035 -0.0203604 0.654178 -2.0265
0.230011 -0.0362243 0.0943594 -0.263997
0.0851717 -0.0231142 0.703022 -2.2137
0.0635825 -0.0158036 0.506243 -1.29598
0.0648941 -0.0174814 0.519758 -0.737995
0.245828 -0.0404294 0.0792336 -0.304594
0.0734327 -0.017877 0.561562 -1.32552
0.0771371 -0.0175768 0.575029 -1.35019
0.0513035 -0.0157547 0.438046 -0.902128
0.0514779 -0.0196815 0.479367 -1.1528
0.0324227 -0.014956 0.359806 -0.333397
0.0892946 -0.0249116 0.873172 -4.28401
0.254358 -0.0418488 0.000652189 -0.289872
0.0860736 -0.0216795 0.788968 -4.06808
0.0453189 -0.0173205 0.4356 -1.11745
0.0666636 -0.0192044 0.578183 -2.23768
0.070509 -0.0153076 0.541988 -1.5264
0.0698312 -0.0181712 0.547142 -1.29568
0.0462734 -0.011588 0.409564 -0.326466
0.0831406 -0.0220802 0.749595 -3.65682
0.0687352 -0.0211673 0.562807 -1.25697
0.0735219 -0.0241482 0.673762 -2.39118
0.040621 -0.0099834 0.35451 0.0182929
0.0807183 -0.0234706 0.702768 -2.42088
0.20813 -0.0369808 0.0695778 -0.233795
0.0649632 -0.0220886 0.594851 -2.14905
0.0415294 -0.0170592 0.403359 -0.835116
0.269482 -0.0418882 -0.0155855 -0.316851
0.0831406 -0.0220802 0.749595 -3.65682
0.0739258 -0.0183243 0.592425 -2.01749
0.0480889 -0.0162053 0.426871 -0.883722
0.0831406 -0.0220802 0.749595 -3.65682
0.0920576 -0.0240397 0.772234 -2.73749
0.228383 -0.0330582 0.0852851 -0.251394
0.0967813 -0.0239067 0.837085 -3.5771
0.0580129 -0.0155743 0.447841 -0.493823
0.222301 -0.0362875 0.0967885 -0.251303
0.0735219 -0.0241482 0.673762 -2.39118
0.224642 -0.0373449 0.0657886 -0.258889
0.0720174 -0.0214443 0.626849 -2.20592
0.0650228 -0.0214604 0.549104 -1.22946
0.0613161 -0.0217525 0.535316 -1.2006
0.0635113 -0.025012 0.60818 -2.04622
0.404244 -0.0597237 -0.233416 -0.552566
0.0839717 -0.0230026 0.713332 -2.40837
0.10267 -0.0245931 0.918368 -4.04283
0.0595877 -0.0188706 0.492744 -1.02779
0.245828 -0.0404294 0.0792336 -0.304594
0.223092 -0.0332799 0.0816949 -0.242921
0.251253 -0.0366457 0.0323157 -0.273457
0.0707064 -0.0180192 0.535008 -1.12751
0.311016 -0.0493077 -0.0640674 -0.382556
0.0825571 -0.0238028 0.692943 -1.87506
0.224506 -0.039551 0.105388 -0.265152
0.0735356 -0.0213616 0.597738 -1.53274
0.0815047 -0.0234119 0.686597 -2.18374
0.0709323 -0.0244509 0.642166 -2.12311
0.0775992 -0.0253912 0.768665 -3.85319
0.0390216 -0.0181148 0.424251 -0.741867
0.0698312 -0.0181712 0.547142 -1.29568
0.0513035 -0.0157547 0.438046 -0.902128
0.0831406 -0.0220802 0.749595 -3.65682
0.0504209 -0.019472 0.471808 -1.58501
0.0341193 -0.00953263 0.310685 0.0138542
0.0860736 -0.0216795 0.788968 -4.06808
0.249569 -0.0381928 -0.0031805 -0.270692
0.0892946 -0.0249116 0.873172 -4.28401
0.0565313 -0.0164814 0.480599 -1.25057
0.0779012 -0.0233386 0.64342 -1.85776
0.085672 -0.0286855 0.885082 -4.20562
0.0894196 -0.0284239 0.90506 -4.22674
0.224642 -0.0373449 0.0657886 -0.258889
0.0514779 -0.0196815 0.479367 -1.1528
0.055066 -0.0214871 0.507814 -1.50518
0.0426155 -0.0196425 0.439603 -0.996165
0.0484571 -0.0137462 0.40145 -0.442614
0.0565313 -0.0164814 0.480599 -1.25057
0.0739258 -0.0183243 0.592425 -2.01749
0.0613372 -0.0223704 0.577465 -2.10861
0.246187 -0.0386538 -0.00980206 -0.264389
0.22567 -0.0337187 0.0138232 -0.222609
0.217489 -0.0336143 0.0164053 -0.210921
0.0535021 -0.01311 0.428041 -0.977826
0.0598765 -0.018405 0.521096 -1.85859
0.0756163 -0.0211203 0.642118 -2.22968
0.0552123 -0.0196755 0.506488 -1.39616
0.0814588 -0.0251848 0.79161 -3.90595
0.068465 -0.0217787 0.611818 -2.18346
0.0613372 -0.0223704 0.577465 -2.10861
0.0684098 -0.0251035 0.67135 -3.09517
0.0545312 -0.0215553 0.517478 -1.71237
0.0612322 -0.0187653 0.530357 -1.41478
0.0587136 -0.0155631 0.470249 -1.45634
0.0653347 -0.0149758 0.506321 -1.71472
0.0629536 -0.0251259 0.625902 -2.3191
0.0720174 -0.0214443 0.626849 -2.20592
0.0836035 -0.0203604 0.654178 -2.0265
0.0707064 -0.0180192 0.535008 -1.12751
0.28094 -0.0425556 -0.0206485 -0.0550382
0.0687352 -0.0211673 0.562807 -1.25697
0.0869817 -0.0273132 0.769185 -2.60261
0.068465 -0.0217787 0.611818 -2.18346
0.0735219 -0.0241482 0.673762 -2.39118
0.0735219 -0.0241482 0.673762 -2.39118
0.0654042 -0.0218671 0.573643 -1.85777
0.0525033 -0.01802 0.459622 -0.852947
0.042691 -0.0170768 0.407659 -0.496287
0.21771 -0.0365972 0.091861 -0.244357
0.0819487 -0.0218196 0.759568 -3.959
0.0860736 -0.0216795 0.788968 -4.06808
0.0720893 -0.0248124 0.68849 -3.11601
0.0702588 -0.0186186 0.576256 -1.98219
0.0672154 -0.0154895 0.519495 -1.32134
0.222301 -0.0362875 0.0967885 -0.251303
0.0756163 -0.0211203 0.642118 -2.22968
0.0720174 -0.0214443 0.626849 -2.20592
0.226991 -0.0366985 0.0742123 -0.262653
0.0587956 -0.0190765 0.506651 -1.21398
0.0595877 -0.0188706 0.492744 -1.02779
0.209878 -0.036134 0.0775106 -0.236472
0.0672241 -0.0247329 0.625196 -2.08548
0.0525033 -0.01802 0.459622 -0.852947
0.05942 -0.0254619 0.610694 -2.29758
0.0533239 -0.016324 0.460906 -0.691291
0.0660211 -0.0184319 0.530422 -1.72282
0.222301 -0.0362875 0.0967885 -0.251303
0.0477477 -0.0165243 0.441591 -1.09683
0.0854513 -0.0252037 0.853596 -4.26157
0.0739258 -0.0183243 0.592425 -2.01749
0.247484 -0.0371451 0.0274241 -0.266655
0.0607337 -0.0159222 0.478566 -1.06818
0.0849561 -0.0245452 0.757008 -3.31269
0.0587956 -0.0190765 0.506651 -1.21398
0.0791559 -0.0277373 0.774333 -3.48239
0.0587956 -0.0190765 0.506651 -1.21398
0.0763334 -0.0246822 0.710813 -3.18207
0.0649632 -0.0220886 0.594851 -2.14905
0.0635113 -0.025012 0.60818 -2.04622
0.0512224 -0.0219631 0.506705 -1.71512
0.0660211 -0.0184319 0.530422 -1.72282
0.0775992 -0.0253912 0.768665 -3.85319
0.0720174 -0.0214443 0.626849 -2.20592
0.0453189 -0.0173205 0.4356 -1.11745
0.0559474 -0.0160606 0.457673 -1.44488
0.0765329 -0.0213061 0.684343 -3.23986
0.0735896 -0.0184412 0.648785 -3.3545
0.0666636 -0.0192044 0.578183 -2.23768
0.225341 -0.0377379 0.00255957 -0.233686
0.080849 -0.0246639 0.738038 -3.28322
0.0514779 -0.0196815 0.479367 -1.1528
0.0587956 -0.0190765 0.506651 -1.21398
0.0565313 -0.0164814 0.480599 -1.25057
0.0477477 -0.0165243 0.441591 -1.09683
0.0457783 -0.0191587 0.449912 -1.00678
0.0643859 -0.0253028 0.651108 -3.0432
0.069148 -0.0216015 0.590773 -1.9017
0.0775992 -0.0253912 0.768665 -3.85319
0.0639793 -0.0161069 0.518914 -1.51432
0.0306894 -0.0124664 0.333103 -0.311431
0.0602111 -0.0182369 0.506476 -1.60156
0.2326 -0.0377164 0.00153815 -0.244646
0.0502221 -0.0135528 0.41665 -0.95721
0.0537789 -0.0159896 0.480046 -1.35282
0.0569489 -0.0186302 0.494101 -1.59111
0.0735356 -0.0213616 0.597738 -1.53274
0.223957 -0.0401117 0.0658778 -0.271813
0.0674705 -0.0211251 0.570306 -1.39897
0.224642 -0.0373449 0.0657886 -0.258889
0.0649632 -0.0220886 0.594851 -2.14905
0.0514779 -0.0196815 0.479367 -1.1528
0.0324227 -0.014956 0.359806 -0.333397
0.0598921 -0.0160865 0.492182 -1.26419
0.0586539 -0.0211534 0.520543 -1.52366
0.0854513 -0.0252037 0.853596 -4.26157
0.0415294 -0.0170592 0.403359 -0.835116
0.0775992 -0.0253912 0.768665 -3.85319
0.0607337 -0.0159222 0.478566 -1.06818
0.0598921 -0.0160865 0.492182 -1.26419
0.0756163 -0.0211203 0.642118 -2.22968
0.068465 -0.0217787 0.611818 -2.18346
0.253629 -0.0416275 -0.0120941 -0.290558
0.0477477 -0.0165243 0.441591 -1.09683
0.0569489 -0.0186302 0.494101 -1.59111
0.0775992 -0.0253912 0.768665 -3.85319
0.0640934 -0.0215508 0.559616 -1.39314
0.0551332 -0.019379 0.493048 -1.1842
0.0604146 -0.0218597 0.546512 -1.37089
0.0734327 -0.017877 0.561562 -1.32552
0.0720174 -0.0214443 0.626849 -2.20592
0.0868272 -0.0217994 0.767615 -3.67241
0.0536423 -0.0190393 0.482842 -1.58699
0.205977 -0.0334587 0.0592819 -0.220514
0.226991 -0.0366985 0.0742123 -0.262653
0.0891099 -0.0244075 0.7984 -3.51964
0.0756163 -0.0211203 0.642118 -2.22968
0.080849 -0.0246639 0.738038 -3.28322
0.0795069 -0.0245441 0.728243 -2.87074
0.0649632 -0.0220886 0.594851 -2.14905
0.0602111 -0.0182369 0.506476 -1.60156
0.253629 -0.0416275 -0.0120941 -0.290558
0.0541549 -0.0188259 0.493541 -0.806994
0.0720174 -0.0214443 0.626849 -2.20592
0.0613161 -0.0217525 0.535316 -1.2006
0.0825446 -0.0200313 0.654414 -2.42603
0.262648 -0.0381747 0.0904655 -0.314619
0.263469 -0.0398393 0.153407 -0.358288
0.0696986 -0.0216937 0.589133 -1.14
0.222753 -0.0351429 0.183439 -0.263624
0.0714605 -0.0214906 0.641242 -2.46531
0.0666636 -0.0192044 0.578183 -2.23768
0.080849 -0.0246639 0.738038 -3.28322
0.0602111 -0.0182369 0.506476 -1.60156
0.0701559 -0.0188201 0.582815 -1.32164
0.254599 -0.0446646 0.0645838 -0.334863
0.331569 -0.0529201 -0.0801195 -0.43865
0.066145 -0.0184727 0.533688 -1.26957
