59.96562953986  14.543391422125
151.95982954249  14.399028663394
145.99441127022  14.254665904664
141.09927118194  14.110303145935
136.89304060311  13.965940387205
133.17757741274  13.821577628474
129.83384638265  13.677214869746
126.78354586803  13.532852111015
123.97185410538  13.388489352285
121.35859769884  13.244126593556
118.913294383  13.099763834825
116.61217077767  12.955401076095
114.43626852669  12.811038317366
112.37018817559  12.666675558636
110.40122575292  12.522312799905
108.5187612999  12.377950041177
106.71381471981  12.233587282446
104.97871606402  12.089224523716
103.30685609935  11.944861764987
101.69249445656  11.800499006256
100.13060989004  11.656136247526
98.616781871228  11.511773488797
97.147095857629  11.367410730067
95.71806670007  11.223047971336
94.32657611985  11.078685212608
92.969821224009  10.934322453877
91.645271769633  10.789959695147
90.350634428249  10.645596936418
89.083822699401  10.501234177687
87.842931419418  10.356871418957
86.626215035365  10.212508660228
85.432068984927  10.068145901498
84.259013654379  9.9237831427672
83.105680488811  9.7794203840385
81.970799908705  9.635057625308
80.853190749952  9.4906948665775
79.751750994515  9.3463321078489
78.665449599002  9.2019693491184
77.593319260678  9.0576065903879
76.534449986545  8.9132438316592
75.487983352381  8.7688810729287
74.453107356  8.6245183141982
73.429051783275  8.4801555554695
72.415084017207  8.335792796739
71.410505230087  8.1914300380085
70.414646906802  8.0470672792799
69.426867654081  7.9027045205494
68.446550255972  7.7583417618189
67.473098940461  7.6139790030902
66.505936825925  7.4696162443597
65.5445035192  7.3252534856292
64.588252839554  7.1808907269005
63.63665064483  7.03652796817
62.689172737508  6.8921652094396
61.745302829533  6.7478024507109
60.804530545383  6.6034396919804
59.866349443135  6.4590769332499
58.930255033116  6.3147141745212
57.995742773202  6.1703514157907
57.062306018786  6.0259886570602
56.129433903962  5.8816258983315
55.196609128409  5.7372631396011
54.263305621763  5.5929003808706
53.328986053779  5.4485376221419
52.393099154233  5.3041748634114
51.455076800997  5.1598121046809
50.514330827842  5.0154493459522
49.570249494946  4.8710865872217
48.622193554319  4.7267238284912
47.669491828886  4.5823610697626
46.711436206945  4.4379983110321
45.747275932176  4.2936355523016
44.776211041907  4.1492727935729
43.797384771056  4.0049100348424
42.809874693494  3.8605472761119
41.812682312952  3.7161845173832
40.804720737028  3.5718217586527
39.784799963179  3.4274589999222
38.751609164674  3.2830962411936
37.703695172374  3.1387334824631
36.639436082754  2.9943707237326
35.557008550513  2.8500079650039
34.454346793985  2.7056452062734
33.329090572942  2.5612824475429
32.178518261778  2.4169196888142
30.999459423268  2.2725569300837
29.788178627642  2.1281941713532
28.540218025856  1.9838314126246
27.25017922622  1.8394686538941
25.911413167457  1.6951058951636
24.515565616774  1.5507431364349
23.051886595863  1.4063803777044
21.506134130797  1.2620176189739
19.858736765136  1.1176548602452
18.081492031063  0.97329210151474
16.131060734114  0.82892934278425
13.934372903326  0.68456658405557
11.348688598845  0.54020382532508
8.0046875449221  0.39584106659458
0  0.25147830786591
