0  16.470834183803
5.3469435547727  16.306881900151
7.5726255672762  16.142929616497
9.2879924636056  15.978977332845
10.740509178552  15.815025049193
12.025897110067  15.65107276554
13.193187228704  15.487120481886
14.271473181557  15.323168198234
15.279691514064  15.159215914582
16.23098336657  14.99526363093
17.13490886787  14.831311347276
17.998680055824  14.667359063624
18.827896715582  14.503406779972
19.627010075502  14.339454496319
20.399628084434  14.175502212665
21.148723772038  14.011549929013
21.876781827149  13.847597645361
22.585904402843  13.683645361709
23.277889204047  13.519693078055
23.95428824403  13.355740794403
24.616452813493  13.19178851075
25.265568420185  13.027836227096
25.90268230361  12.863883943444
26.528725366157  12.699931659792
27.144529845599  12.53597937614
27.750843697793  12.372027092486
28.348342408259  12.208074808834
28.937638772894  12.044122525182
29.519291058846  11.880170241529
30.093809861738  11.716217957875
30.661663904957  11.552265674223
31.223284973782  11.388313390571
31.779072136884  11.224361106919
32.329395376868  11.060408823265
32.874598727669  10.896456539613
33.415002997919  10.732504255961
33.95090814474  10.568551972308
34.482595350779  10.404599688654
35.010328847945  10.240647405002
35.534357523865  10.07669512135
36.054916340958  9.9127428376978
36.57222759309  9.7487905540438
37.086502020689  9.5848382703916
37.597939801813  9.4208859867394
38.106731433867  9.2569337030873
38.613058518279  9.0929814194333
39.117094458411  8.9290291357811
39.619005079296  8.7650768521289
40.118949176209  8.6011245684767
40.617078997806  8.4371722848227
41.113540668291  8.2732200011706
41.608474552003  8.1092677175184
42.102015562699  7.9453154338644
42.594293418804  7.7813631502122
43.085432844823  7.61741086656
43.575553718027  7.4534585829078
44.064771158335  7.2895062992538
44.553195558034  7.1255540156017
45.040932546493  6.9616017319495
45.528082883334  6.7976494482973
46.014742271519  6.6336971646433
46.501001079421  6.4697448809911
46.98694395804  6.305792597339
47.472649335978  6.1418403136868
47.958188770384  5.9778880300328
48.44362612661  5.8139357463806
48.929016552418  5.6499834627284
49.414405203871  5.4860311790762
49.899825668875  5.3220788954222
50.38529802008  5.1581266117701
50.870826410285  4.9941743281179
51.356396099361  4.8302220444657
51.841969769926  4.6662697608117
52.32748294687  4.5023174771595
52.812838279514  4.3383651935073
53.297898369033  4.1744129098552
53.782476720024  4.0104606262012
54.266326251956  3.846508342549
54.749124606592  3.6825560588968
55.23045520554  3.5186037752446
55.70978260829  3.3546514915906
56.186420134537  3.1906992079385
56.659486848237  3.0267469242863
57.127849698908  2.8627946406323
57.590044620269  2.6988423569801
58.044167261783  2.5348900733279
58.487719017118  2.3709377896757
58.91738575659  2.2069855060217
59.328712647977  2.0430332223696
59.715613800246  1.8790809387174
60.069610384242  1.7151286550652
60.378604561785  1.5511763714112
60.624822074128  1.387224087759
60.781180111287  1.2232718041068
60.804459229418  1.0593195204547
60.621397106578  0.89536723680067
60.097202656342  0.73141495314849
58.952909550152  0.56746266949631
56.493773487024  0.40351038584413
50.274030054882  0.23955810219013
0  0.075605818537952
