0  18.771770734016
5.7367778687237  18.584053026676
8.1267358131407  18.396335319336
9.9701197137839  18.208617611996
11.532246817447  18.020899904655
12.915725454149  17.833182197315
14.173107412351  17.645464489975
15.335572976495  17.457746782635
16.423416313164  17.270029075295
17.450721188463  17.082311367954
18.427734564268  16.894593660614
19.362188041895  16.706875953274
20.260086468153  16.519158245934
21.126204846426  16.331440538594
21.964415460433  16.143722831253
22.77791113411  15.956005123913
23.569362286513  15.768287416573
24.341030298199  15.580569709233
25.094851181146  15.392852001893
25.832498539508  15.205134294552
26.555431761843  15.017416587212
27.26493347165  14.829698879872
27.962139027088  14.641981172532
28.648060042843  14.454263465192
29.323603353858  14.266545757851
29.989586459022  14.078828050511
30.646750214982  13.891110343171
31.295769359075  13.703392635831
31.937261301955  13.515674928491
32.571793528952  13.32795722115
33.199889873743  13.14023951381
33.822035871221  12.95252180647
34.438683353443  12.76480409913
35.050254419504  12.577086391791
35.657144884691  12.389368684451
36.259727294365  12.201650977111
36.858353572354  12.013933269771
37.453357361287  11.826215562431
38.045056102395  11.63849785509
38.633752894453  11.45078014775
39.219738165104  11.26306244041
39.803291182718  11.07534473307
40.384681432713  10.88762702573
40.964169878865  10.699909318389
41.54201012739  10.512191611049
42.118449509257  10.324473903709
42.693730094418  10.136756196369
43.268089650099  9.9490384890287
43.841762554141  9.7613207816885
44.414980673434  9.5736030743483
44.98797421676  9.3858853670081
45.560972570879  9.1981676596679
46.134205128332  9.0104499523277
46.707902115269  8.8227322449875
47.282295427645  8.6350145376473
47.857619484238  8.4472968303071
48.434112105334  8.2595791229669
49.012015426393  8.0718614156267
49.591576856757  7.8841437082865
50.173050094367  7.6964260009463
50.756696208684  7.5087082936061
51.34278480546  7.3209905862659
51.931595288873  7.1332728789257
52.52341823879  6.9455551715855
53.118556923718  6.7578374642453
53.717328973392  6.5701197569051
54.320068239161  6.3824020495649
54.927126875457  6.1946843422247
55.538877682043  6.0069666348863
56.15571675462  5.8192489275461
56.778066501254  5.6315312202059
57.406379094493  5.4438135128657
58.041140444667  5.2560958055255
58.682874799841  5.0683780981853
59.332150103372  4.8806603908452
59.989584273099  4.692942683505
60.655852609224  4.5052249761648
61.331696594712  4.3175072688246
62.017934427527  4.1297895614844
62.715473725678  3.9420718541442
63.425326984565  3.754354146804
64.148630557476  3.5666364394638
64.886668198215  3.3789187321236
65.640900586844  3.1912010247834
66.413002813171  3.0034833174432
67.204912611335  2.815765610103
68.018893375749  2.6280479027628
68.857617904232  2.4403301954226
69.724281863335  2.2526124880824
70.622760979987  2.0648947807422
71.557834495302  1.877177073402
72.53551257172  1.6894593660618
73.563533633457  1.5017416587216
74.652153652115  1.3140239513814
75.815468726005  1.1263062440412
77.07379071058  0.93858853670099
78.458326931623  0.75087082936079
80.021674506013  0.56315312202059
81.866529747881  0.3754354146804
84.25843592971  0.1877177073402
90  0
