180  1.8503654874426
158.32456231655  1.9811225999006
149.77858758765  2.111879712359
143.47596273208  2.2426368248175
138.35031953276  2.3733939372755
133.9806573506  2.504151049734
130.14770112141  2.634908162192
126.71958745554  2.7656652746505
123.60959260813  2.8964223871089
120.75706673012  3.027179499567
118.11764799185  3.1579366120254
115.65775690996  3.2886937244834
113.35127804265  3.4194508369419
111.17744983218  3.5502079493999
109.11946376331  3.6809650618584
107.16350103032  3.8117221743169
105.29805027549  3.9424792867749
103.51341217809  4.0732363992333
101.80133192752  4.2039935116914
100.15472144686  4.3347506241498
98.567445996077  4.4655077366083
97.034157851263  4.5962648490663
95.550164997496  4.7270219615248
94.111326261723  4.8577790739828
92.713966685021  4.9885361864413
91.354808579237  5.1192932988993
90.030914874238  5.2500504113577
88.739642194556  5.3808075238162
87.478601709724  5.5115646362742
86.245626248778  5.6423217487327
85.038742502259  5.7730788611907
83.856147385988  5.9038359736492
82.696187832193  6.0345930861076
81.557343420642  6.1653501985656
80.438211376604  6.2961073110241
79.337493551781  6.4268644234821
78.253985074753  6.5576215359406
77.186564413414  6.6883786483986
76.13418463651  6.8191357608571
75.095865697388  6.9498928733155
74.070687592056  7.0806499857736
73.057784267336  7.211407098232
72.056338174175  7.34216421069
71.065575376994  7.4729213231485
70.084761143041  7.603678435607
69.113195946456  7.734435548065
68.150211830692  7.8651926605235
67.195169080349  7.9959497729815
66.247453159606  8.1267068854399
65.306471879546  8.257463997898
64.371652760859  8.3882211103564
63.442440561883  8.5189782228149
62.51829494472  8.6497353352729
61.598688254426  8.7804924477314
60.68310338799  8.9112495601894
59.771031731078  9.0420066726479
58.86197114137  9.1727637851059
57.95542395772  9.3035208975643
57.050895014381  9.4342780100228
56.147889639127  9.5650351224808
55.245911613216  9.6957922349393
54.344461069802  9.8265493473973
53.443032305465  9.9573064598558
52.541111476995  10.088063572314
51.638174152255  10.218820684772
50.733682679764  10.349577797231
49.827083336322  10.480334909689
48.917803205411  10.611092022147
48.005246730784  10.741849134605
47.088791879253  10.872606247064
46.167785833657  11.003363359522
45.2415401205  11.13412047198
44.309325055871  11.264877584439
43.370363366653  11.395634696897
42.423822809802  11.526391809355
41.468807568205  11.657148921814
40.504348143843  11.787906034272
39.52938939274  11.91866314673
38.542776244757  12.049420259188
37.543236514598  12.180177371647
36.529360024119  12.310934484105
35.499572998627  12.441691596563
34.452106339021  12.572448709022
33.384955857592  12.70320582148
32.295831819895  12.833962933938
31.182094032968  12.964720046396
30.040667054385  13.095477158854
28.867927516809  13.226234271313
27.65955145518  13.356991383771
26.41030277495  13.487748496229
25.113732503166  13.618505608687
23.761738038546  13.749262721146
22.343893484032  13.880019833604
20.846386602414  14.010776946062
19.250237016188  14.141534058521
17.52809478559  14.272291170979
15.637932055906  14.403048283437
13.508891972471  14.533805395895
11.002562384595  14.664562508354
7.7608333645136  14.795319620812
0  14.92607673327
