0  14.687754180854
4.983884718285  14.543391422125
7.056620530371  14.399028663394
8.6528324065937  14.254665904664
10.003355100525  14.110303145935
11.197494280194  13.965940387205
12.281000963864  13.821577628474
13.281024965716  13.677214869746
14.215238210805  13.532852111015
15.095903891135  13.388489352285
15.931942542355  13.244126593556
16.730082492317  13.099763834825
17.49554653759  12.955401076095
18.232484693875  12.811038317366
18.944259119764  12.666675558636
19.633638596021  12.522312799905
20.302935344091  12.377950041177
20.954103787691  12.233587282446
21.58881344108  12.089224523716
22.208503750472  11.944861764987
22.814426062494  11.800499006256
23.407676227068  11.656136247526
23.989220265738  11.511773488797
24.559914824132  11.367410730067
25.120523645237  11.223047971336
25.671730967803  11.078685212608
26.214152520611  10.934322453877
26.748344616836  10.789959695147
27.274811731985  10.645596936418
27.794012860411  10.501234177687
28.306366879499  10.356871418957
28.81225710123  10.212508660228
29.312035153133  10.068145901498
29.806024301868  9.9237831427672
30.294522310257  9.7794203840385
30.77780390114  9.635057625308
31.256122887649  9.4906948665775
31.729714018536  9.3463321078489
32.198794578409  9.2019693491184
32.663565775646  9.0576065903879
33.12421394498  8.9132438316592
33.580911586974  8.7688810729287
34.033818262694  8.6245183141982
34.483081358549  8.4801555554695
34.928836733483  8.335792796739
35.371209258257  8.1914300380085
35.81031325447  8.0470672792799
36.246252839042  7.9027045205494
36.679122178185  7.7583417618189
37.109005653261  7.6139790030902
37.535977939351  7.4696162443597
37.960103995855  7.3252534856292
38.38143896684  7.1808907269005
38.800027987216  7.03652796817
39.215905889054  6.8921652094396
39.62909680038  6.7478024507109
40.039613626594  6.6034396919804
40.447457402119  6.4590769332499
40.852616496964  6.3147141745212
41.255065659402  6.1703514157907
41.654764871868  6.0259886570602
42.051657992216  5.8816258983315
42.445671146492  5.7372631396011
42.83671083206  5.5929003808706
43.224661680953  5.4485376221419
43.609383822207  5.3041748634114
43.990709768123  5.1598121046809
44.36844073211  5.0154493459522
44.74234226394  4.8710865872217
45.112139060593  4.7267238284912
45.477508775502  4.5823610697626
45.838074603512  4.4379983110321
46.193396359876  4.2936355523016
46.542959694482  4.1492727935729
46.886162980864  4.0049100348424
47.222301284291  3.8605472761119
47.550546631635  3.7161845173832
47.869923559235  3.5718217586527
48.179278576782  3.4274589999222
48.477241715659  3.2830962411936
48.762177669539  3.1387334824631
49.032123092757  2.9943707237326
49.284705257006  2.8500079650039
49.517035256808  2.7056452062734
49.72556593897  2.5612824475429
49.905900116446  2.4169196888142
50.052527403765  2.2725569300837
50.158456419264  2.1281941713532
50.21468996622  1.9838314126246
50.209458203796  1.8394686538941
50.127067210587  1.6951058951636
49.946114175261  1.5507431364349
49.636614913407  1.4063803777044
49.15516751275  1.2620176189739
48.43634614152  1.1176548602452
47.37628065529  0.97329210151474
45.798338281461  0.82892934278425
43.371805438953  0.68456658405557
39.37925929599  0.54020382532508
31.786350921036  0.39584106659458
0  0.25147830786591
