180  0
159.96562953986  4.983884718285
151.95982954249  7.056620530371
145.99441127022  8.6528324065937
141.09927118194  10.003355100525
136.89304060311  11.197494280194
133.17757741274  12.281000963864
129.83384638265  13.281024965716
126.78354586803  14.215238210805
123.97185410538  15.095903891135
121.35859769884  15.931942542355
118.913294383  16.730082492317
116.61217077767  17.49554653759
114.43626852669  18.232484693875
112.37018817559  18.944259119764
110.40122575292  19.633638596021
108.5187612999  20.302935344091
106.71381471981  20.954103787691
104.97871606402  21.58881344108
103.30685609935  22.208503750472
101.69249445656  22.814426062494
100.13060989004  23.407676227068
98.616781871228  23.989220265738
97.147095857629  24.559914824132
95.71806670007  25.120523645237
94.32657611985  25.671730967803
92.969821224009  26.214152520611
91.645271769633  26.748344616836
90.350634428249  27.274811731985
89.083822699401  27.794012860411
87.842931419418  28.306366879499
86.626215035365  28.81225710123
85.432068984927  29.312035153133
84.259013654379  29.806024301868
83.105680488811  30.294522310257
81.970799908705  30.77780390114
80.853190749952  31.256122887649
79.751750994515  31.729714018536
78.665449599002  32.198794578409
77.593319260678  32.663565775646
76.534449986545  33.12421394498
75.487983352381  33.580911586974
74.453107356  34.033818262694
73.429051783275  34.483081358549
72.415084017207  34.928836733483
71.410505230087  35.371209258257
70.414646906802  35.81031325447
69.426867654081  36.246252839042
68.446550255972  36.679122178185
67.473098940461  37.109005653261
66.505936825925  37.535977939351
65.5445035192  37.960103995855
64.588252839554  38.38143896684
63.63665064483  38.800027987216
62.689172737508  39.215905889054
61.745302829533  39.62909680038
60.804530545383  40.039613626594
59.866349443135  40.447457402119
58.930255033116  40.852616496964
57.995742773202  41.255065659402
57.062306018786  41.654764871868
56.129433903962  42.051657992216
55.196609128409  42.445671146492
54.263305621763  42.83671083206
53.328986053779  43.224661680953
52.393099154233  43.609383822207
51.455076800997  43.990709768123
50.514330827842  44.36844073211
49.570249494946  44.74234226394
48.622193554319  45.112139060593
47.669491828886  45.477508775502
46.711436206945  45.838074603512
45.747275932176  46.193396359876
44.776211041907  46.542959694482
43.797384771056  46.886162980864
42.809874693494  47.222301284291
41.812682312952  47.550546631635
40.804720737028  47.869923559235
39.784799963179  48.179278576782
38.751609164674  48.477241715659
37.703695172374  48.762177669539
36.639436082754  49.032123092757
35.557008550513  49.284705257006
34.454346793985  49.517035256808
33.329090572942  49.72556593897
32.178518261778  49.905900116446
30.999459423268  50.052527403765
29.788178627642  50.158456419264
28.540218025856  50.21468996622
27.25017922622  50.209458203796
25.911413167457  50.127067210587
24.515565616774  49.946114175261
23.051886595863  49.636614913407
21.506134130797  49.15516751275
19.858736765136  48.43634614152
18.081492031063  47.37628065529
16.131060734114  45.798338281461
13.934372903326  43.371805438953
11.348688598845  39.37925929599
8.0046875449221  31.786350921036
0  0
