2212 -0.275163 2.1311
2213 -0.188438 2.21839
2214 -0.319947 1.99466
2215 -0.313978 2.12902
2218 -0.16727 2.32458
2219 -0.143842 2.24898
2220 -0.055373 2.08349
2221 -0.018184 2.32374
2236 0.433747 1.61737
2237 0.356533 1.76424
2238 0.391503 1.70925
2239 0.385087 1.75418
2243 0.54314 1.71372
2244 0.704185 1.7738
2245 0.594344 1.73868
2246 0.589846 1.83192
2247 0.58007 1.75
2250 0.613857 1.7279
2257 -0.475163 2.1311
2258 -0.388438 2.21839
2259 -0.519947 1.99466
2260 -0.513978 2.12902
2262 -0.36727 2.32458
2264 -0.343842 2.24898
2267 -0.255373 2.08349
2269 -0.218184 2.32374
2287 0.624269 2.40187
2288 0.287053 2.36499
2289 0.500052 2.58037
2290 0.299516 2.48144
2292 0.33423 2.41885
2293 0.382828 2.38744
2294 0.418149 2.23239
2295 0.341793 -104.217
2296 0.228876 2.03379
2297 0.475971 2.35293
2298 0.468384 2.33574
2299 0.366222 2.2654
2300 0.296101 2.33693
2301 0.357165 2.25707
2302 0.362165 2.28331
2303 0.312559 2.31415
2304 0.251353 2.34098
2305 0.203029 2.49332
2306 0.419868 2.37859
2310 0.249995 2.5713
2311 0.597459 2.45461
2312 0.451892 2.59766
2313 0.61449 2.36269
2314 0.603595 2.53791
2316 0.389001 2.58319
2317 0.615094 2.5565
2318 0.513722 2.36137
2322 0.299743 2.3435
2323 0.473125 2.40964
2324 0.372378 2.31248
2325 0.417395 2.2732
2326 0.378635 2.24037
2327 0.312315 2.24476
2330 -0.0411975 2.35801
2331 -0.35535 2.21131
2332 -0.0866168 2.39562
2333 -0.200437 2.28191
2334 -0.096496 2.27842
2335 -0.0690044 2.37305
2337 -0.281152 2.19618
2340 0.260204 2.47366
2341 -0.0766246 2.3619
2342 -0.0398286 2.31798
2343 0.0463027 2.29531
2344 -0.0504481 2.32803
2345 0.0614705 2.51428
2349 0.25536 2.33186
2350 0.0483936 2.135
2351 0.122834 2.24193
2352 0.0105523 2.25921
2353 0.0715763 2.29062
2354 0.0794589 2.18742
2357 0.0723182 2.37725
2359 0.0461654 2.42115
2360 0.00952297 2.37792
2361 0.166869 2.37695
2362 -0.0347476 2.15229
2371 -0.179195 2.36791
2372 -0.232389 2.36104
2373 -0.066735 2.28103
2374 -0.190596 2.28661
2375 -0.176294 2.34817
2376 -0.133348 2.3659
2379 -0.439605 2.18246
2380 -0.454174 2.36446
2381 -0.131787 2.23378
2382 -0.607342 2.46803
2383 -0.433403 2.23882
2384 -0.337779 2.25203
2385 -0.253328 2.31754
2386 -0.432462 2.38084
2389 -0.409117 2.44241
2390 -0.35698 2.27038
2391 -0.268202 2.55019
2392 -0.2604 2.40467
2393 -0.36889 2.3746
2394 -0.115567 2.44337
2404 -0.27956 2.38299
2405 -0.260126 2.38107
2406 -0.265046 2.44486
2407 -0.294002 2.51392
2408 -0.27639 2.38011
2410 -0.456597 2.45375
2411 -0.248968 2.49152
