0 0 6.91613e-310 5
1 0 4.70628e-316 5
2 0 -212548 2530.47
3 0 -190032 4382.61
4 0 -207979 2712.24
5 0 -184216 4236.04
6 0 -213723 2718.39
7 0 -180052 4550.43
8 0 -215728 4264.76
9 0 -243754 18482.9
10 0 -214983 2568.85
11 0 -191892 3789.92
12 0 -217855 2414.76
13 0 -201586 4189.45
14 0 -226009 2597.25
15 0 -199179 4069.65
16 0 -174045 2489.88
17 0 -155714 4476.11
18 0 -181204 2412.72
19 0 -151743 4695.1
20 0 -183420 2425.9
21 0 -150201 5224
22 0 6.91613e-310 5
23 0 6.91613e-310 5
24 0 -182656 2873.21
25 0 -154165 4576.76
26 0 -182890 2723.16
27 0 -144768 4258.28
28 0 -101837 25.1894
29 0 -145500 0.24382
30 0 -253610 21313.4
31 0 -241445 7733.18
32 0 -161221 3115.42
33 0 -142282 4437.33
34 0 -164252 2562.33
35 0 -141983 5249.27
36 0 -173798 2375.41
37 0 -145910 4339.15
38 0 -171144 2438.28
39 0 -141092 4518.99
40 0 -167692 2662.09
41 0 -143900 4122.97
42 0 -174725 2741.18
43 0 -145880 4443.38
44 0 -105031 298.468
45 0 6.91613e-310 5
46 0 -189425 5563.74
47 0 6.91613e-310 5
48 0 -155118 2416.09
49 0 -136978 3879.86
50 0 -158950 2504.86
51 0 -139770 3911.99
52 0 -157763 2279.42
53 0 -130757 3810.48
54 0 -157008 2263.95
55 0 -127629 6711.04
56 0 -152552 2496.45
57 0 -130743 4474.5
58 0 -154032 2551.72
59 0 -127297 4651.28
60 0 -114865 25431.7
61 0 -106500 0.247352
62 0 6.91613e-310 5
63 0 6.91613e-310 5
64 0 658599 4167.55
65 0 6.91613e-310 5
66 0 723622 7644.57
67 0 694820 3745.66
68 0 594500 0.0128483
69 0 706340 2809.29
70 0 770601 2378.65
71 0 599500 2222.91
72 0 575580 21057.2
73 0 724188 1992.28
74 0 503500 0.263505
75 0 798500 0.0128483
76 0 551500 0.265848
77 0 571000 2778.64
78 0 760500 0.0128483
79 0 721500 0.0128483
80 0 794572 7116.76
81 0 6.91613e-310 5
82 0 633500 0.0128483
83 0 528500 0.264919
84 0 578500 0.26661
85 0 588500 0.0128483
86 0 579500 0.266633
87 0 612500 0.0128483
88 0 689484 1494.21
89 0 682500 0.0128483
90 0 547500 0.265712
91 0 684500 0.0128483
92 0 720860 2490.34
93 0 727500 0.0128483
94 0 580156 996.146
95 0 663500 0.0128483
96 0 848950 18975.9
97 0 6.91613e-310 5
98 0 664255 3759.07
99 0 815800 20606.8
100 0 624195 5570.46
101 0 594298 17141.3
102 0 527500 0.264869
103 0 634500 0.0128483
104 0 503500 0.263505
105 0 570500 0.266413
106 0 581500 0.0128483
107 0 504500 1471.08
108 0 666188 1992.28
109 0 604500 0.0128483
110 0 515500 0.265134
111 0 761500 0.0128483
112 0 543913 3966.42
113 0 6.91613e-310 5
114 0 642828 498.098
115 0 650765 18546.1
116 0 612500 0.0128483
117 0 576484 1494.21
118 0 795500 0.0128483
119 0 709500 0.0128483
120 0 596500 0.0128483
121 0 648734 22669
122 0 671465 15225.5
123 0 623500 0.0128483
124 0 790500 0.0128483
125 0 501828 498.086
126 0 571500 0.266439
127 0 649828 498.099
128 0 791955 5187.48
129 0 6.91613e-310 5
130 0 645500 0.0128483
131 0 571340 2809.29
132 0 534500 0.265213
133 0 710000 555.728
134 0 525500 0.264766
135 0 556500 0.26601
136 0 504500 0.263568
137 0 630000 1667.18
138 0 490086 22652.8
139 0 673126 14141.3
140 0 710172 1910.67
141 0 618020 10141.6
142 0 556871 3237.46
143 0 590477 3357.31
144 0 704981 3105.78
145 0 6.91613e-310 5
146 0 680845 2970.92
147 0 706065 2915.53
148 0 555500 2547.34
149 0 699441 3580.01
150 0 567156 996.146
151 0 651304 1378.95
152 0 740572 1838.59
153 0 709000 1201.14
154 0 600872 3327.76
155 0 701628 5648.64
156 0 6.91613e-310 5
157 0 6.91613e-310 5
158 0 6.91613e-310 5
159 0 6.91613e-310 5
