0 0 6.9164e-310 5
1 0 6.19183e-316 5
2 0 -208884 2448.83
3 0 -186175 5103.66
4 0 -304752 18914.5
5 0 -180748 4060.84
6 0 -209958 2749.32
7 0 -175976 4956.77
8 0 -234272 9492.01
9 0 -244677 8297.5
10 0 -211690 2755.17
11 0 -188328 3869.41
12 0 -214253 2383.65
13 0 -197620 4393.12
14 0 -222072 2487.56
15 0 -195025 4397.41
16 0 -170254 2234.13
17 0 -152379 5038.63
18 0 -177569 2770.63
19 0 -148143 5347.3
20 0 -179946 2548.73
21 0 -145745 4441.07
22 0 6.9164e-310 5
23 0 6.9164e-310 5
24 0 -179056 2655.48
25 0 -150156 4354.99
26 0 -179210 2744.09
27 0 -184504 4921.27
28 0 -85050 6.87969
29 0 -117612 2087.82
30 0 -129903 8007.32
31 0 6.9164e-310 5
32 0 -157267 2768.89
33 0 -182176 4998.3
34 0 -161047 2790.9
35 0 -182149 4706.51
36 0 -170876 2658.18
37 0 -143353 4643.89
38 0 -167610 2346.26
39 0 -137534 4659.74
40 0 -164256 2673.97
41 0 -140650 4283.86
42 0 -171355 2661.06
43 0 -142229 5091.4
44 0 -104012 309.826
45 0 6.9164e-310 5
46 0 -84114.9 29602.3
47 0 6.9164e-310 5
48 0 -195391 5115.29
49 0 -133439 4392.66
50 0 -155116 2246.33
51 0 -135805 4273.37
52 0 -154458 2381.89
53 0 -127485 3654.96
54 0 -153691 2586.97
55 0 -123671 4856.46
56 0 -149183 2508.54
57 0 -127166 4076.98
58 0 -150402 2538.39
59 0 -123089 4886.64
60 0 -163991 809.886
61 0 -153500 0.257202
62 0 6.9164e-310 5
63 0 6.9164e-310 5
64 0 6.9164e-310 5
65 0 6.9164e-310 5
66 0 570577 2203.5
67 0 562398 2162.61
68 0 571156 2152.16
69 0 570737 2229.35
70 0 562593 2445.34
71 0 570993 2420.36
72 0 555378 2690.61
73 0 563027 2666.86
74 0 562982 2484.22
75 0 555368 2680.45
76 0 595804 1332.67
77 0 561996 2413.11
78 0 555063 2525.74
79 0 563091 2521.97
80 0 6.9164e-310 5
81 0 6.9164e-310 5
82 0 587756 2155.51
83 0 587872 2413.58
84 0 587493 2191.28
85 0 587443 2178.03
86 0 587362 2567.07
87 0 588294 2524.66
88 0 579947 2391.35
89 0 580325 2317.24
90 0 580790 2507.94
91 0 579618 2367
92 0 580581 2525.84
93 0 580450 2225.39
94 0 582240 2785.84
95 0 579825 2412.94
96 0 6.9164e-310 5
97 0 6.9164e-310 5
98 0 607522 2468.37
99 0 607604 2791.33
100 0 607715 2152.36
101 0 606501 1869.52
102 0 604871 2176.86
103 0 605013 1377.71
104 0 598208 2415.26
105 0 596945 2310.32
106 0 597236 2401.2
107 0 597628 2509.33
108 0 599704 2272.81
109 0 599671 2415.61
110 0 599379 2824.68
111 0 599397 2624.94
112 0 6.9164e-310 5
113 0 6.9164e-310 5
114 0 627576 3322.06
115 0 625381 2778.73
116 0 627253 2674.71
117 0 627302 3348.5
118 0 625458 1998.16
119 0 625826 2344.03
120 0 607302 1771.06
121 0 614869 1655.34
122 0 616232 1893.89
123 0 607163 1882.1
124 0 616384 3135.33
125 0 615919 2144.89
126 0 616402 2720.65
127 0 616574 3368.25
128 0 6.9164e-310 5
129 0 6.9164e-310 5
130 0 633964 2398.83
131 0 642241 2410.31
132 0 642889 2449.12
133 0 641063 2153.79
134 0 642874 2256.35
135 0 642585 2408.41
136 0 633501 2121.68
137 0 633688 2229.89
138 0 644234 534.312
139 0 645499 506.427
140 0 645580 540.937
141 0 646399 532.865
142 0 645594 557.738
143 0 645688 614.342
144 0 6.9164e-310 5
145 0 6.9164e-310 5
146 0 673820 580.376
147 0 673749 613.497
148 0 672569 474.001
149 0 664130 619.091
150 0 671559 505.777
151 0 665425 517.248
152 0 665166 592.325
153 0 666316 570.466
154 0 664835 536.565
155 0 667225 1795.95
156 0 6.9164e-310 5
157 0 6.9164e-310 5
158 0 6.9164e-310 5
159 0 6.9164e-310 5
