0 0 6.90095e-310 5
1 0 5.72813e-316 5
2 0 -210602 2861.06
3 0 -232837 5230.69
4 0 -206072 2554.61
5 0 -227539 4330.94
6 0 -211690 2613.67
7 0 -177790 4690.91
8 0 -213244 2541.87
9 0 -228427 4824.5
10 0 -213254 2586.54
11 0 -189815 4141.76
12 0 -215798 2652.16
13 0 -243273 5307.84
14 0 -224147 2819.44
15 0 -196600 3830.61
16 0 -171986 2461.51
17 0 -153401 4675.37
18 0 -179047 2485.89
19 0 -149603 5645.1
20 0 -181441 2747.3
21 0 -147557 4426.21
22 0 6.90095e-310 5
23 0 6.90095e-310 5
24 0 -180648 3177.41
25 0 -196554 5062.03
26 0 -180829 2636.36
27 0 -142629 4287.37
28 0 -122105 281.893
29 0 -117618 1802.32
30 0 -132821 9570.22
31 0 6.90095e-310 5
32 0 -159350 2569.33
33 0 -184082 6331.92
34 0 -162967 3396.56
35 0 -183816 5004.6
36 0 -172224 2361.1
37 0 -144020 3963.77
38 0 -168991 3030.21
39 0 -138446 4629.06
40 0 -165305 2452.64
41 0 -141965 4889.71
42 0 -172478 2362.49
43 0 -188693 4763.87
44 0 -104909 295.802
45 0 6.90095e-310 5
46 0 -127499 20021.6
47 0 6.90095e-310 5
48 0 -152980 2321.96
49 0 -179191 4618.06
50 0 -156490 2493.6
51 0 -137494 3589.78
52 0 -156015 2664.56
53 0 -128623 4195.09
54 0 -155267 2439.53
55 0 -170158 7130.34
56 0 -195674 3551.88
57 0 -129166 4646.22
58 0 -151918 2594.99
59 0 -125519 4663.84
60 0 -223023 17611.6
61 0 -238500 0.157358
62 0 6.90095e-310 5
63 0 6.90095e-310 5
64 0 6.90095e-310 5
65 0 6.90095e-310 5
66 0 585734 2277.36
67 0 585591 2206.06
68 0 586421 2257.15
69 0 585981 2286.33
70 0 585814 2642.99
71 0 586006 2304.57
72 0 570399 2690.48
73 0 577992 2742.36
74 0 577969 2855.28
75 0 570354 2873.74
76 0 611276 1388.29
77 0 576970 2523.72
78 0 569926 2493.2
79 0 578054 2638.27
80 0 6.90095e-310 5
81 0 6.90095e-310 5
82 0 602782 2409.49
83 0 602700 2439.47
84 0 602514 2443.83
85 0 602391 2270.73
86 0 602234 2853.59
87 0 602986 2877.58
88 0 594800 2473.34
89 0 595144 2634.16
90 0 587918 2685.97
91 0 594463 2556.86
92 0 595818 2560.81
93 0 595642 2347.66
94 0 597415 2911.91
95 0 594934 2627.47
96 0 6.90095e-310 5
97 0 6.90095e-310 5
98 0 614509 2367.17
99 0 622655 2771.4
100 0 622820 2270.27
101 0 621765 2064.47
102 0 620027 2228.57
103 0 620247 1357.32
104 0 613060 2479.16
105 0 611783 2318.3
106 0 612287 2565.58
107 0 612598 2582.49
108 0 614657 2606.63
109 0 614575 2503.81
110 0 614224 2947.34
111 0 614635 2610.63
112 0 6.90095e-310 5
113 0 6.90095e-310 5
114 0 642088 3167.25
115 0 639978 2735.92
116 0 642411 2746.43
117 0 641779 3049.13
118 0 640831 2135.17
119 0 640918 2402.2
120 0 630640 1826.8
121 0 630267 1894.71
122 0 631736 2074.68
123 0 630655 2101.74
124 0 622319 2459.62
125 0 631028 2136.9
126 0 631261 2651.3
127 0 622694 2867.25
128 0 6.90095e-310 5
129 0 6.90095e-310 5
130 0 656908 2535.24
131 0 657231 2806.46
132 0 657781 2507.3
133 0 656082 2320.05
134 0 657891 2415.39
135 0 657371 2558.01
136 0 648924 2395.61
137 0 648731 2438.7
138 0 659421 552.25
139 0 660610 640.355
140 0 660707 675.215
141 0 661552 651.962
142 0 660698 665.979
143 0 660797 724.083
144 0 6.90095e-310 5
145 0 6.90095e-310 5
146 0 672991 666.612
147 0 672831 710.674
148 0 671563 480.606
149 0 671244 607.086
150 0 670790 608.932
151 0 672413 558.003
152 0 664274 504.055
153 0 665396 515.919
154 0 664156 506.061
155 0 665491 1405.1
156 0 6.90095e-310 5
157 0 6.90095e-310 5
158 0 6.90095e-310 5
159 0 6.90095e-310 5
