0 0 6.92068e-310 5
1 0 5.28812e-316 5
2 0 -222584 6682.21
3 0 -198354 8857.73
4 0 -218473 5762.21
5 0 -193531 7912.64
6 0 -222578 5478.08
7 0 -189752 12452.4
8 0 -224548 7814.11
9 0 -194718 7348.53
10 0 -211731 5170.31
11 0 -201099 9093.51
12 0 -227575 6853.9
13 0 -213468 5817.96
14 0 -236818 4731.49
15 0 -208337 7302.5
16 0 -170535 3919.43
17 0 -164906 13379.6
18 0 -191910 5169.8
19 0 -163788 5912.43
20 0 -181157 5709.62
21 0 -161690 13050
22 0 6.92068e-310 5
23 0 6.92068e-310 5
24 0 -193845 5864.37
25 0 -196235 4421.19
26 0 -220797 31757.4
27 0 -154718 8808.79
28 0 -121592 54.2282
29 0 -118820 2011.73
30 0 -136043 8409.38
31 0 6.92068e-310 5
32 0 -172498 7133.13
33 0 -142340 10910.1
34 0 -176881 4994.46
35 0 -152994 8561.29
36 0 -171609 4482.72
37 0 -159325 6441.27
38 0 -183084 5662.8
39 0 -147046 10084
40 0 -180439 5709.77
41 0 -155245 6452.44
42 0 -215506 4497.67
43 0 -159009 6951.43
44 0 -104183 339.696
45 0 6.92068e-310 5
46 0 -115636 2844.89
47 0 6.92068e-310 5
48 0 -168814 4675.14
49 0 -135394 7049.8
50 0 -172212 5237.43
51 0 -151329 7405.43
52 0 -170367 5504.96
53 0 -143430 5801.39
54 0 -153681 4600.84
55 0 -140738 8257.07
56 0 -194284 4064.55
57 0 -145071 5117.73
58 0 -151807 31745.8
59 0 -138255 9769.87
60 0 -224229 19116
61 0 -139500 0.251046
62 0 6.92068e-310 5
63 0 6.92068e-310 5
64 0 6.92068e-310 5
65 0 6.92068e-310 5
66 0 586202 2371.97
67 0 586070 2241.28
68 0 586813 2292.01
69 0 586448 2352.56
70 0 585987 2365.37
71 0 586504 2357.02
72 0 570777 2748.7
73 0 578492 2624.53
74 0 578746 2774.21
75 0 571164 2827.52
76 0 611230 1538.49
77 0 577727 2635.59
78 0 570621 2675.99
79 0 578755 2726.71
80 0 6.92068e-310 5
81 0 6.92068e-310 5
82 0 603410 2584.75
83 0 603597 2602.3
84 0 603161 2429.74
85 0 603125 2395.72
86 0 603209 2538.17
87 0 603847 2910.85
88 0 595263 2500.64
89 0 595889 2347.18
90 0 588818 2581.76
91 0 595305 2414.22
92 0 596704 2767.02
93 0 596273 2902.7
94 0 597410 2426.87
95 0 595173 2479.85
96 0 6.92068e-310 5
97 0 6.92068e-310 5
98 0 614890 2313.03
99 0 622715 2499.75
100 0 623476 2219.3
101 0 622089 1843.34
102 0 621131 2345.86
103 0 620967 1714.45
104 0 613823 2545.46
105 0 612662 2508.78
106 0 612971 2480.19
107 0 613061 2460.87
108 0 615043 2732.73
109 0 615330 2636.01
110 0 615090 2822.88
111 0 614920 2801.26
112 0 6.92068e-310 5
113 0 6.92068e-310 5
114 0 642546 3086.2
115 0 641057 2885.83
116 0 642814 3030.05
117 0 642058 3046.31
118 0 641329 2224.64
119 0 641749 2730.61
120 0 631170 2019.05
121 0 630798 1969.74
122 0 632126 2186.62
123 0 631045 2110.47
124 0 622781 2795.51
125 0 631709 2626.42
126 0 631324 2848.48
127 0 623054 2691.76
128 0 6.92068e-310 5
129 0 6.92068e-310 5
130 0 657218 2544.07
131 0 657789 2657.22
132 0 658459 2538.37
133 0 656614 2339.8
134 0 658414 2534.18
135 0 657859 2422.13
136 0 649759 2644.88
137 0 649318 2455.6
138 0 659783 683.862
139 0 661100 687.508
140 0 661397 550.379
141 0 661932 732.21
142 0 661264 683.851
143 0 661565 643.363
144 0 6.92068e-310 5
145 0 6.92068e-310 5
146 0 673636 544.69
147 0 673573 772.114
148 0 672305 578.482
149 0 671693 539.147
150 0 671360 538.904
151 0 673052 694.824
152 0 664551 536.844
153 0 665687 587.217
154 0 664826 867.749
155 0 664909 695.23
156 0 6.92068e-310 5
157 0 6.92068e-310 5
158 0 6.92068e-310 5
159 0 6.92068e-310 5
