0 0 6.90076e-310 5
1 0 6.73195e-316 5
2 0 -226464 11316.3
3 0 -203358 6884.4
4 0 -207455 5516.63
5 0 -198570 6210.46
6 0 -224553 5498.59
7 0 -191915 7392.8
8 0 -227635 5962.21
9 0 -175604 31535.4
10 0 -212912 4833.65
11 0 -193183 7784.96
12 0 -230533 8248.48
13 0 -213336 8493.59
14 0 -224639 4912.7
15 0 -210570 5948.05
16 0 -187604 7229.84
17 0 -169261 9271.58
18 0 -179528 4781.04
19 0 -164114 10320.7
20 0 -197058 7014.44
21 0 -163549 7133.71
22 0 6.90076e-310 5
23 0 6.90076e-310 5
24 0 -222794 5899.89
25 0 -167788 5462
26 0 -195484 7388.6
27 0 -157274 8154.3
28 0 -122022 289.919
29 0 -119544 2371.85
30 0 -135551 10820.8
31 0 6.90076e-310 5
32 0 -175366 9538.9
33 0 -142113 10414.5
34 0 -178593 6210.57
35 0 -155991 6006.55
36 0 -186369 5212.38
37 0 -160660 5712.38
38 0 -185308 4890.31
39 0 -153737 7677.66
40 0 -165294 3805.16
41 0 -157428 6842.36
42 0 -190667 5142.72
43 0 -159716 7540.11
44 0 -104733 426.361
45 0 6.90076e-310 5
46 0 -162816 17284.7
47 0 6.90076e-310 5
48 0 -153727 4174.98
49 0 -152106 5487.46
50 0 -173730 5764
51 0 -155224 6457.05
52 0 -156884 4167.2
53 0 -145886 5747.17
54 0 -173579 4946.4
55 0 -144108 5486.08
56 0 -168156 5451.7
57 0 -131024 6548.29
58 0 -168535 5843.92
59 0 -141466 6216.59
60 0 -225000 849.337
61 0 -211500 0.136283
62 0 6.90076e-310 5
63 0 6.90076e-310 5
64 0 6.90076e-310 5
65 0 6.90076e-310 5
66 0 569991 2376.59
67 0 570007 2368.55
68 0 570648 2386.41
69 0 570238 2540.56
70 0 569757 2398.94
71 0 562247 2459.98
72 0 562586 2756.79
73 0 562240 2726.05
74 0 562281 2881.44
75 0 562661 2854.62
76 0 595019 1485.15
77 0 561371 2754.32
78 0 562290 2882.19
79 0 562493 2909.8
80 0 6.90076e-310 5
81 0 6.90076e-310 5
82 0 587480 2750.87
83 0 587392 2808.88
84 0 587026 2514.06
85 0 587076 2613.46
86 0 586632 2911.32
87 0 587392 3015.12
88 0 571063 2328.98
89 0 579385 2697.1
90 0 580468 2790.1
91 0 570796 2589.71
92 0 580021 2539.19
93 0 579968 2492.4
94 0 581114 2360.62
95 0 578910 2344.8
96 0 6.90076e-310 5
97 0 6.90076e-310 5
98 0 606581 2270.89
99 0 606205 2261.53
100 0 607312 2342.98
101 0 605872 1873.53
102 0 605029 2260.13
103 0 605246 1961.73
104 0 589579 2771.32
105 0 596468 2684.14
106 0 596760 2719.79
107 0 589011 2623.99
108 0 598862 2771.19
109 0 598951 2819.77
110 0 598792 3121.73
111 0 599152 2967.84
112 0 6.90076e-310 5
113 0 6.90076e-310 5
114 0 625697 3030.59
115 0 624378 2981.07
116 0 626392 3150.84
117 0 625519 3462.82
118 0 625219 2319.09
119 0 625173 2568.75
120 0 615327 2379.21
121 0 614848 2312.71
122 0 616315 2407.58
123 0 615264 2435.29
124 0 614410 2684.62
125 0 615457 2542.79
126 0 615478 3002.11
127 0 614714 2831.1
128 0 6.90076e-310 5
129 0 6.90076e-310 5
130 0 641005 2864.65
131 0 641515 2859.14
132 0 641921 3165.73
133 0 640495 2490.26
134 0 642482 2821.23
135 0 641734 2750.72
136 0 633857 2974.81
137 0 633678 2844.88
138 0 635701 727.187
139 0 644976 796.336
140 0 645118 802.993
141 0 645834 790.104
142 0 644963 769.145
143 0 645328 895.203
144 0 6.90076e-310 5
145 0 6.90076e-310 5
146 0 673328 693.215
147 0 673188 857.452
148 0 671769 538.287
149 0 671456 542.939
150 0 671199 594.512
151 0 672679 689.14
152 0 664427 582.054
153 0 665621 656.201
154 0 664350 529.802
155 0 664640 675.982
156 0 6.90076e-310 5
157 0 6.90076e-310 5
158 0 6.90076e-310 5
159 0 6.90076e-310 5
