0 0 6.9026e-310 5
1 0 6.63608e-316 5
2 0 -209262 2193.14
3 0 -230848 5791.8
4 0 -248489 3122.44
5 0 -224748 4127.37
6 0 -210386 2494.94
7 0 -177363 3987.44
8 0 -212743 2326.12
9 0 -226926 7097.89
10 0 -212204 2444.08
11 0 -189577 4480.95
12 0 -215078 2105.55
13 0 -241646 5558.49
14 0 -222840 2364.65
15 0 -196142 3583.02
16 0 -171229 2701.68
17 0 -153011 4301.68
18 0 -178182 3186.5
19 0 -193469 5019.96
20 0 -181009 2408
21 0 -146542 4944.09
22 0 6.9026e-310 5
23 0 6.9026e-310 5
24 0 -220570 2059.64
25 0 -150937 3589.76
26 0 -223592 3488.56
27 0 -142148 5271.05
28 0 -122257 66.4187
29 0 -117875 2524.32
30 0 -130853 6518.49
31 0 6.9026e-310 5
32 0 -193802 11295.3
33 0 -138779 3805.66
34 0 -205181 3718.46
35 0 -138237 4442
36 0 -171431 2227.54
37 0 -186221 7364.29
38 0 -214134 3094.78
39 0 -138257 4694.65
40 0 -212736 6468.44
41 0 -140297 3998.58
42 0 -171873 2393.21
43 0 -142928 4234.92
44 0 -104182 354.021
45 0 6.9026e-310 5
46 0 -148032 2656.94
47 0 6.9026e-310 5
48 0 -195480 4711.55
49 0 -177052 3034.91
50 0 -156544 2648.05
51 0 -136840 3985.24
52 0 -154967 2445.67
53 0 -127861 3835.76
54 0 -154902 2630.47
55 0 -123964 5230.4
56 0 -149089 1993.65
57 0 -171428 4874.19
58 0 -151248 2445.97
59 0 -124074 4325.77
60 0 -120427 8374.52
61 0 6.9026e-310 5
62 0 6.9026e-310 5
63 0 6.9026e-310 5
64 0 6.9026e-310 5
65 0 6.9026e-310 5
66 0 570095 2163.57
67 0 569961 2181.37
68 0 570867 2189.58
69 0 570444 2269.58
70 0 570254 2624.57
71 0 570734 2545
72 0 554691 2853.72
73 0 562552 3037.75
74 0 562425 2769.66
75 0 554794 2854.87
76 0 595732 1364.86
77 0 561432 2699.71
78 0 554248 2558.9
79 0 562249 2657.11
80 0 6.9026e-310 5
81 0 6.9026e-310 5
82 0 587026 2446.18
83 0 587169 2553.97
84 0 586926 2230.54
85 0 586772 2223.64
86 0 586909 2657.33
87 0 587325 2905.45
88 0 578991 2649.78
89 0 579631 2453.23
90 0 572483 2591.32
91 0 579051 2480.75
92 0 580159 2661.69
93 0 579803 2769.04
94 0 581951 2924.91
95 0 579094 2760.17
96 0 6.9026e-310 5
97 0 6.9026e-310 5
98 0 599358 2802.59
99 0 607421 3163.69
100 0 607150 2141.76
101 0 606195 2014.53
102 0 604989 2325.35
103 0 605265 1601.81
104 0 597561 2511.56
105 0 596387 2391.8
106 0 596704 2425.08
107 0 596883 2454.47
108 0 598789 2644.57
109 0 599280 2731.03
110 0 598737 2685.3
111 0 598513 2485.49
112 0 6.9026e-310 5
113 0 6.9026e-310 5
114 0 627012 3366.6
115 0 624826 2846.42
116 0 627053 2977.44
117 0 626481 3246.65
118 0 625307 2014.6
119 0 625847 2641.78
120 0 614923 1851.16
121 0 614543 1676.59
122 0 616143 2060.64
123 0 614988 1897.44
124 0 607736 3448.37
125 0 615494 2231.19
126 0 615362 2899.18
127 0 607260 2829.24
128 0 6.9026e-310 5
129 0 6.9026e-310 5
130 0 641249 2637.41
131 0 641813 2657.21
132 0 642320 2565.37
133 0 640453 2388.38
134 0 642073 2262.28
135 0 641597 2356.86
136 0 633437 2373.51
137 0 633012 2239.67
138 0 643669 660.131
139 0 645006 688.059
140 0 645332 530.341
141 0 645817 718.566
142 0 645148 686.446
143 0 645408 592.268
144 0 6.9026e-310 5
145 0 6.9026e-310 5
146 0 673491 511.359
147 0 673378 702.263
148 0 672257 589.61
149 0 671581 525.587
150 0 671475 840.516
151 0 672978 720.83
152 0 664526 542.941
153 0 665636 562.43
154 0 664381 513.559
155 0 664890 707.21
156 0 6.9026e-310 5
157 0 6.9026e-310 5
158 0 6.9026e-310 5
159 0 6.9026e-310 5
