0 0 6.91886e-310 5
1 0 4.6463e-316 5
2 0 -209408 2340.93
3 0 -230442 6347.07
4 0 -204876 2756.9
5 0 -181138 4500.33
6 0 -210700 2707.18
7 0 -176780 4864.12
8 0 -212674 2480.16
9 0 -182089 4660.79
10 0 -212326 2611.18
11 0 -189004 3728.67
12 0 -215341 2326.28
13 0 -197732 4306.81
14 0 -222846 2687.31
15 0 -195981 3900.75
16 0 -170843 2398.11
17 0 -195538 5225.33
18 0 -178196 2712.09
19 0 -192092 6648.34
20 0 -180785 2683.88
21 0 -147657 4650.29
22 0 6.91886e-310 5
23 0 6.91886e-310 5
24 0 -179236 2276.4
25 0 -150700 4771.18
26 0 -179621 2641.65
27 0 -141605 4764.9
28 0 -121760 251.535
29 0 -117512 1803.15
30 0 -131182 10192.5
31 0 6.91886e-310 5
32 0 -157917 2842.74
33 0 -138554 5324.85
34 0 -204275 4336.18
35 0 -139364 4474.82
36 0 -171091 2614.65
37 0 -142522 4729.37
38 0 -168041 2542.15
39 0 -138055 4571.8
40 0 -164824 2742.77
41 0 -140937 4559.66
42 0 -214272 2705.09
43 0 -143375 5766.42
44 0 -104359 103.888
45 0 6.91886e-310 5
46 0 -320793 17945.5
47 0 6.91886e-310 5
48 0 -152133 2328.45
49 0 -134884 4243.3
50 0 -155941 2369.92
51 0 -136336 3745.07
52 0 -154731 2382.38
53 0 -127459 4179.6
54 0 -154359 2429.55
55 0 -168343 4595.24
56 0 -149327 2550.13
57 0 -127990 3955.76
58 0 -151045 2465.86
59 0 -123780 4778.8
60 0 -159460 4584.49
61 0 -198500 0.128454
62 0 6.91886e-310 5
63 0 6.91886e-310 5
64 0 6.91886e-310 5
65 0 6.91886e-310 5
66 0 577885 2162.82
67 0 585724 2158.94
68 0 578696 2273.04
69 0 586085 2154.67
70 0 586439 2877.93
71 0 578379 2366.9
72 0 578487 2981.12
73 0 578354 2935.89
74 0 578222 2936.18
75 0 578541 2874.09
76 0 611594 1333.23
77 0 577197 2589.25
78 0 577964 2432.89
79 0 578071 2580.03
80 0 6.91886e-310 5
81 0 6.91886e-310 5
82 0 594841 2377.32
83 0 602952 2398.65
84 0 602701 2415.96
85 0 602572 2269.46
86 0 602555 2624.48
87 0 602966 2949.64
88 0 594995 2417.56
89 0 587383 2571.18
90 0 596405 2443.76
91 0 594663 2650.52
92 0 595942 2821.1
93 0 595647 2756.33
94 0 597747 2849.39
95 0 595006 2786.87
96 0 6.91886e-310 5
97 0 6.91886e-310 5
98 0 622895 2505.54
99 0 614976 2808.29
100 0 622786 2063.11
101 0 622150 2115.84
102 0 620483 2179.64
103 0 620675 1622.41
104 0 613215 2530.64
105 0 612048 2452.77
106 0 612556 2522.92
107 0 612870 2450.01
108 0 606480 2566.62
109 0 614706 2608.2
110 0 614501 2799.59
111 0 606354 2534.21
112 0 6.91886e-310 5
113 0 6.91886e-310 5
114 0 642413 3147.35
115 0 640651 2918.59
116 0 642565 2713.44
117 0 642287 3217.38
118 0 641208 2207.29
119 0 641448 2555.66
120 0 630666 1736.98
121 0 630138 1746
122 0 631796 1936.87
123 0 630615 1897.6
124 0 623150 3039.56
125 0 631869 2875.58
126 0 631101 2705.79
127 0 623097 3052.49
128 0 6.91886e-310 5
129 0 6.91886e-310 5
130 0 656681 2436.01
131 0 657439 2731.15
132 0 657628 2448.55
133 0 656098 2298.1
134 0 657908 2373.78
135 0 657335 2440.2
136 0 641139 2187.76
137 0 648758 2359.3
138 0 659430 549.565
139 0 652676 686.528
140 0 660951 598.645
141 0 661557 648.46
142 0 660833 668.981
143 0 661096 628.377
144 0 6.91886e-310 5
145 0 6.91886e-310 5
146 0 673310 516.481
147 0 673034 725.268
148 0 663834 485.804
149 0 671487 505.007
150 0 671263 571.497
151 0 664542 624.798
152 0 664349 509.675
153 0 665448 552.219
154 0 664464 945.015
155 0 664423 554.411
156 0 6.91886e-310 5
157 0 6.91886e-310 5
158 0 6.91886e-310 5
159 0 6.91886e-310 5
