0 0 6.91295e-310 5
1 0 5.39145e-316 5
2 0 -91300.9 31905.3
3 0 -235720 9380.85
4 0 -197605 8119.72
5 0 -169884 3309.55
6 0 -167224 8212.98
7 0 -242159 20465.1
8 0 -255185 30508.5
9 0 -277942 20005.4
10 0 -198961 3020.31
11 0 -161893 14807.4
12 0 -188008 2685.48
13 0 -246512 2919.81
14 0 -227249 3326.32
15 0 -214897 21151.9
16 0 -237259 7358.36
17 0 -262331 27904.1
18 0 -166396 2356.76
19 0 -278572 29591.5
20 0 -168678 3060.91
21 0 -115652 9000.2
22 0 6.91295e-310 5
23 0 6.91295e-310 5
24 0 -145438 4526.35
25 0 -137049 3592.2
26 0 -167573 2910.9
27 0 -218768 4510.18
28 0 -90305.7 16.5709
29 0 -120389 891.16
30 0 -246709 4002.58
31 0 6.91295e-310 5
32 0 -143085 5054.25
33 0 -275545 16201
34 0 -216923 26177.3
35 0 -167789 31821.4
36 0 -157514 2410.09
37 0 -228065 4449.59
38 0 -154592 3467.04
39 0 -129477 4755.4
40 0 -128000 2720.35
41 0 -136824 3121.67
42 0 -160739 3823.4
43 0 -236447 30146.6
44 0 -105021 271.741
45 0 6.91295e-310 5
46 0 -232056 6812.23
47 0 6.91295e-310 5
48 0 -232156 28003.4
49 0 -298990 10373.2
50 0 -209279 5535.46
51 0 -125763 3490.55
52 0 -144772 4121.68
53 0 -31701 25952.8
54 0 -58853.8 33591.6
55 0 -215602 30212.8
56 0 -147945 3561.64
57 0 -140761 3326.75
58 0 -101637 1253.44
59 0 -188254 20298.4
60 0 -207395 2953.41
61 0 -105500 0.247442
62 0 6.91295e-310 5
63 0 6.91295e-310 5
64 0 6.91295e-310 5
65 0 6.91295e-310 5
66 0 569736 2501.82
67 0 561747 2722.6
68 0 570021 2273.09
69 0 569826 2385.39
70 0 561188 2105.28
71 0 569606 2239.55
72 0 554415 2201.92
73 0 561873 2256.09
74 0 562430 2106.83
75 0 591135 1989.68
76 0 594112 1330.86
77 0 561381 2031.21
78 0 579350 1463.2
79 0 562745 2096.99
80 0 6.91295e-310 5
81 0 6.91295e-310 5
82 0 614122 2050.05
83 0 615410 1186.06
84 0 586729 1592.07
85 0 611863 1975.62
86 0 586874 1783.97
87 0 621097 1274.54
88 0 579042 1516.59
89 0 579740 1761.87
90 0 580141 1782.1
91 0 578801 1598.32
92 0 579428 1881.25
93 0 579536 1748.21
94 0 580427 2094.25
95 0 578213 1831.8
96 0 6.91295e-310 5
97 0 6.91295e-310 5
98 0 605549 2126.62
99 0 605435 2094.53
100 0 607151 3025.2
101 0 605136 2057.75
102 0 604096 3710.29
103 0 627749 830.225
104 0 620590 699.583
105 0 627269 1481.57
106 0 597271 2971.09
107 0 623366 1642.17
108 0 599820 2598.5
109 0 599891 3077.16
110 0 599016 2499.36
111 0 628741 1027.17
112 0 6.91295e-310 5
113 0 6.91295e-310 5
114 0 625771 2605.97
115 0 624414 2506.9
116 0 625454 2468.82
117 0 625020 2574.17
118 0 624838 2393.29
119 0 624483 2342.29
120 0 607389 2314.91
121 0 615336 2433.41
122 0 615858 2236.03
123 0 606973 2200.92
124 0 614138 2141.3
125 0 614834 2233.32
126 0 615440 2501.57
127 0 614665 2374.79
128 0 6.91295e-310 5
129 0 6.91295e-310 5
130 0 633368 2694.57
131 0 641571 2654.29
132 0 669956 1127.08
133 0 640511 2714.15
134 0 667902 1427.04
135 0 642225 3011.91
136 0 658170 771.354
137 0 637387 5180.17
138 0 643297 876.374
139 0 644801 938.049
140 0 645230 874.432
141 0 645707 1138.49
142 0 644827 802.915
143 0 645336 961.968
144 0 6.91295e-310 5
145 0 6.91295e-310 5
146 0 672901 493.394
147 0 672920 830.293
148 0 671535 521.077
149 0 662923 429.198
150 0 670884 441.161
151 0 664302 625.795
152 0 664097 646.996
153 0 665312 746.872
154 0 664140 624.702
155 0 664444 575.623
156 0 6.91295e-310 5
157 0 6.91295e-310 5
158 0 6.91295e-310 5
159 0 6.91295e-310 5
