0 0 6.90425e-310 5
1 0 5.86186e-316 5
2 0 -99639.1 13003.5
3 0 -171977 31965.4
4 0 -229418 30211.6
5 0 -246842 5190.95
6 0 -219493 10280.8
7 0 -111241 4695.47
8 0 -174201 18230.1
9 0 -132599 8334.41
10 0 -234694 12626
11 0 -264266 27475.4
12 0 -150895 3653.46
13 0 -213316 30555.9
14 0 -281765 25317.4
15 0 -262934 11979.9
16 0 -282062 34465.9
17 0 -166043 32176.6
18 0 -239719 3089.12
19 0 -285137 19730
20 0 -107462 7840.38
21 0 -168163 4688.62
22 0 6.90425e-310 5
23 0 6.90425e-310 5
24 0 -228902 3834.77
25 0 -125542 26331.2
26 0 -55946.2 23662.6
27 0 -198015 7136.03
28 0 -122010 309.647
29 0 -117607 1828.64
30 0 -245653 11535.2
31 0 6.90425e-310 5
32 0 -110045 2049.28
33 0 -147999 4974.41
34 0 -245949 923.767
35 0 -135726 5363.66
36 0 -121499 5979.93
37 0 -195830 2293.02
38 0 -188067 8273.71
39 0 -188606 27129.2
40 0 -207955 2354.06
41 0 -145232 3318.04
42 0 -108427 3867.91
43 0 -109423 31204.5
44 0 -104726 414.63
45 0 6.90425e-310 5
46 0 -127594 2780.13
47 0 6.90425e-310 5
48 0 -178244 31684.1
49 0 -181671 6182.5
50 0 -138269 3659.73
51 0 -246082 2312.78
52 0 -140240 6832.73
53 0 -111976 817.601
54 0 -152856 2967.51
55 0 -148798 6525.66
56 0 -125176 6488.11
57 0 -168970 4053.29
58 0 -207844 996.135
59 0 -249918 24802.5
60 0 -191698 32747.1
61 0 -208500 0.100486
62 0 6.90425e-310 5
63 0 6.90425e-310 5
64 0 673828 498.101
65 0 6.90425e-310 5
66 0 570018 2363.62
67 0 569896 2344.53
68 0 570726 2342.51
69 0 570341 2428.02
70 0 569851 2364.91
71 0 562399 2457.04
72 0 562550 2877.2
73 0 562407 2911.22
74 0 562208 3026.12
75 0 562543 2994.49
76 0 595606 1368.35
77 0 561244 2801.5
78 0 562045 2626.97
79 0 562160 2735.2
80 0 656484 1494.21
81 0 6.90425e-310 5
82 0 586986 2552.46
83 0 587026 2712.29
84 0 586561 2645.21
85 0 586835 2244.7
86 0 586328 2853.66
87 0 587123 3025.07
88 0 571055 2405.87
89 0 579325 2734.9
90 0 580259 2917.73
91 0 570582 2731.53
92 0 579903 2701.08
93 0 579759 2507.97
94 0 581391 2644.36
95 0 578897 2518.86
96 0 586156 996.147
97 0 6.90425e-310 5
98 0 606552 2263.64
99 0 606613 2568.93
100 0 607165 2400.94
101 0 605898 1966.65
102 0 604371 2314.26
103 0 604866 1695.55
104 0 589173 2556.55
105 0 596069 2425.84
106 0 596525 2669.73
107 0 588888 2580.79
108 0 598878 2656.11
109 0 598894 2783.59
110 0 598306 2817.64
111 0 598745 2528.67
112 0 516500 2222.91
113 0 6.90425e-310 5
114 0 625809 2981.73
115 0 624108 2827.64
116 0 626067 2513.23
117 0 626146 3478.29
118 0 625197 2210.46
119 0 625115 2410.71
120 0 615160 2110.14
121 0 614596 2057.53
122 0 616124 2078.43
123 0 615036 2173.36
124 0 614661 2448.51
125 0 615348 2180.11
126 0 615705 2744.82
127 0 614942 2792.53
128 0 783860 2490.34
129 0 6.90425e-310 5
130 0 641013 2636.73
131 0 641579 2823.85
132 0 641937 2723.64
133 0 640485 2560.01
134 0 642257 2629.13
135 0 641570 2691.1
136 0 633286 2571.72
137 0 633289 2616.27
138 0 635640 687.714
139 0 644853 785.669
140 0 644996 800.798
141 0 645720 753.869
142 0 644867 769.667
143 0 645084 857.668
144 0 508500 1899.91
145 0 6.90425e-310 5
146 0 673292 682.584
147 0 673072 855.35
148 0 671739 542.025
149 0 671441 535.859
150 0 671153 579.33
151 0 672606 689.525
152 0 664393 569.906
153 0 665556 649.039
154 0 664338 507.24
155 0 664561 679.631
156 0 6.90425e-310 5
157 0 6.90425e-310 5
158 0 6.90425e-310 5
159 0 6.90425e-310 5
