0 0 6.89852e-310 5
1 0 6.47375e-316 5
2 0 -229769 31811.2
3 0 -198279 7287.29
4 0 -196194 31396.3
5 0 -191055 10287.9
6 0 -223147 5925.65
7 0 -189896 6891.79
8 0 -224371 7120.3
9 0 -194185 6996.68
10 0 -225587 5920.1
11 0 -189907 7168.04
12 0 -228838 6678.14
13 0 -211810 7261.11
14 0 -234800 5486.51
15 0 -207866 10173.8
16 0 -171635 4851.19
17 0 -166124 7564.4
18 0 -219674 2495.9
19 0 -161986 6614.08
20 0 -193706 6251.59
21 0 -159380 6678.83
22 0 6.89852e-310 5
23 0 6.89852e-310 5
24 0 -178415 3880.63
25 0 -166054 6292.59
26 0 -174838 31445.6
27 0 -154798 7120.65
28 0 -121591 54.3688
29 0 -118926 2099.5
30 0 -236980 6941.97
31 0 -251447 11473.6
32 0 -156474 5079.24
33 0 -150543 7963.49
34 0 -176121 5315.75
35 0 -149456 11209.3
36 0 -214090 3652.93
37 0 -145440 7234.48
38 0 -167482 4334.37
39 0 -152902 6058.53
40 0 -178097 5075.5
41 0 -152706 10229
42 0 -167347 15848
43 0 -138544 26467.2
44 0 -104193 340.971
45 0 6.89852e-310 5
46 0 -129173 17649
47 0 6.89852e-310 5
48 0 -167397 5795.84
49 0 -146944 5835.06
50 0 -170237 5379.46
51 0 -151467 5545.98
52 0 -150012 12366
53 0 -140744 7861.44
54 0 -169601 8444.72
55 0 -156729 31589.6
56 0 -164849 4446.5
57 0 -143132 5551.61
58 0 -167960 3799.97
59 0 -136985 7791.9
60 0 -116281 4030.64
61 0 -191500 0.250341
62 0 6.89852e-310 5
63 0 6.89852e-310 5
64 0 6.89852e-310 5
65 0 623500 0.0128483
66 0 577873 2196.39
67 0 585806 2131.61
68 0 578571 2229.37
69 0 586105 2212.78
70 0 585879 2372.2
71 0 578189 2195.81
72 0 578642 2817.48
73 0 578395 2687.29
74 0 578673 2848.26
75 0 578922 2779.74
76 0 611149 1449.87
77 0 577697 2758.74
78 0 578368 2503.4
79 0 578458 2591.45
80 0 6.89852e-310 5
81 0 6.89852e-310 5
82 0 595295 2497.03
83 0 603475 2455.18
84 0 602929 2324.05
85 0 602716 2425.32
86 0 602854 2516.02
87 0 603498 2804.58
88 0 595158 2457.88
89 0 587640 2358.09
90 0 596775 2470.14
91 0 595043 2495.73
92 0 596394 2632.83
93 0 596077 2710.92
94 0 597411 2455.77
95 0 595194 2578.36
96 0 6.89852e-310 5
97 0 623500 0.0128483
98 0 622836 2388.48
99 0 614537 2463.09
100 0 622906 1997.14
101 0 621989 1892.19
102 0 620981 2381.01
103 0 621098 1802.31
104 0 613639 2590.07
105 0 612349 2459.7
106 0 612872 2424.54
107 0 612935 2401.35
108 0 606897 2701.44
109 0 615106 2565.3
110 0 615039 2872.2
111 0 606817 2725.1
112 0 6.89852e-310 5
113 0 623500 0.0128483
114 0 642574 3259.19
115 0 640902 2901.58
116 0 642382 2728.49
117 0 642068 3215.93
118 0 641351 2305.74
119 0 641669 2705.09
120 0 630891 1915.74
121 0 630357 1840.59
122 0 631969 2218.59
123 0 630850 2074.21
124 0 622602 2616.38
125 0 631328 2407.57
126 0 631293 3029.6
127 0 622920 2824.48
128 0 6.89852e-310 5
129 0 623500 0.0128483
130 0 656989 2330.52
131 0 657651 2748.56
132 0 658108 2563.1
133 0 656585 2505.57
134 0 658258 2410.62
135 0 657604 2372.23
136 0 641517 2485.33
137 0 649197 2525.89
138 0 659564 610.574
139 0 652903 693.508
140 0 661207 521.686
141 0 661724 675.025
142 0 661017 616.341
143 0 661328 570.237
144 0 6.89852e-310 5
145 0 623500 0.0128483
146 0 673437 481.822
147 0 673254 674.558
148 0 664082 547.778
149 0 671560 482.819
150 0 671339 548.124
151 0 664799 656.427
152 0 664421 504.555
153 0 665574 561.426
154 0 664317 479.077
155 0 664639 606.744
156 0 623500 0.0128483
157 0 623500 0.0128483
158 0 623500 0.0128483
159 0 623500 0.0128483
