0 0 6.93355e-310 5
1 0 6.03316e-316 5
2 0 -213647 2867.6
3 0 -191034 5235.59
4 0 -209131 2784.51
5 0 -185477 4665.07
6 0 -214571 2662.58
7 0 -180865 5018.54
8 0 -216318 2625.55
9 0 -185712 4803.03
10 0 -216330 2551.65
11 0 -193059 3927.84
12 0 -219035 2896.99
13 0 -202545 4400.94
14 0 -227099 2548.68
15 0 -200316 4374.62
16 0 -175366 2976.37
17 0 -157179 6036.04
18 0 -182158 2672.49
19 0 -153003 5264.54
20 0 -184693 2675.73
21 0 -151147 5114.27
22 0 6.93355e-310 5
23 0 6.93355e-310 5
24 0 -183231 2678.57
25 0 -154892 4227.12
26 0 -183816 2899.33
27 0 -145646 5094.54
28 0 -122351 116.038
29 0 -120398 2198.08
30 0 -240501 18521.2
31 0 -232368 2268.45
32 0 -162804 3907.07
33 0 -143277 4512.89
34 0 -165806 3001.23
35 0 -142937 5213.13
36 0 -175805 2730.02
37 0 -147093 3669.44
38 0 -172309 2586.83
39 0 -141874 5205.23
40 0 -168723 2740.24
41 0 -144985 4602.41
42 0 -175865 2748.07
43 0 -147136 4457.62
44 0 -104817 492.131
45 0 6.93355e-310 5
46 0 -150570 29471.3
47 0 6.93355e-310 5
48 0 -156345 2745.08
49 0 -138638 4755.89
50 0 -159526 2561.48
51 0 -140488 3817.94
52 0 -159123 2469.71
53 0 -131963 4128.1
54 0 -158307 2602.44
55 0 -128901 5768.95
56 0 -153681 2646.87
57 0 -131993 4023.76
58 0 -155051 2518.17
59 0 -127918 4746.44
60 0 -218971 29234.6
61 0 -197500 0.131911
62 0 6.93355e-310 5
63 0 6.93355e-310 5
64 0 6.93355e-310 5
65 0 6.93355e-310 5
66 0 570960 2983.27
67 0 562709 2887.87
68 0 571660 3306.52
69 0 571171 3043.45
70 0 562657 3041.34
71 0 571200 2968.05
72 0 555508 3346.37
73 0 563358 3330.13
74 0 562989 3455.56
75 0 555597 3533.66
76 0 595334 1481.3
77 0 561844 3186.35
78 0 554680 3238.8
79 0 562816 3262.81
80 0 6.93355e-310 5
81 0 6.93355e-310 5
82 0 587581 2895.07
83 0 587573 3380.67
84 0 587612 2672.83
85 0 587730 2474.61
86 0 587618 3209.85
87 0 588357 3060.58
88 0 579798 2715.55
89 0 580289 2938.21
90 0 581120 3058.43
91 0 579577 2881.2
92 0 580578 2708.56
93 0 580638 2733.99
94 0 581905 2717.22
95 0 579521 2482.75
96 0 6.93355e-310 5
97 0 6.93355e-310 5
98 0 607265 2536.99
99 0 607045 2570.24
100 0 607526 2587.71
101 0 606838 2399.55
102 0 605612 2604.6
103 0 605917 1829.77
104 0 598248 2883.82
105 0 597118 3013.67
106 0 597565 2847.44
107 0 597716 2949.28
108 0 599854 2952.68
109 0 599768 3081.8
110 0 599510 3136.14
111 0 599658 2811.66
112 0 6.93355e-310 5
113 0 6.93355e-310 5
114 0 627023 3090.4
115 0 625002 3351.76
116 0 627106 2905.47
117 0 626397 2968.77
118 0 626101 2754.12
119 0 625965 2892.84
120 0 607143 2340.66
121 0 614602 2140.33
122 0 617188 2926.34
123 0 607816 2796.67
124 0 616010 3022.31
125 0 616676 3003.9
126 0 616913 3647.52
127 0 616381 3641.89
128 0 6.93355e-310 5
129 0 6.93355e-310 5
130 0 634153 3774.46
131 0 643130 4151.69
132 0 643161 3971.76
133 0 641569 3100
134 0 643050 3077.68
135 0 642281 2943.28
136 0 634325 2646.53
137 0 634028 3108.58
138 0 644885 1489.27
139 0 645319 1020.42
140 0 645268 894.563
141 0 645780 826.168
142 0 645756 1236.72
143 0 645257 908.058
144 0 6.93355e-310 5
145 0 6.93355e-310 5
146 0 674316 1364.17
147 0 674069 1353.84
148 0 672456 929.932
149 0 664017 891.39
150 0 671439 635.327
151 0 665326 1024.63
152 0 664578 689.81
153 0 666651 1252.79
154 0 664694 923.452
155 0 665339 1041.24
156 0 6.93355e-310 5
157 0 6.93355e-310 5
158 0 6.93355e-310 5
159 0 6.93355e-310 5
