0 0 6.92748e-310 5
1 0 6.33771e-316 5
2 0 -210330 2610.54
3 0 -188222 6278.44
4 0 -206052 2378.73
5 0 -182732 4031.61
6 0 -211565 2730.55
7 0 -177374 5677.36
8 0 -213245 2738.85
9 0 -227545 4848.65
10 0 -213218 2945.32
11 0 -189790 4321.71
12 0 -215835 2564.98
13 0 -242549 5225.14
14 0 -223612 2649.7
15 0 -196504 4247.49
16 0 -171708 2473.64
17 0 -153040 5581.22
18 0 -178982 2834.5
19 0 -193748 5619.53
20 0 -181365 2760.96
21 0 -147762 4242.33
22 0 6.92748e-310 5
23 0 6.92748e-310 5
24 0 -180393 2571.93
25 0 -151568 3856.52
26 0 -180638 2539.02
27 0 -142637 5485.12
28 0 -122124 287.404
29 0 -118799 2873.42
30 0 -175166 6321.29
31 0 6.92748e-310 5
32 0 -159179 2616.77
33 0 -183855 3836.28
34 0 -162229 2725.53
35 0 -183820 5188.2
36 0 -215989 2673.66
37 0 -143597 3766.59
38 0 -169025 2773.96
39 0 -138612 4242.49
40 0 -165607 2297.39
41 0 -187436 5827.4
42 0 -172770 2444.52
43 0 -143923 4454.97
44 0 -104913 303.052
45 0 6.92748e-310 5
46 0 -213194 10527.4
47 0 6.92748e-310 5
48 0 -153307 2597.07
49 0 -179021 4004.8
50 0 -156238 2288.72
51 0 -137599 4375.87
52 0 -155639 2545.57
53 0 -128719 3791.07
54 0 -155332 2440.99
55 0 -125026 4364.84
56 0 -150338 2532.87
57 0 -128439 3980.14
58 0 -152031 2474.62
59 0 -124577 4985.82
60 0 -228882 31847.8
61 0 -167500 0.25
62 0 6.92748e-310 5
63 0 6.92748e-310 5
64 0 6.92748e-310 5
65 0 6.92748e-310 5
66 0 585716 2231.75
67 0 585553 2189.73
68 0 586400 2242.56
69 0 585934 2230.35
70 0 585908 2664.44
71 0 586057 2342.91
72 0 570371 2795.55
73 0 577976 2718.6
74 0 578003 2961.91
75 0 570325 2790.85
76 0 611232 1363.27
77 0 577028 2521.99
78 0 569899 2536.86
79 0 578011 2673.95
80 0 6.92748e-310 5
81 0 6.92748e-310 5
82 0 602751 2396.44
83 0 602712 2376.42
84 0 602414 2578.07
85 0 602406 2247.06
86 0 602199 2822.88
87 0 603012 2902.47
88 0 594826 2446.98
89 0 595219 2581.53
90 0 587954 2748.34
91 0 594484 2607.11
92 0 595785 2578.31
93 0 595677 2417.41
94 0 597404 2866.02
95 0 594967 2634.71
96 0 6.92748e-310 5
97 0 6.92748e-310 5
98 0 614521 2381.84
99 0 622692 2853
100 0 622733 2214.28
101 0 621767 2097.61
102 0 620028 2220.32
103 0 620181 1462.1
104 0 612998 2483.86
105 0 611888 2384.39
106 0 612348 2545.66
107 0 612577 2534.68
108 0 614731 2396.34
109 0 614532 2507.17
110 0 614229 2843.62
111 0 614561 2707.32
112 0 6.92748e-310 5
113 0 6.92748e-310 5
114 0 642177 3213.59
115 0 640018 2749.63
116 0 642382 2709.8
117 0 642089 3251.35
118 0 640845 2168.22
119 0 641020 2488.16
120 0 630635 1835.76
121 0 630189 1876.3
122 0 631640 2030.7
123 0 630543 2022.43
124 0 622475 2552.61
125 0 630976 2069.83
126 0 631262 2568.52
127 0 622789 2922.51
128 0 6.92748e-310 5
129 0 6.92748e-310 5
130 0 656899 2583.55
131 0 657142 2775.35
132 0 657690 2488.3
133 0 656080 2323.2
134 0 657927 2381.6
135 0 657457 2549.19
136 0 648864 2325.25
137 0 648722 2450.72
138 0 659397 534.222
139 0 660575 615.782
140 0 660686 670.693
141 0 661527 621.54
142 0 660669 647.131
143 0 660782 715.288
144 0 6.92748e-310 5
145 0 6.92748e-310 5
146 0 672964 645.021
147 0 672813 701.841
148 0 671562 478.919
149 0 671227 603.084
150 0 670751 579.849
151 0 672398 551.104
152 0 664286 514.742
153 0 665384 512.891
154 0 664144 523.212
155 0 666866 2048.54
156 0 6.92748e-310 5
157 0 6.92748e-310 5
158 0 6.92748e-310 5
159 0 6.92748e-310 5
