0 0 6.90717e-310 5
1 0 6.05171e-316 5
2 0 -209420 2772.9
3 0 -187062 5685.48
4 0 -204759 2571.99
5 0 -181336 4093.43
6 0 -210283 2557.05
7 0 -176155 4285.85
8 0 -212367 2367.42
9 0 -181871 4598.51
10 0 -212491 2963.26
11 0 -188699 4308.2
12 0 -214722 2388.06
13 0 -197710 4490.45
14 0 -222848 2780.97
15 0 -195702 4268.35
16 0 -170798 2387.88
17 0 -152696 5158.21
18 0 -177981 2489.86
19 0 -148413 5330.56
20 0 -180718 2950.88
21 0 -146970 4490.89
22 0 6.90717e-310 5
23 0 6.90717e-310 5
24 0 -179081 2627.86
25 0 -150903 4061.78
26 0 -179871 2847.08
27 0 -185503 5249.1
28 0 -121440 30.383
29 0 -117666 2372.36
30 0 -174720 7300.16
31 0 6.90717e-310 5
32 0 -158297 2887.24
33 0 -138393 4415.67
34 0 -161225 2893.43
35 0 -138373 4895.52
36 0 -171480 2913.92
37 0 -142691 5006.53
38 0 -168069 2492.07
39 0 -138068 4726.13
40 0 -211132 3367.96
41 0 -141124 3951.93
42 0 -172066 2593.3
43 0 -142752 5272.86
44 0 -104071 334.514
45 0 6.90717e-310 5
46 0 -197719 34032.2
47 0 6.90717e-310 5
48 0 -151925 2630.08
49 0 -177304 5926.98
50 0 -155802 2456.57
51 0 -136543 4067.85
52 0 -199722 5006.71
53 0 -127477 3605.22
54 0 -154203 2642.26
55 0 -124424 5634.98
56 0 -149446 2380.86
57 0 -127109 4948.9
58 0 -151071 2643.98
59 0 -123857 4418.77
60 0 -189370 5710.52
61 0 -144500 0.250656
62 0 6.90717e-310 5
63 0 6.90717e-310 5
64 0 6.90717e-310 5
65 0 6.90717e-310 5
66 0 586482 2228.08
67 0 578350 2236.27
68 0 587090 2218.1
69 0 586755 2309.48
70 0 578416 2377.68
71 0 586866 2395.87
72 0 571301 2645.72
73 0 578923 2671.36
74 0 578968 2501.45
75 0 571307 2579.11
76 0 611714 1347.09
77 0 577859 2435.54
78 0 570948 2564.24
79 0 579005 2486.35
80 0 6.90717e-310 5
81 0 6.90717e-310 5
82 0 603724 2388.34
83 0 603743 2486.31
84 0 603362 2283.99
85 0 603097 2153.06
86 0 603380 2476.14
87 0 604134 2407.95
88 0 595613 2403.06
89 0 596188 2209.45
90 0 596806 2385.44
91 0 595574 2297.96
92 0 596211 2489.89
93 0 596320 2513.56
94 0 598146 2831.48
95 0 595552 2426.03
96 0 6.90717e-310 5
97 0 6.90717e-310 5
98 0 623308 2447.78
99 0 623426 2760.7
100 0 623636 2225.41
101 0 622334 1901.37
102 0 620904 2273.43
103 0 620999 1443.98
104 0 614074 2548.31
105 0 612910 2342.07
106 0 613293 2414.1
107 0 613525 2457.49
108 0 615302 2607.59
109 0 615538 2484.01
110 0 614983 2601.16
111 0 615137 2673.81
112 0 6.90717e-310 5
113 0 6.90717e-310 5
114 0 643271 2972.37
115 0 641188 2697.22
116 0 643136 2707.7
117 0 643227 3260.15
118 0 641402 2060.09
119 0 641843 2456.58
120 0 623226 1847.09
121 0 630748 1686.19
122 0 632171 1942.65
123 0 623068 1914.52
124 0 631783 2872.53
125 0 631777 2119.61
126 0 632024 2582.68
127 0 631700 2535.86
128 0 6.90717e-310 5
129 0 6.90717e-310 5
130 0 649823 2398.38
131 0 658314 2329.91
132 0 658956 2400.65
133 0 656951 2189.57
134 0 658725 2225.97
135 0 658247 2324.43
136 0 649535 2167.64
137 0 649580 2296.2
138 0 660003 649.287
139 0 661377 559.355
140 0 661544 522.805
141 0 662190 673.393
142 0 661481 610.216
143 0 661624 580.089
144 0 6.90717e-310 5
145 0 6.90717e-310 5
146 0 673708 532.899
147 0 673772 704.365
148 0 672482 513.789
149 0 663801 521.694
150 0 673179 1532.86
151 0 665319 553.754
152 0 664724 478.849
153 0 666065 643.897
154 0 666268 1731.4
155 0 665255 547.648
156 0 6.90717e-310 5
157 0 6.90717e-310 5
158 0 6.90717e-310 5
159 0 6.90717e-310 5
