0 0 6.94341e-310 5
1 0 4.07478e-316 5
2 0 -209314 2506.03
3 0 -230527 8233
4 0 -205111 2506.26
5 0 -224923 5174.37
6 0 -210537 2827.15
7 0 -176618 3604.08
8 0 -212173 2875.17
9 0 -226593 7140.92
10 0 -212279 2437.84
11 0 -188595 4029.26
12 0 -215292 2736.46
13 0 -241876 4436.33
14 0 -222598 2832.46
15 0 -239016 4951.28
16 0 -171391 2749.99
17 0 -195812 5149.06
18 0 -177943 2750.18
19 0 -149017 6307.64
20 0 -180378 2309.94
21 0 -144367 6596.41
22 0 6.94341e-310 5
23 0 6.94341e-310 5
24 0 -221034 2820.9
25 0 -150677 3427.73
26 0 -180804 2586.02
27 0 -185404 3872.93
28 0 -121644 352.893
29 0 -118181 2908.16
30 0 -173067 10246.9
31 0 6.94341e-310 5
32 0 -136447 27853.7
33 0 -138301 4618.19
34 0 -203881 3736.67
35 0 -138726 4056.82
36 0 -171077 3000.88
37 0 -143999 3521.63
38 0 -168144 3776.53
39 0 -136964 4308.83
40 0 -164734 2760.45
41 0 -140245 6494.2
42 0 -214659 3482.26
43 0 -187161 3873.92
44 0 -104368 93.7365
45 0 6.94341e-310 5
46 0 -100235 3926.2
47 0 6.94341e-310 5
48 0 -194554 3872.14
49 0 -172683 13592.7
50 0 -155979 2661.09
51 0 -136719 3810.83
52 0 -155230 2716.34
53 0 -127680 4227.69
54 0 -154372 2476.69
55 0 -124187 5409.59
56 0 -149361 2408.9
57 0 -172188 4765.05
58 0 -151129 2627.99
59 0 -169220 8967.2
60 0 -138134 26828.9
61 0 -225500 0.14915
62 0 6.94341e-310 5
63 0 6.94341e-310 5
64 0 511500 0.26491
65 0 6.94341e-310 5
66 0 569881 2200.05
67 0 561772 2177.13
68 0 570620 2253.21
69 0 570098 2161.02
70 0 562160 2657.94
71 0 570236 2321.09
72 0 554600 2772.52
73 0 562533 2918.18
74 0 562284 2700.54
75 0 554702 2696.61
76 0 595265 1365.95
77 0 561491 2596.12
78 0 554158 2515.88
79 0 562461 2771.79
80 0 646500 0.0128483
81 0 6.50182e-316 5
82 0 587106 2424.43
83 0 587072 2307.37
84 0 586695 2477.03
85 0 586655 2254.95
86 0 586645 2633.84
87 0 587232 2838.98
88 0 579188 2399.05
89 0 579366 2615.11
90 0 580342 2357.24
91 0 578761 2522.12
92 0 579781 2423.43
93 0 579792 2520.91
94 0 581521 2679.45
95 0 578967 2541.72
96 0 754500 2222.91
97 0 6.94341e-310 5
98 0 606692 2346.59
99 0 606745 2675.56
100 0 606987 2129.99
101 0 605948 2036.36
102 0 604091 2118.41
103 0 604362 1853.98
104 0 597286 2555.41
105 0 596041 2303.18
106 0 596682 2548.43
107 0 597037 2450.56
108 0 598616 2431.63
109 0 598718 2475.55
110 0 598696 2802.4
111 0 598653 2525.43
112 0 783500 0.0128483
113 0 6.94341e-310 5
114 0 626725 3358.46
115 0 624845 2855.3
116 0 626688 2728.28
117 0 626477 3221.71
118 0 624942 2105.85
119 0 625404 2521.81
120 0 606691 1748.35
121 0 614033 1693.97
122 0 615622 1863.06
123 0 606588 1822.46
124 0 615576 3011.21
125 0 615084 2108.24
126 0 615468 2661.2
127 0 615717 3263.75
128 0 773500 0.0128483
129 0 6.94341e-310 5
130 0 632917 2321.98
131 0 641583 2633.2
132 0 641876 2384.93
133 0 640465 2426.99
134 0 642102 2302.2
135 0 641594 2432.17
136 0 632947 2219.84
137 0 632972 2264.34
138 0 643482 513.302
139 0 644690 612.425
140 0 644924 601.372
141 0 645594 604.023
142 0 644830 654.905
143 0 645040 675.903
144 0 642500 849.114
145 0 6.94341e-310 5
146 0 673312 566.964
147 0 673128 795.665
148 0 671771 462.859
149 0 663542 503.242
150 0 671259 617.358
151 0 664573 620.27
152 0 664413 508.178
153 0 665490 514.115
154 0 664359 509.481
155 0 666185 1661.44
156 0 6.94341e-310 5
157 0 6.94341e-310 5
158 0 6.94341e-310 5
159 0 6.94341e-310 5
