0 0 6.90071e-310 5
1 0 5.63863e-316 5
2 0 -212774 2402.82
3 0 -190764 4652.32
4 0 -208521 2417.43
5 0 -185193 4757.48
6 0 -214097 2780.18
7 0 -180423 4709.76
8 0 -215830 2614.51
9 0 -184943 4361.75
10 0 -215815 2749.58
11 0 -192301 3522.87
12 0 -218455 2393.54
13 0 -201687 4327.55
14 0 -226599 2674.11
15 0 -199391 3987.62
16 0 -174757 2439.53
17 0 -156584 4617.14
18 0 -181975 2832.7
19 0 -151668 7352.35
20 0 -184167 2510.3
21 0 -150562 5489.54
22 0 6.90071e-310 5
23 0 6.90071e-310 5
24 0 -183245 2668.23
25 0 -154752 4315.7
26 0 -183640 3065.85
27 0 -145381 4827.43
28 0 -122597 58.6581
29 0 -119092 2116.31
30 0 -133222 7355.75
31 0 6.90071e-310 5
32 0 -161654 2591.43
33 0 -142746 4613.62
34 0 -165311 3117.19
35 0 -141267 6295
36 0 -174920 2467.14
37 0 -146720 5527.38
38 0 -171686 2711.4
39 0 -141759 4444.51
40 0 -168221 2574.61
41 0 -144754 4105.51
42 0 -175475 2532.24
43 0 -146324 4792.2
44 0 -105079 289.339
45 0 6.90071e-310 5
46 0 -191738 24193.9
47 0 6.90071e-310 5
48 0 -156057 2879.29
49 0 -137071 3769.84
50 0 -159380 2470.17
51 0 -140253 3627.34
52 0 -158402 2238.59
53 0 -131417 3857.12
54 0 -157990 2616.44
55 0 -127966 5364.49
56 0 -153444 2472.73
57 0 -131182 4122.07
58 0 -154705 2709.53
59 0 -127668 4467.82
60 0 -245064 4049.38
61 0 -215500 0.142467
62 0 6.90071e-310 5
63 0 6.90071e-310 5
64 0 6.90071e-310 5
65 0 6.90071e-310 5
66 0 585648 2671.81
67 0 585446 2578.93
68 0 586276 2700.83
69 0 585825 2626.84
70 0 585220 2500.09
71 0 577851 2506.87
72 0 578164 2965.25
73 0 577791 3018.37
74 0 577528 3145.15
75 0 578170 3049.23
76 0 610941 1379.51
77 0 576630 2882.67
78 0 577296 2945.15
79 0 577528 3107.97
80 0 6.90071e-310 5
81 0 6.90071e-310 5
82 0 602286 2804.98
83 0 602340 2824.54
84 0 601907 2717.05
85 0 602098 2438.91
86 0 601860 3059.41
87 0 602580 3030.54
88 0 586435 2572.69
89 0 594610 2902.32
90 0 595724 2825.12
91 0 586112 2859.39
92 0 595340 2741.29
93 0 595216 2584.02
94 0 596614 2528.57
95 0 593958 2411.45
96 0 6.90071e-310 5
97 0 6.90071e-310 5
98 0 621899 2263.72
99 0 621759 2400.71
100 0 622989 2825.1
101 0 621312 1994.4
102 0 620043 2264.14
103 0 620412 1425.44
104 0 604608 2819.43
105 0 611580 2664.86
106 0 612102 2781.51
107 0 604097 2675.72
108 0 614085 2833.6
109 0 614453 2953.02
110 0 614008 2630.14
111 0 614100 2672.83
112 0 6.90071e-310 5
113 0 6.90071e-310 5
114 0 641185 2817.43
115 0 639461 2672.03
116 0 641463 2522.66
117 0 640865 2743.77
118 0 640948 2479.01
119 0 640443 2392.89
120 0 630453 2288.99
121 0 630348 2333.13
122 0 631898 2525.31
123 0 630717 2466.8
124 0 630022 2536.5
125 0 631026 2478.72
126 0 631092 3212.3
127 0 630637 3096.25
128 0 6.90071e-310 5
129 0 6.90071e-310 5
130 0 656393 3148.99
131 0 657325 2977.53
132 0 657385 3388.11
133 0 655876 2793.1
134 0 657585 2774.68
135 0 656879 2860.34
136 0 648713 2652
137 0 648586 2838.53
138 0 650649 711.925
139 0 660469 1037.86
140 0 660532 896.945
141 0 661278 1020.78
142 0 660314 962.35
143 0 660584 978.684
144 0 6.90071e-310 5
145 0 6.90071e-310 5
146 0 672771 801.197
147 0 672569 1044.25
148 0 671236 660.107
149 0 670734 662.194
150 0 670526 688.947
151 0 671985 842.572
152 0 663737 756.209
153 0 664990 848.728
154 0 663618 701.306
155 0 664106 873.915
156 0 6.90071e-310 5
157 0 6.90071e-310 5
158 0 6.90071e-310 5
159 0 6.90071e-310 5
