0 0 6.94947e-310 5
1 0 4.6667e-316 5
2 0 -219448 1639.22
3 0 -148847 4506.35
4 0 -205976 2947.01
5 0 -182444 4011.48
6 0 -175630 3115.25
7 0 -249149 21837.5
8 0 -213852 2560.3
9 0 -183405 4422.33
10 0 -213701 2873.86
11 0 -190304 3894.88
12 0 -203430 5217.66
13 0 -172353 29556.8
14 0 -118338 2456.74
15 0 -277011 20965.1
16 0 -145323 31854.7
17 0 -102647 3685.26
18 0 -137540 2401.72
19 0 -220826 5970.91
20 0 -237277 4634.24
21 0 -241087 3801.07
22 0 6.94947e-310 5
23 0 6.94947e-310 5
24 0 -157133 1986.28
25 0 -228931 10226.3
26 0 -212672 2302.28
27 0 -178864 14183.2
28 0 -246397 4341.17
29 0 -235500 0.155645
30 0 -270302 20990
31 0 -231482 5678.38
32 0 -160062 2198.16
33 0 -106294 28728.6
34 0 -234813 29368.3
35 0 -148047 12377.8
36 0 -176266 2726.69
37 0 -238500 1168.5
38 0 -150162 2372.58
39 0 -188908 2591.18
40 0 -175783 3403.1
41 0 -250193 3272.29
42 0 -167997 3923.07
43 0 -260554 30410.4
44 0 -243137 8464.78
45 0 -173779 8217.8
46 0 -242211 4073.31
47 0 -201705 4755.73
48 0 -170668 17176.4
49 0 -29752.7 22225.9
50 0 -159193 4318.12
51 0 -131610 4438.09
52 0 -243044 4996.35
53 0 -129516 28952
54 0 -124934 6542.29
55 0 -279147 24988.9
56 0 -109075 2936.52
57 0 -165473 2489.07
58 0 -107500 0.2473
59 0 -204929 3312.5
60 0 -190780 3299.02
61 0 -178500 0.236702
62 0 6.94947e-310 5
63 0 -148946 31296.7
64 0 545660 6218
65 0 6.94947e-310 5
66 0 610501 22446.4
67 0 690281 18971
68 0 721484 1494.21
69 0 563156 996.146
70 0 760000 1667.18
71 0 662000 555.728
72 0 508500 0.270329
73 0 745828 498.109
74 0 587500 4245.57
75 0 749500 3203.04
76 0 533500 0.265165
77 0 567500 0.266333
78 0 512500 0.264967
79 0 645500 0.0128483
80 0 584553 2613.2
81 0 6.94947e-310 5
82 0 655500 0.0128483
83 0 550828 498.09
84 0 530500 0.265019
85 0 538500 0.265382
86 0 793500 0.0128483
87 0 680500 0.0128483
88 0 782500 0.0128483
89 0 553500 0.265914
90 0 502500 0.263442
91 0 641500 0.0128483
92 0 521500 0.264555
93 0 739188 1992.28
94 0 710500 0.0128483
95 0 522428 16389.9
96 0 769347 9322.94
97 0 6.94947e-310 5
98 0 781500 0.0128483
99 0 462475 20615.1
100 0 617572 1838.59
101 0 588408 5160.96
102 0 735500 0.0128483
103 0 533500 0.265165
104 0 725500 0.0128483
105 0 586500 0.0128483
106 0 502500 0.263442
107 0 673500 0.0128483
108 0 552500 0.265881
109 0 734500 0.0128483
110 0 682156 996.151
111 0 797188 1992.28
112 0 594409 2644.24
113 0 6.94947e-310 5
114 0 613500 0.0128483
115 0 541500 0.265495
116 0 532036 919.307
117 0 700156 996.152
118 0 498567 9351.03
119 0 618495 5210.09
120 0 508462 16971.1
121 0 766860 2490.34
122 0 643500 0.0128483
123 0 797528 17888.5
124 0 688500 0.0128483
125 0 763828 498.111
126 0 608188 1992.27
127 0 680182 5182.99
128 0 496029 31885.2
129 0 6.94947e-310 5
130 0 799500 0.0128483
131 0 577500 0.266587
132 0 711500 0.0128483
133 0 728500 0.0128483
134 0 717495 5210.08
135 0 794500 0.0128483
136 0 700500 0.0128483
137 0 507500 0.270437
138 0 677286 1884.56
139 0 594655 3742.88
140 0 452794 15416
141 0 594994 1306.65
142 0 752548 18169.3
143 0 598228 4783.12
144 0 643641 5068.9
145 0 6.94947e-310 5
146 0 581106 31871.4
147 0 631639 2560.68
148 0 608767 4559.33
149 0 704288 13437.1
150 0 652199 16560.2
151 0 491277 16094.5
152 0 692803 5984.62
153 0 657931 4732.18
154 0 764500 2222.91
155 0 642689 1533.74
156 0 6.94947e-310 5
157 0 6.94947e-310 5
158 0 6.94947e-310 5
159 0 6.94947e-310 5
