0 0 6.94021e-310 5
1 0 6.70798e-316 5
2 0 -209023 2601
3 0 -186936 5010.41
4 0 -249352 4797.05
5 0 -224245 4518.56
6 0 -209891 2441.24
7 0 -219353 5835.84
8 0 -211625 2553.38
9 0 -225199 4826.03
10 0 -211423 2630.37
11 0 -188455 4133.68
12 0 -213884 2431.51
13 0 -240714 4793.04
14 0 -222001 2499.06
15 0 -195257 3957.39
16 0 -170313 2620.01
17 0 -194087 4927.71
18 0 -177367 2510.01
19 0 -147901 5733.11
20 0 -179968 2682.94
21 0 -189810 5476.17
22 0 6.94021e-310 5
23 0 6.94021e-310 5
24 0 -178716 2422.23
25 0 -150434 3718.92
26 0 -179077 2678.33
27 0 -184730 4809.81
28 0 -85050.1 9.88369
29 0 -117724 2106.67
30 0 -261023 20929.4
31 0 -237623 19253.7
32 0 -157609 2772.5
33 0 -180707 4395.15
34 0 -204815 4715.49
35 0 -181571 5199.62
36 0 -170874 2727.05
37 0 -186544 4438.14
38 0 -167351 2529.57
39 0 -136779 5306.74
40 0 -164094 2695.43
41 0 -184761 4567.69
42 0 -171273 2864.08
43 0 -142705 4800.81
44 0 -104025 308.451
45 0 6.94021e-310 5
46 0 -193327 2669.8
47 0 6.94021e-310 5
48 0 -151347 2528.77
49 0 -133597 4279.05
50 0 -154730 2434.63
51 0 -136139 4174.46
52 0 -154647 2547.51
53 0 -127322 3263.49
54 0 -153638 2629.95
55 0 -123347 5654.59
56 0 -148974 2510.2
57 0 -127093 4090.93
58 0 -150274 2434.62
59 0 -123347 4096.29
60 0 -148033 6969.47
61 0 -240500 0.150335
62 0 6.94021e-310 5
63 0 6.94021e-310 5
64 0 6.94021e-310 5
65 0 6.94021e-310 5
66 0 586450 2203.23
67 0 578208 2050.1
68 0 587066 2159.57
69 0 586712 2245.23
70 0 578584 2490.67
71 0 586930 2455.59
72 0 571353 2682.28
73 0 579002 2812.49
74 0 578916 2597.65
75 0 571288 2689.53
76 0 6.94021e-310 5
77 0 6.94021e-310 5
78 0 6.94021e-310 5
79 0 6.94021e-310 5
80 0 6.94021e-310 5
81 0 6.94021e-310 5
82 0 603600 2267.1
83 0 603775 2402.77
84 0 603423 2216.4
85 0 603278 2082.85
86 0 603289 2559.37
87 0 604197 2573.89
88 0 595725 2357.58
89 0 596212 2287.94
90 0 596739 2516.6
91 0 595532 2383.34
92 0 596376 2412.65
93 0 596489 2348.12
94 0 598176 2814.79
95 0 595574 2330.36
96 0 6.94021e-310 5
97 0 6.94021e-310 5
98 0 623514 2531.62
99 0 623545 2785.49
100 0 623604 2164.36
101 0 622434 1913.59
102 0 620667 2088.7
103 0 621056 1685.72
104 0 614147 2444.18
105 0 612956 2362.8
106 0 613141 2315.41
107 0 613596 2484.57
108 0 615441 2447.62
109 0 615529 2414.66
110 0 615027 2685.68
111 0 615275 2728.08
112 0 6.94021e-310 5
113 0 6.94021e-310 5
114 0 643372 3268.27
115 0 641457 2863.16
116 0 643148 2634.7
117 0 643081 3222.62
118 0 641465 2028.8
119 0 641847 2397.43
120 0 623142 1750.39
121 0 630658 1543.58
122 0 632109 1886.28
123 0 623033 1838.02
124 0 632476 3144.47
125 0 632337 2609.32
126 0 632286 2837.58
127 0 632203 2918.66
128 0 6.94021e-310 5
129 0 6.94021e-310 5
130 0 649802 2405.27
131 0 658161 2409.62
132 0 658901 2401.97
133 0 656946 2197.36
134 0 658785 2244.19
135 0 658224 2339.45
136 0 649431 2132.58
137 0 649474 2252.13
138 0 660087 566.504
139 0 661420 507.951
140 0 661515 511.782
141 0 662290 548.154
142 0 661500 539.011
143 0 661606 574.321
144 0 6.94021e-310 5
145 0 6.94021e-310 5
146 0 673719 538.883
147 0 673699 606.883
148 0 672535 487.949
149 0 663894 508.828
150 0 672847 1409.01
151 0 665385 522.637
152 0 664889 483.936
153 0 666215 629.646
154 0 664665 485.476
155 0 665343 536.402
156 0 6.94021e-310 5
157 0 6.94021e-310 5
158 0 6.94021e-310 5
159 0 6.94021e-310 5
