0 0 6.91332e-310 5
1 0 5.99457e-316 5
2 0 -212503 3025.11
3 0 -190260 4652.53
4 0 -208117 3156.18
5 0 -184676 5681.16
6 0 -213930 2846.2
7 0 -180039 5695.95
8 0 -108046 3022.69
9 0 -275269 22793.5
10 0 -216247 3420.72
11 0 -192123 4985.47
12 0 -218094 2326.01
13 0 -201943 4682.14
14 0 -226503 3067.49
15 0 -198871 4021.58
16 0 -174612 3104.2
17 0 -156651 4747.48
18 0 -181628 2849.96
19 0 -152412 5682.92
20 0 -184226 3014.69
21 0 -150713 5443.26
22 0 6.91332e-310 5
23 0 6.91332e-310 5
24 0 -182277 4304.69
25 0 -155001 4416.12
26 0 -182746 3704.94
27 0 -144614 4370.33
28 0 -122430 35.6867
29 0 -118912 1960.15
30 0 -132923 7829.96
31 0 6.91332e-310 5
32 0 -162099 5061.43
33 0 -142035 4246.36
34 0 -164733 2487.84
35 0 -142264 5114.19
36 0 -174312 2555.48
37 0 -146403 4899.15
38 0 -171901 2576.27
39 0 -140891 4917
40 0 -168073 2621.15
41 0 -145329 4765.49
42 0 -175630 2781.57
43 0 -146033 4334.83
44 0 -105043 305.837
45 0 6.91332e-310 5
46 0 -233245 6659.57
47 0 6.91332e-310 5
48 0 -155353 2259.26
49 0 -137415 5440.4
50 0 -158910 2305.46
51 0 -139970 3827.66
52 0 -158069 3830.96
53 0 -131349 3790.31
54 0 -157564 2682.87
55 0 -127576 5684.46
56 0 -153092 2496.63
57 0 -130963 4497.13
58 0 -154338 2732.35
59 0 -127351 4661.87
60 0 -209879 6675.23
61 0 -243500 0.150716
62 0 6.91332e-310 5
63 0 6.91332e-310 5
64 0 524484 1494.21
65 0 761500 0.0128483
66 0 569824 2600.31
67 0 569839 2734.84
68 0 570594 2621.11
69 0 570139 2661.75
70 0 569500 2702.36
71 0 570040 2584.02
72 0 554450 3223.73
73 0 562073 3255.01
74 0 562028 3169.6
75 0 554421 3195.22
76 0 595049 1412.2
77 0 560746 2946.61
78 0 553719 2915.01
79 0 561756 3097.52
80 0 687500 0.0128483
81 0 761500 0.0128483
82 0 586346 2584.21
83 0 586627 2810.04
84 0 585964 2823.56
85 0 585938 2410.19
86 0 585992 3062.04
87 0 586632 3230.85
88 0 578419 2639.97
89 0 578846 2683.44
90 0 571865 2663.72
91 0 578299 2863.88
92 0 579337 2777.96
93 0 579240 2779.12
94 0 580697 2514.31
95 0 578023 2493.95
96 0 751500 1168.5
97 0 761500 0.0128483
98 0 598094 2265.05
99 0 605882 2397.66
100 0 607203 2812.88
101 0 605591 2077.64
102 0 603814 2360.53
103 0 604205 1644.54
104 0 596839 2931.71
105 0 595629 2595.29
106 0 596171 2681.33
107 0 596304 2539.25
108 0 598212 2993.67
109 0 598764 2781.43
110 0 598084 2688.75
111 0 598043 2842.34
112 0 681732 16409.7
113 0 761500 0.0128483
114 0 625501 2651.22
115 0 623773 2568.42
116 0 625561 2415.52
117 0 625185 2585.53
118 0 625005 2301.43
119 0 624557 2327.76
120 0 614494 2226.78
121 0 614404 2181.18
122 0 615947 2544.68
123 0 614673 2451.52
124 0 606195 2439.45
125 0 615138 2339.19
126 0 615311 3348.44
127 0 606920 2866.4
128 0 497843 11024
129 0 761500 0.0128483
130 0 640820 2973.94
131 0 641762 2989.88
132 0 641997 3065.11
133 0 639822 2675.46
134 0 641597 2704.47
135 0 641088 2857.82
136 0 632495 2629.64
137 0 632237 2578.38
138 0 643240 970.513
139 0 644680 1049.18
140 0 644594 726.771
141 0 645486 1047.24
142 0 644680 1023.57
143 0 644549 713.861
144 0 564500 1181.39
145 0 761500 0.0128483
146 0 673054 905.329
147 0 672915 1110.02
148 0 671474 582.444
149 0 670980 787.772
150 0 670596 719.519
151 0 672312 888.021
152 0 663919 793.127
153 0 665253 890.037
154 0 663732 742.296
155 0 664391 789.52
156 0 761500 0.0128483
157 0 761500 0.0128483
158 0 761500 0.0128483
159 0 761500 0.0128483
