0 0 6.91941e-310 5
1 0 3.96706e-316 5
2 0 -210894 2572.21
3 0 -188457 4580.69
4 0 -206224 2316.19
5 0 -182613 3958.36
6 0 -211711 2599.22
7 0 -178073 4137.08
8 0 -213559 2405.68
9 0 -183344 4775.05
10 0 -213549 2576.05
11 0 -190367 4423.41
12 0 -216105 2417.81
13 0 -199766 4140.98
14 0 -224200 2822.41
15 0 -197178 4310.58
16 0 -172313 2156.36
17 0 -154540 4309.51
18 0 -179247 2634.44
19 0 -149692 5490.09
20 0 -181954 2634.75
21 0 -148342 4623.09
22 0 6.91941e-310 5
23 0 6.91941e-310 5
24 0 -180706 2820.83
25 0 -151859 3781.91
26 0 -181106 2897.3
27 0 -142992 5011.97
28 0 -122011 300.153
29 0 -118557 3057.28
30 0 -177560 7943.25
31 0 6.91941e-310 5
32 0 -159431 2670.74
33 0 -140027 4470.65
34 0 -162908 2709.77
35 0 -140160 4923.38
36 0 -172501 2446.18
37 0 -144328 4670.48
38 0 -169276 2555.02
39 0 -139084 4221.73
40 0 -165977 2521.45
41 0 -142258 4607.04
42 0 -173433 2835.37
43 0 -144137 4747.48
44 0 -104730 420.828
45 0 6.91941e-310 5
46 0 -120963 11106.2
47 0 6.91941e-310 5
48 0 -198334 4112.49
49 0 -181193 4834.11
50 0 -156780 2261.54
51 0 -137769 3816.39
52 0 -156129 2379.07
53 0 -128912 3713.72
54 0 -155490 2388.86
55 0 -126025 5251.41
56 0 -150936 2572.86
57 0 -129453 3609.09
58 0 -152206 2400.55
59 0 -125920 5794.77
60 0 -190000 954.039
61 0 -247500 0.176225
62 0 6.91941e-310 5
63 0 6.91941e-310 5
64 0 6.91941e-310 5
65 0 6.91941e-310 5
66 0 570072 2334.33
67 0 562008 2323.74
68 0 570796 2339.58
69 0 570402 2387.31
70 0 561903 2429.97
71 0 570408 2414.04
72 0 554657 2769.94
73 0 562385 2801.87
74 0 562323 2907.96
75 0 554733 2870.86
76 0 595522 1372.44
77 0 561386 2689.44
78 0 554190 2604.52
79 0 562352 2825.91
80 0 6.91941e-310 5
81 0 6.91941e-310 5
82 0 587211 2548.35
83 0 587065 2577.14
84 0 586806 2370.71
85 0 586714 2229.06
86 0 586503 2725.2
87 0 587334 2975.71
88 0 579197 2302.15
89 0 579348 2682.42
90 0 580410 2624.61
91 0 578671 2671.01
92 0 579967 2632.94
93 0 579764 2436.13
94 0 581353 2581.87
95 0 578933 2515.74
96 0 6.91941e-310 5
97 0 6.91941e-310 5
98 0 606895 2479.68
99 0 606573 2451.11
100 0 607301 2403.2
101 0 605911 1929.68
102 0 604693 2306.71
103 0 604826 1654.8
104 0 597269 2580.58
105 0 596058 2400.91
106 0 596598 2564.91
107 0 597034 2549.43
108 0 598938 2656.99
109 0 598927 2756.69
110 0 598483 2771.88
111 0 598697 2459.25
112 0 6.91941e-310 5
113 0 6.91941e-310 5
114 0 626007 2965.67
115 0 624274 2778.17
116 0 626243 2580.32
117 0 626123 3347.19
118 0 625240 2229.12
119 0 625227 2531.05
120 0 607209 2147.2
121 0 614692 2066.12
122 0 616159 2067.48
123 0 607139 2184.34
124 0 614703 2536.12
125 0 615531 2380.97
126 0 615627 2851.97
127 0 614959 2778.98
128 0 6.91941e-310 5
129 0 6.91941e-310 5
130 0 633147 2781.7
131 0 641758 2870.53
132 0 641950 2585.17
133 0 640499 2526.24
134 0 642330 2546
135 0 641540 2616.63
136 0 633481 2375.2
137 0 633209 2608.72
138 0 643632 676.513
139 0 644883 787.858
140 0 645009 772.204
141 0 645737 756.303
142 0 644882 756.124
143 0 645117 847.72
144 0 6.91941e-310 5
145 0 6.91941e-310 5
146 0 673335 669.678
147 0 673087 835.775
148 0 671774 530.742
149 0 663472 519.865
150 0 671186 559.857
151 0 664604 674.267
152 0 664407 548.028
153 0 665579 650.975
154 0 664360 498.927
155 0 664558 658.981
156 0 6.91941e-310 5
157 0 6.91941e-310 5
158 0 6.91941e-310 5
159 0 6.91941e-310 5
