0 0 6.89927e-310 5
1 0 6.86972e-316 5
2 0 -221621 5740.63
3 0 -200203 8034.47
4 0 -221455 4698.25
5 0 -196132 5641.88
6 0 -223147 7923
7 0 -192062 6583.83
8 0 -225476 5387.23
9 0 -194292 8056.21
10 0 -212369 4796.43
11 0 -203329 6404.53
12 0 -231244 4513.4
13 0 -210948 7885.9
14 0 -232151 31705.8
15 0 -244293 4724.81
16 0 -186812 5690.67
17 0 -168504 8144.97
18 0 -193580 6383.07
19 0 -156787 7226.42
20 0 -182433 6157.37
21 0 -160337 11005.2
22 0 6.89927e-310 5
23 0 6.89927e-310 5
24 0 -200566 12535.9
25 0 -167000 6873.23
26 0 -195874 8562.66
27 0 -156624 7091.24
28 0 -122404 56.7292
29 0 -120303 2889.8
30 0 -139918 9133.34
31 0 6.89927e-310 5
32 0 -157627 4507.28
33 0 -185407 4520.16
34 0 -176521 5969.04
35 0 -155057 5636.92
36 0 -170786 8676.41
37 0 -158918 7229.85
38 0 -181712 8033.14
39 0 -150142 12684.2
40 0 -180383 5962.52
41 0 -184460 10377.2
42 0 -187638 6115.31
43 0 -157926 7698.02
44 0 -104948 295.014
45 0 6.89927e-310 5
46 0 -238057 3751.22
47 0 6.89927e-310 5
48 0 -196772 7296.6
49 0 -148341 8946.12
50 0 -201595 3595.39
51 0 -152517 6559.84
52 0 -200277 4200.73
53 0 -143207 7637.72
54 0 -153317 3199.76
55 0 -140562 6145.84
56 0 -166321 5070.17
57 0 -144695 6621.43
58 0 -171388 3790.13
59 0 -140934 5138.2
60 0 -264235 22996.7
61 0 -164500 0.25
62 0 6.89927e-310 5
63 0 6.89927e-310 5
64 0 6.89927e-310 5
65 0 6.89927e-310 5
66 0 569491 2277.16
67 0 561468 2256.98
68 0 570039 2258.18
69 0 569664 2314.38
70 0 561263 2299.23
71 0 569716 2350.78
72 0 554259 2625.16
73 0 561738 2581.18
74 0 562155 2924.66
75 0 554366 2789.35
76 0 594481 1505.57
77 0 561089 2570.95
78 0 554075 2635.39
79 0 562005 2893.41
80 0 6.89927e-310 5
81 0 6.89927e-310 5
82 0 586941 2570.26
83 0 586899 2555.2
84 0 586517 2500.07
85 0 586484 2318.63
86 0 586315 2691.16
87 0 621666 1404.39
88 0 578757 2370.33
89 0 579230 2393.9
90 0 580021 2653.24
91 0 578564 2404.52
92 0 579801 2609.98
93 0 579744 2559.08
94 0 580910 2614.15
95 0 578855 2459.34
96 0 6.89927e-310 5
97 0 6.89927e-310 5
98 0 606011 2185.34
99 0 605994 2467.63
100 0 606827 2177.37
101 0 605360 1782
102 0 603983 2348.32
103 0 604147 1909.58
104 0 597056 2529.39
105 0 595861 2380.01
106 0 596173 2383.13
107 0 596546 2532.55
108 0 598804 2730.5
109 0 598616 2565.13
110 0 598297 2919.66
111 0 598606 2944.74
112 0 6.89927e-310 5
113 0 6.89927e-310 5
114 0 625924 3202.72
115 0 624239 2858.63
116 0 625979 2694.4
117 0 625178 2979.12
118 0 624499 2161.99
119 0 624805 2574.99
120 0 606525 2043.82
121 0 613975 1954.96
122 0 615527 2258.34
123 0 606357 2176.95
124 0 614115 2539.36
125 0 614812 2330.5
126 0 614868 2644.99
127 0 614450 2954.33
128 0 6.89927e-310 5
129 0 6.89927e-310 5
130 0 632728 2412.06
131 0 641219 2841.24
132 0 641750 2486.25
133 0 639904 2191
134 0 641867 2393.58
135 0 641431 2513.77
136 0 632838 2575.3
137 0 632650 2540.8
138 0 643273 568.068
139 0 644473 556.414
140 0 644627 608.426
141 0 645400 606.501
142 0 644624 614.877
143 0 644825 681.915
144 0 6.89927e-310 5
145 0 6.89927e-310 5
146 0 672823 603.907
147 0 672900 725.517
148 0 671561 481.623
149 0 663156 639.678
150 0 670549 556.084
151 0 664411 553.683
152 0 664117 588.652
153 0 665260 570.069
154 0 663771 545.351
155 0 666437 1859.98
156 0 6.89927e-310 5
157 0 6.89927e-310 5
158 0 6.89927e-310 5
159 0 6.89927e-310 5
