0 0 6.92738e-310 5
1 0 5.44265e-316 5
2 0 -221268 7872.99
3 0 -197863 8285.19
4 0 -217223 6624.98
5 0 -195933 5262.9
6 0 -223458 5149.19
7 0 -188827 8746.59
8 0 -224815 5367.86
9 0 -196752 15495.7
10 0 -228012 7374.93
11 0 -196765 10622.4
12 0 -214663 5218.48
13 0 -209859 10102.9
14 0 -235457 6279.11
15 0 -208712 6962.8
16 0 -185140 6693.48
17 0 -164825 12804.2
18 0 -169395 31950.3
19 0 -155253 31599.7
20 0 -233282 31722.3
21 0 -161348 7581.24
22 0 6.92738e-310 5
23 0 6.92738e-310 5
24 0 -194402 4966.67
25 0 -163969 6941.8
26 0 -177262 3793
27 0 -142852 13334.3
28 0 -121430 35.5183
29 0 -118977 1642.3
30 0 -127722 27983.9
31 0 6.92738e-310 5
32 0 -172686 4176.96
33 0 -141221 18474.5
34 0 -175476 5834.18
35 0 -139749 8860.25
36 0 -188019 4971.27
37 0 -158871 5141.89
38 0 -182720 5817.41
39 0 -150522 8244.42
40 0 -179774 6986.87
41 0 -155276 7834.58
42 0 -187084 4571.69
43 0 -157530 10454.9
44 0 -104100 337.743
45 0 6.92738e-310 5
46 0 -136726 4302.57
47 0 6.92738e-310 5
48 0 -168523 5085.81
49 0 -147431 10226.1
50 0 -171757 4836.84
51 0 -152270 7152.01
52 0 -170169 6297.28
53 0 -143587 5839.09
54 0 -169790 6330.68
55 0 -139677 6661.99
56 0 -166004 4917.3
57 0 -143465 6401.71
58 0 -149404 3116.5
59 0 -140604 6393.36
60 0 -223931 2321.8
61 0 -121500 0.25
62 0 6.92738e-310 5
63 0 6.92738e-310 5
64 0 6.92738e-310 5
65 0 6.92738e-310 5
66 0 570309 2326.05
67 0 562196 2219.17
68 0 570877 2275.35
69 0 570532 2336.36
70 0 562053 2275.09
71 0 570567 2375.56
72 0 554964 2553.75
73 0 562578 2561.2
74 0 562939 2632.95
75 0 555309 2785.65
76 0 595151 1524.79
77 0 561977 2604.08
78 0 554934 2560.89
79 0 562932 2826.06
80 0 6.92738e-310 5
81 0 6.92738e-310 5
82 0 587818 2610.29
83 0 587804 2630.33
84 0 587447 2275.93
85 0 613303 1903.69
86 0 587338 2474.22
87 0 622386 1440.73
88 0 579453 2495.08
89 0 580161 2385.54
90 0 580868 2543.87
91 0 579492 2321.17
92 0 580244 2512.52
93 0 580548 2717.7
94 0 581737 2582.04
95 0 579365 2319.49
96 0 6.92738e-310 5
97 0 6.92738e-310 5
98 0 606907 2267.4
99 0 606791 2449.97
100 0 607696 2187.7
101 0 606191 1839.76
102 0 605005 2384.17
103 0 605166 2150.45
104 0 598018 2490.4
105 0 596928 2526.52
106 0 597159 2375.23
107 0 597284 2450.02
108 0 599291 2740.87
109 0 599562 2516.97
110 0 599289 2837.26
111 0 599230 2715.48
112 0 6.92738e-310 5
113 0 6.92738e-310 5
114 0 626958 3168.64
115 0 625179 2838.92
116 0 626802 2763.12
117 0 626085 2996.08
118 0 625469 2240.68
119 0 625703 2594.83
120 0 607369 2069.54
121 0 614865 1977.27
122 0 616372 2323.53
123 0 607152 2125.48
124 0 614868 2493.43
125 0 615755 2386.11
126 0 615596 2609.21
127 0 615217 2480.55
128 0 6.92738e-310 5
129 0 6.92738e-310 5
130 0 633497 2497.89
131 0 641987 2508.72
132 0 642784 2521.64
133 0 640801 2240.07
134 0 642604 2425.54
135 0 642218 2467.7
136 0 633773 2386.27
137 0 633498 2525.6
138 0 643939 679.71
139 0 645270 618.952
140 0 645492 554.052
141 0 646066 735.2
142 0 645371 670.383
143 0 645646 630.377
144 0 6.92738e-310 5
145 0 6.92738e-310 5
146 0 673675 533.523
147 0 673700 757.207
148 0 672400 561.064
149 0 663747 521.146
150 0 671945 907.593
151 0 665216 621.308
152 0 664639 512.642
153 0 665878 626.138
154 0 664454 502.78
155 0 665078 625.532
156 0 6.92738e-310 5
157 0 6.92738e-310 5
158 0 6.92738e-310 5
159 0 6.92738e-310 5
