0 0 6.90952e-310 5
1 0 5.26837e-316 5
2 0 -209271 2643.16
3 0 -186795 5126.79
4 0 -250381 4303.76
5 0 -180894 4582.52
6 0 -210290 2692.67
7 0 -176440 5035.92
8 0 -212047 2611.73
9 0 -226107 4519.5
10 0 -212090 2922.58
11 0 -189077 4599.26
12 0 -215020 2684.91
13 0 -197799 4317.8
14 0 -222535 2925.54
15 0 -195717 4081.18
16 0 -170637 2424.51
17 0 -152654 5650.02
18 0 -223032 3856.46
19 0 -148228 6233.71
20 0 -180349 2878.38
21 0 -146539 4359.04
22 0 6.90952e-310 5
23 0 6.90952e-310 5
24 0 -179579 2724.56
25 0 -150911 4660.82
26 0 -179445 2920.04
27 0 -141236 4690.78
28 0 -85050.1 12.2043
29 0 -117602 2236.17
30 0 -129924 6978.57
31 0 6.90952e-310 5
32 0 -157823 2726.02
33 0 -138849 4060.21
34 0 -161262 2876.03
35 0 -138244 4224.13
36 0 -170926 3073.57
37 0 -142889 5032.58
38 0 -168056 2538.36
39 0 -137040 5132.92
40 0 -164224 2214.32
41 0 -186129 4893.19
42 0 -171137 2523.04
43 0 -142896 4151.43
44 0 -104027 310.806
45 0 6.90952e-310 5
46 0 -176471 5469.23
47 0 6.90952e-310 5
48 0 -195758 3496.06
49 0 -133341 3588.85
50 0 -155299 2367.35
51 0 -135958 4039.21
52 0 -154192 2294.29
53 0 -127233 3635.19
54 0 -154066 2497.47
55 0 -123842 4547.79
56 0 -193563 3575.4
57 0 -171920 4420.36
58 0 -196403 3303.72
59 0 -123522 5484.43
60 0 -103200 1315.91
61 0 -139500 2222.91
62 0 6.90952e-310 5
63 0 6.90952e-310 5
64 0 6.90952e-310 5
65 0 6.90952e-310 5
66 0 586567 2201.95
67 0 578400 2165.57
68 0 587127 2169.24
69 0 586739 2278.81
70 0 578531 2388.42
71 0 586934 2375.87
72 0 571337 2586.06
73 0 578987 2627.66
74 0 578992 2449.65
75 0 571402 2645.78
76 0 611816 1341.68
77 0 577972 2444.91
78 0 571067 2489.28
79 0 579097 2480.91
80 0 6.90952e-310 5
81 0 6.90952e-310 5
82 0 603786 2284.84
83 0 603848 2355.11
84 0 603540 2213.38
85 0 603371 2108.05
86 0 603408 2550.42
87 0 604214 2579.2
88 0 595870 2399.62
89 0 596239 2217.71
90 0 596866 2542.05
91 0 595578 2364.81
92 0 596540 2529.8
93 0 596524 2375.73
94 0 598227 2807.56
95 0 595799 2434.8
96 0 6.90952e-310 5
97 0 6.90952e-310 5
98 0 623400 2423.68
99 0 623536 2738.32
100 0 623765 2205.17
101 0 622498 1899.09
102 0 620845 2195.27
103 0 621068 1386.64
104 0 614185 2437.78
105 0 613001 2318.21
106 0 613287 2388.5
107 0 613580 2442.23
108 0 615685 2381.52
109 0 615682 2362.55
110 0 615322 2776.28
111 0 615349 2657.2
112 0 6.90952e-310 5
113 0 6.90952e-310 5
114 0 643608 3266.26
115 0 641328 2733.98
116 0 643215 2655.2
117 0 642930 3100.71
118 0 641428 1963.28
119 0 641851 2394.76
120 0 623336 1817.71
121 0 630928 1732.57
122 0 632262 1900.27
123 0 623112 1892.14
124 0 631909 2899.13
125 0 631822 2072.96
126 0 632200 2587.55
127 0 632506 3266.82
128 0 6.90952e-310 5
129 0 6.90952e-310 5
130 0 649902 2343.82
131 0 658268 2405.94
132 0 658968 2408.78
133 0 656978 2185.44
134 0 658842 2243.74
135 0 658482 2427.66
136 0 649526 2081.61
137 0 649705 2240.01
138 0 660198 574.054
139 0 661490 518.52
140 0 661583 545.229
141 0 662383 558.987
142 0 661592 574.95
143 0 661683 614.013
144 0 6.90952e-310 5
145 0 6.90952e-310 5
146 0 673802 579.486
147 0 673753 624.368
148 0 672551 474.594
149 0 663993 566.331
150 0 671515 512.936
151 0 665418 524.397
152 0 665004 553.287
153 0 666271 585.837
154 0 664727 513.122
155 0 667222 1888.89
156 0 6.90952e-310 5
157 0 6.90952e-310 5
158 0 6.90952e-310 5
159 0 6.90952e-310 5
