0 0 6.90928e-310 5
1 0 5.50559e-316 5
2 0 -210123 2704.8
3 0 -188159 4250.32
4 0 -205693 2501.65
5 0 -228383 4201.24
6 0 -211026 2824.29
7 0 -177417 4521.06
8 0 -213364 2463.93
9 0 -182872 5217.98
10 0 -213360 2660.2
11 0 -189793 4017.99
12 0 -216039 2642.12
13 0 -244819 4261.46
14 0 -223961 2978.16
15 0 -196786 4535.27
16 0 -172186 2655.85
17 0 -154188 4483.41
18 0 -179498 3109.47
19 0 -149996 5162.4
20 0 -181764 2590.43
21 0 -147819 4346.31
22 0 6.90928e-310 5
23 0 6.90928e-310 5
24 0 -180301 3060
25 0 -151812 3572.72
26 0 -225733 3829.19
27 0 -142550 4923.48
28 0 -121812 317.412
29 0 -118447 2772.95
30 0 -130045 6879.55
31 0 6.90928e-310 5
32 0 -159379 2951.98
33 0 -185819 5401.26
34 0 -162397 2464.52
35 0 -185580 5748.35
36 0 -172197 2493.33
37 0 -144603 4839.17
38 0 -169145 2594.3
39 0 -139094 4771.68
40 0 -165655 2772.33
41 0 -142261 4375.89
42 0 -172819 2506.17
43 0 -143959 4972.83
44 0 -104385 74.0242
45 0 6.90928e-310 5
46 0 -187012 32174.6
47 0 6.90928e-310 5
48 0 -152995 2657.99
49 0 -135133 4742.87
50 0 -156782 2472.51
51 0 -137718 4469.51
52 0 -155918 2222.36
53 0 -128482 4241.03
54 0 -155173 2531.33
55 0 -125073 4629.59
56 0 -150387 2389.9
57 0 -128461 4952.02
58 0 -151987 2425.15
59 0 -171715 6042.54
60 0 -108884 3229.55
61 0 -148000 2778.64
62 0 6.90928e-310 5
63 0 6.90928e-310 5
64 0 696500 0.0128483
65 0 6.90928e-310 5
66 0 586182 2318.68
67 0 586023 2311.34
68 0 586870 2278.3
69 0 586475 2391.16
70 0 586027 2424.38
71 0 586560 2388.42
72 0 570751 2971.45
73 0 578542 2832.05
74 0 578346 2970.11
75 0 570735 2975.56
76 0 611708 1396.59
77 0 577471 2807.66
78 0 570285 2733.04
79 0 578363 2961.47
80 0 665500 0.0128483
81 0 6.90928e-310 5
82 0 603033 2541.05
83 0 603287 2562.55
84 0 602353 2920.95
85 0 602645 2135.61
86 0 602691 2683.36
87 0 603014 3105.65
88 0 595202 2601.99
89 0 631018 2203.39
90 0 588608 2488.87
91 0 594806 2636.97
92 0 596027 2782.29
93 0 595761 2623.4
94 0 597732 2798.69
95 0 594933 2663.85
96 0 671500 0.0128483
97 0 6.90928e-310 5
98 0 614968 2408.87
99 0 623055 2787.77
100 0 623413 2363.56
101 0 622012 1871.28
102 0 620287 2151.34
103 0 620841 1637.54
104 0 613351 2614.55
105 0 612318 2465.81
106 0 612793 2560.58
107 0 613014 2405.06
108 0 614803 2658.51
109 0 615228 2864.58
110 0 614756 2795.49
111 0 614532 2522.21
112 0 650500 0.0128483
113 0 6.90928e-310 5
114 0 642544 3109.59
115 0 640740 2929.81
116 0 642941 2885.52
117 0 642357 2950.88
118 0 641255 2108.87
119 0 641257 2388.86
120 0 631124 2020.53
121 0 630729 1946.72
122 0 632111 2074.52
123 0 631041 2042.13
124 0 622776 2431.56
125 0 631404 2054.49
126 0 631463 3019.46
127 0 623140 2655.19
128 0 537500 0.265342
129 0 6.90928e-310 5
130 0 657189 2704.57
131 0 657911 2819.79
132 0 658098 2601.76
133 0 656520 2440.33
134 0 658195 2428.44
135 0 657542 2501.12
136 0 649054 2378.12
137 0 648946 2411.38
138 0 659715 716.103
139 0 661005 796.539
140 0 661329 652.582
141 0 661831 767.101
142 0 661126 819.832
143 0 661455 757.559
144 0 792500 0.0128483
145 0 6.90928e-310 5
146 0 673653 662.109
147 0 673368 866.503
148 0 672180 606.691
149 0 671617 573.956
150 0 671305 544.67
151 0 672850 756.411
152 0 664513 618.646
153 0 665719 707.724
154 0 664408 570.809
155 0 664749 712.486
156 0 6.90928e-310 5
157 0 6.90928e-310 5
158 0 6.90928e-310 5
159 0 6.90928e-310 5
