0 0 6.92627e-310 5
1 0 5.23316e-316 5
2 0 -208605 2743.56
3 0 -186247 4905.53
4 0 -247882 3956.21
5 0 -223841 4198.03
6 0 -209781 2556.08
7 0 -176036 4489.68
8 0 -125492 3236.71
9 0 -104874 4783.19
10 0 -211616 2728.4
11 0 -188230 4838.76
12 0 -214389 2345.1
13 0 -196914 4242.88
14 0 -222290 2735.86
15 0 -195196 3955.79
16 0 -170078 2458.14
17 0 -151850 4233.28
18 0 -177525 2580.76
19 0 -147463 4777.86
20 0 -180503 2690.45
21 0 -146182 4395.94
22 0 6.92627e-310 5
23 0 6.92627e-310 5
24 0 -178980 2855.61
25 0 -150816 3932.92
26 0 -220969 3756.45
27 0 -183558 6128.68
28 0 -85050.1 9.72695
29 0 -217500 0.136818
30 0 -247289 20028.8
31 0 -114283 31260.7
32 0 -157555 2870.69
33 0 -137850 4569.8
34 0 -203413 4828.01
35 0 -180700 6718.38
36 0 -170284 2399.44
37 0 -185614 5155.77
38 0 -167380 2762.48
39 0 -137232 5428.29
40 0 -163993 2813.88
41 0 -184567 4880.67
42 0 -171320 2758.76
43 0 -142471 4351.64
44 0 -104027 310.128
45 0 6.92627e-310 5
46 0 -154723 3418.29
47 0 6.92627e-310 5
48 0 -194121 3960.11
49 0 -175977 5992.85
50 0 -155175 2768.35
51 0 -136061 4017.13
52 0 -197457 3517.24
53 0 -127107 3788.82
54 0 -153499 2438.03
55 0 -123504 4846.39
56 0 -192895 3184.93
57 0 -127395 3890.62
58 0 -150328 2361.03
59 0 -123245 4924.45
60 0 -322537 16078.7
61 0 -106500 0.247352
62 0 6.92627e-310 5
63 0 6.92627e-310 5
64 0 764244 3408.34
65 0 6.92627e-310 5
66 0 763296 11052.8
67 0 701156 996.152
68 0 612218 1300.9
69 0 575500 0.266539
70 0 503768 459.679
71 0 738000 1201.14
72 0 594828 498.094
73 0 538304 1378.94
74 0 722500 0.0128483
75 0 622812 1992.27
76 0 602000 2079.73
77 0 624828 498.096
78 0 533500 0.265165
79 0 596484 1494.21
80 0 634665 3085.2
81 0 6.92627e-310 5
82 0 657500 0.0128483
83 0 578500 0.26661
84 0 519500 0.264446
85 0 615970 16580.4
86 0 635500 0.0128483
87 0 723484 1494.21
88 0 549500 0.265779
89 0 510500 0.270151
90 0 665500 0.0128483
91 0 723500 0.0128483
92 0 625500 0.0128483
93 0 586860 2490.34
94 0 512326 12799.4
95 0 559188 1992.27
96 0 592921 15328.2
97 0 6.92627e-310 5
98 0 746484 1494.21
99 0 698500 0.0128483
100 0 725500 0.0128483
101 0 577073 4222.27
102 0 683500 0.0128483
103 0 584500 0.0128483
104 0 621500 0.0128483
105 0 634500 0.0128483
106 0 593500 0.0128483
107 0 538500 0.265382
108 0 682500 0.0128483
109 0 791156 996.157
110 0 773156 996.156
111 0 637500 0.0128483
112 0 789406 2390.46
113 0 6.92627e-310 5
114 0 711500 0.0128483
115 0 516500 2222.91
116 0 787188 1992.28
117 0 615188 1992.27
118 0 780828 498.113
119 0 697172 498.104
120 0 509188 1992.27
121 0 559188 1992.27
122 0 754500 0.0128483
123 0 508500 0.270329
124 0 675860 2490.34
125 0 654860 2490.34
126 0 647188 1992.28
127 0 716484 1494.21
128 0 139734 1589.39
129 0 6.92627e-310 5
130 0 743500 0.0128483
131 0 750500 0.0128483
132 0 794000 555.728
133 0 739500 0.0128483
134 0 637500 0.0128483
135 0 673500 0.0128483
136 0 509500 0.27024
137 0 780500 0.0128483
138 0 771036 919.328
139 0 546672 3958.42
140 0 712744 5319.6
141 0 578274 1493.8
142 0 573595 3932.96
143 0 604596 2966.19
144 0 779550 4912.46
145 0 6.92627e-310 5
146 0 695555 5031.61
147 0 587061 22552
148 0 744384 24962.8
149 0 636791 22110.8
150 0 764407 4920.1
151 0 746484 1494.21
152 0 668469 15835.5
153 0 566830 3176.72
154 0 722484 1494.21
155 0 798188 1992.28
156 0 6.92627e-310 5
157 0 6.92627e-310 5
158 0 6.92627e-310 5
159 0 6.92627e-310 5
0 0 6.9245e-310 5
1 0 7.06206e-316 5
2 0 -208749 2786.72
3 0 -186287 5146.28
4 0 -204159 2528.4
5 0 -223854 4720.57
6 0 -209851 2727.41
7 0 -176033 4709.61
8 0 -211450 2502.57
9 0 -180717 4711.58
10 0 -211667 2811.42
11 0 -188013 4014.98
12 0 -214132 2470.54
13 0 -197359 4486.81
14 0 -222110 2576.71
15 0 -195149 4186.59
16 0 -170140 2483.13
17 0 -152012 4728.73
18 0 -177448 2697.93
19 0 -147831 5260.46
20 0 -180001 2647.7
21 0 -146101 4933.51
22 0 6.9245e-310 5
23 0 6.9245e-310 5
24 0 -178593 2564.66
25 0 -150398 4176.66
26 0 -221429 3735.14
27 0 -183670 5143.89
28 0 -121500 0.25405
29 0 -146500 0.241188
30 0 -172227 7302.43
31 0 -333317 31787
32 0 -157262 2861.39
33 0 -137935 4212.56
34 0 -160765 2833.53
35 0 -181200 5162.73
36 0 -170446 2418.67
37 0 -142723 4575.21
38 0 -167474 2422.18
39 0 -137264 4826.1
40 0 -164260 2880.03
41 0 -184536 5164.29
42 0 -171200 2689.8
43 0 -142463 4667.32
44 0 -230939 6239.61
45 0 6.9245e-310 5
46 0 -177774 3029.37
47 0 -318774 21090.9
48 0 -151568 2665.78
49 0 -133144 4507.64
50 0 -154973 2561.74
51 0 -135921 3971.95
52 0 -154222 2458.04
53 0 -126920 3649.1
54 0 -153733 2660.38
55 0 -123670 5220.59
56 0 -148988 2481.52
57 0 -127200 4239.08
58 0 -150190 2436.18
59 0 -123104 4726.79
60 0 -252141 5968.67
61 0 -322500 0.211825
62 0 6.9245e-310 5
63 0 6.9245e-310 5
64 0 6.9245e-310 5
65 0 6.9245e-310 5
66 0 586438 2198.9
67 0 578173 2055.19
68 0 587035 2148.45
69 0 586660 2244.87
70 0 578589 2504.62
71 0 586964 2479.4
72 0 571369 2721.64
73 0 579087 2908.28
74 0 578902 2575.68
75 0 571294 2688.56
76 0 611720 1345.98
77 0 577852 2445.2
78 0 570912 2526.4
79 0 578921 2529.29
80 0 6.9245e-310 5
81 0 6.9245e-310 5
82 0 603604 2246.75
83 0 603743 2468.13
84 0 603368 2272.04
85 0 603236 2083.39
86 0 603314 2569.29
87 0 604181 2550.2
88 0 595705 2459.17
89 0 596218 2378.74
90 0 596725 2515.27
91 0 595436 2349.38
92 0 596324 2426.26
93 0 596469 2448.68
94 0 598133 2828.17
95 0 595558 2367.58
96 0 6.9245e-310 5
97 0 6.9245e-310 5
98 0 623472 2563.8
99 0 623533 2839.36
100 0 623568 2170.92
101 0 622402 1923.84
102 0 620783 2144.49
103 0 621027 1541.59
104 0 614060 2434.78
105 0 612925 2325.19
106 0 613130 2339.03
107 0 613469 2469.42
108 0 615380 2501.09
109 0 615539 2445.8
110 0 615008 2676.56
111 0 615164 2657.67
112 0 6.9245e-310 5
113 0 6.9245e-310 5
114 0 643317 3137.51
115 0 641348 2788.34
116 0 643103 2624.85
117 0 643028 3205.02
118 0 641406 2042.95
119 0 641834 2423.64
120 0 623098 1751.09
121 0 630591 1601.22
122 0 632063 1854.84
123 0 622949 1801.79
124 0 632608 3260.77
125 0 631567 1981.03
126 0 632245 2862.22
127 0 632296 3018.23
128 0 6.9245e-310 5
129 0 6.9245e-310 5
130 0 649748 2459.18
131 0 658159 2462.54
132 0 658774 2443.97
133 0 656878 2191.28
134 0 658655 2209.52
135 0 658166 2302.54
136 0 649319 2110.38
137 0 649468 2233.77
138 0 660001 585.003
139 0 661376 518.369
140 0 661487 500.448
141 0 662210 566.191
142 0 661450 539.233
143 0 661575 555.424
144 0 6.9245e-310 5
145 0 6.9245e-310 5
146 0 673682 524.199
147 0 673700 624.237
148 0 672518 501.985
149 0 663838 499.039
150 0 671462 512.79
151 0 665351 532.721
152 0 664807 463.172
153 0 666153 637.082
154 0 664917 941.028
155 0 665307 574.661
156 0 6.9245e-310 5
157 0 6.9245e-310 5
158 0 6.9245e-310 5
159 0 6.9245e-310 5
