0 0 6.93765e-310 5
1 0 6.48232e-316 5
2 0 -209754 3152.86
3 0 -187441 5436.59
4 0 -205176 2671.97
5 0 -181385 4272.91
6 0 -210877 2418.53
7 0 -220505 4277.52
8 0 -212292 2534.7
9 0 -181467 4168.58
10 0 -212605 2878.43
11 0 -189041 4720.6
12 0 -215501 2667.9
13 0 -198276 4005.12
14 0 -222624 2433.35
15 0 -195716 3796.18
16 0 -171051 2296.57
17 0 -152434 4427.28
18 0 -178296 2691.64
19 0 -193576 4986.92
20 0 -180615 2927.57
21 0 -147163 4470.84
22 0 6.93765e-310 5
23 0 6.93765e-310 5
24 0 -179574 2471.25
25 0 -151320 4506.14
26 0 -179330 2373.02
27 0 -141957 4985.14
28 0 -121385 67.9376
29 0 -117892 2482.39
30 0 -250983 23006.6
31 0 -190060 31286.7
32 0 -158458 3059.69
33 0 -139306 4107.98
34 0 -205040 4259.25
35 0 -138947 5082.09
36 0 -171357 2622.81
37 0 -142840 4159.2
38 0 -167907 2163.29
39 0 -138343 4647.85
40 0 -210656 2854.29
41 0 -141470 4089.32
42 0 -172064 2435.89
43 0 -143242 5162.56
44 0 -104186 352.509
45 0 6.93765e-310 5
46 0 -98519.5 32878.6
47 0 6.93765e-310 5
48 0 -152247 2488.53
49 0 -178511 4705.2
50 0 -155852 2453.61
51 0 -136637 3926.11
52 0 -155232 2173.54
53 0 -172013 4222.96
54 0 -154522 2867.12
55 0 -124573 5033.65
56 0 -149717 2415.14
57 0 -128141 4477.71
58 0 -151136 2350.14
59 0 -123583 4291.3
60 0 -190157 4931.56
61 0 -178500 0.236702
62 0 6.93765e-310 5
63 0 6.93765e-310 5
64 0 6.93765e-310 5
65 0 6.93765e-310 5
66 0 586059 2147.31
67 0 585893 2182.14
68 0 586828 2246.32
69 0 578465 2309.77
70 0 586346 2816.24
71 0 586799 2642.29
72 0 578577 2883.66
73 0 578540 2941.56
74 0 578393 2872.84
75 0 578704 2784.36
76 0 611697 1377.87
77 0 577446 2736.35
78 0 578238 2580.95
79 0 578339 2763.34
80 0 6.93765e-310 5
81 0 6.93765e-310 5
82 0 603002 2369.02
83 0 595163 2558.57
84 0 602904 2219.51
85 0 602699 2246.15
86 0 602769 2583.12
87 0 603277 2848.99
88 0 595034 2674.93
89 0 595676 2448.76
90 0 596492 2485.09
91 0 594949 2541.47
92 0 596128 2665.75
93 0 595676 2673.21
94 0 597662 2843.11
95 0 594992 2744.23
96 0 6.93765e-310 5
97 0 6.93765e-310 5
98 0 623363 2719.98
99 0 615404 3034.87
100 0 623123 2146.47
101 0 614192 1993.36
102 0 620941 2233.63
103 0 621027 1473.8
104 0 613474 2553
105 0 612307 2384.39
106 0 604705 2417.06
107 0 612882 2442.98
108 0 614672 2729.25
109 0 615109 2742.17
110 0 614674 2811.18
111 0 614411 2592.56
112 0 6.93765e-310 5
113 0 6.93765e-310 5
114 0 642575 3017.3
115 0 640871 2959.93
116 0 643125 3006.54
117 0 642289 3031.08
118 0 641270 2101.44
119 0 641857 2655.27
120 0 622989 1878.22
121 0 630584 1764.74
122 0 632038 1995.5
123 0 623000 1931.55
124 0 630863 2644.29
125 0 631484 2234.2
126 0 631380 2911.09
127 0 631212 2828.19
128 0 6.93765e-310 5
129 0 6.93765e-310 5
130 0 657185 2441.8
131 0 657785 2666.34
132 0 658022 2521.93
133 0 648502 2374.91
134 0 658028 2361.03
135 0 657586 2398.9
136 0 649365 2220.6
137 0 648927 2357.62
138 0 659647 652.089
139 0 660938 703.349
140 0 661301 538.336
141 0 661773 713.522
142 0 661062 685.818
143 0 661360 603.743
144 0 6.93765e-310 5
145 0 6.93765e-310 5
146 0 673470 507.298
147 0 673293 707.457
148 0 672203 600.372
149 0 671548 518.761
150 0 671282 522.691
151 0 672879 727.927
152 0 664481 544.292
153 0 665602 575.192
154 0 664353 506.84
155 0 664780 691.791
156 0 6.93765e-310 5
157 0 6.93765e-310 5
158 0 6.93765e-310 5
159 0 6.93765e-310 5
