0 0 6.92096e-310 5
1 0 3.93439e-316 5
2 0 -196387 3941.75
3 0 -245260 4030.11
4 0 -83764.6 30724.3
5 0 -190517 4818.98
6 0 -194292 8346.32
7 0 -245081 5374.79
8 0 -113963 5578.58
9 0 -88586.3 31097.8
10 0 -118475 2982.47
11 0 -177107 3731.81
12 0 -117358 2324.23
13 0 -184757 5454.61
14 0 -139869 5038.47
15 0 -243214 29408.3
16 0 -241373 33586.1
17 0 -206141 7437.13
18 0 -166057 2682.52
19 0 -264643 28913.5
20 0 -199295 7136.72
21 0 -198862 19507.5
22 0 6.92096e-310 5
23 0 6.92096e-310 5
24 0 -137153 20995.8
25 0 -268290 3825.98
26 0 -215781 1893.51
27 0 -175683 32400.9
28 0 -122169 252.398
29 0 -119802 1619.03
30 0 -112083 8286.19
31 0 6.92096e-310 5
32 0 -145068 3464.55
33 0 -159006 3317.8
34 0 -114578 15914.6
35 0 -152772 10869.8
36 0 -218096 1484.16
37 0 -300259 16819.7
38 0 -173875 9155.82
39 0 -134230 3747.78
40 0 -287890 15297.6
41 0 -159172 2502.57
42 0 -113795 29433
43 0 -131493 2435.37
44 0 -104811 488.524
45 0 6.92096e-310 5
46 0 -102572 1838.58
47 0 6.92096e-310 5
48 0 -139614 3032.16
49 0 -121742 4211.24
50 0 -282901 26648.5
51 0 -142793 3843.23
52 0 -187913 9181.55
53 0 -177130 29111
54 0 -29728.1 28150.1
55 0 -224315 29932.8
56 0 -192545 4542.83
57 0 -218026 34778.4
58 0 -125771 10415.3
59 0 -89783.3 29414.1
60 0 -157983 1809.97
61 0 -235500 0.155645
62 0 6.92096e-310 5
63 0 6.92096e-310 5
64 0 6.92096e-310 5
65 0 6.92096e-310 5
66 0 569935 2283.38
67 0 569928 2402.13
68 0 570390 2272.36
69 0 570030 2274.56
70 0 569572 2077.76
71 0 561946 2193.66
72 0 562718 2146.6
73 0 562233 2149.58
74 0 562748 2063.69
75 0 594221 1454.82
76 0 594588 1319.8
77 0 561819 1956.52
78 0 587769 1426.23
79 0 563110 2019.58
80 0 6.92096e-310 5
81 0 6.92096e-310 5
82 0 614559 2023.89
83 0 615800 1123.68
84 0 586982 1477.79
85 0 612075 1638.7
86 0 587022 1569.99
87 0 620901 1569.14
88 0 571403 1454.81
89 0 579912 1564.04
90 0 580519 1643.95
91 0 571038 1551.43
92 0 579925 1853.14
93 0 579791 1616.81
94 0 580692 1931.46
95 0 578556 1893.23
96 0 6.92096e-310 5
97 0 6.92096e-310 5
98 0 605827 2095.98
99 0 605735 2028.11
100 0 607039 2714.14
101 0 605467 1978.78
102 0 604660 3627.68
103 0 628163 803.733
104 0 613052 668.253
105 0 627665 1537.4
106 0 597606 2797.95
107 0 615550 1487.7
108 0 600065 2550.71
109 0 599969 2921.79
110 0 599119 2333.11
111 0 629022 981.057
112 0 6.92096e-310 5
113 0 6.92096e-310 5
114 0 625910 2371.76
115 0 624610 2331.04
116 0 625558 2389.94
117 0 625176 2449.59
118 0 624928 2202.52
119 0 624639 2270.19
120 0 615528 2131.22
121 0 615377 2147.26
122 0 616007 2094.26
123 0 615000 2053.19
124 0 614253 2042.33
125 0 615097 2039.56
126 0 615662 2286.03
127 0 648954 1001.26
128 0 6.92096e-310 5
129 0 6.92096e-310 5
130 0 641546 2330.9
131 0 641965 2305.61
132 0 670361 952.567
133 0 640713 2766.72
134 0 668153 1484.16
135 0 642559 2445.67
136 0 658604 775.2
137 0 659569 736.303
138 0 635650 674.319
139 0 645012 663.644
140 0 645435 742.048
141 0 645975 997.347
142 0 644929 505.191
143 0 645650 782.072
144 0 6.92096e-310 5
145 0 6.92096e-310 5
146 0 673331 630.812
147 0 672957 489.001
148 0 671812 379.218
149 0 671353 589.758
150 0 671235 586.423
151 0 672681 455.937
152 0 664422 545.41
153 0 665667 511.689
154 0 664396 600.94
155 0 664600 567.488
156 0 6.92096e-310 5
157 0 6.92096e-310 5
158 0 6.92096e-310 5
159 0 6.92096e-310 5
