0 0 6.92359e-310 5
1 0 3.57597e-316 5
2 0 -95306.7 13735.2
3 0 -55650.2 28479
4 0 -158500 0.24735
5 0 -242467 6443.77
6 0 -143188 1992.27
7 0 -216271 2571.86
8 0 -207500 2612.95
9 0 -207631 27373.4
10 0 -124500 0.246135
11 0 -201763 12924
12 0 -115812 1992.27
13 0 -219445 4845.9
14 0 -124500 1471.08
15 0 -145505 1167.38
16 0 -169590 15449.2
17 0 -210028 2172.67
18 0 -109454 3242.08
19 0 -113399 1846.88
20 0 -177069 5220.64
21 0 -162255 3283.81
22 0 6.92359e-310 5
23 0 6.92359e-310 5
24 0 -165500 0.25
25 0 6.92359e-310 5
26 0 -198500 0.128454
27 0 6.92359e-310 5
28 0 -122700 51.9375
29 0 -119634 1004.28
30 0 -165668 5388.13
31 0 6.92359e-310 5
32 0 -168500 0.25
33 0 6.92359e-310 5
34 0 -176204 8288.08
35 0 6.92359e-310 5
36 0 -172500 0.25
37 0 6.92359e-310 5
38 0 -154000 1200.52
39 0 6.92359e-310 5
40 0 -238500 0.157358
41 0 6.92359e-310 5
42 0 -141500 0.250875
43 0 6.92359e-310 5
44 0 -104222 321.85
45 0 6.92359e-310 5
46 0 -134500 0.256532
47 0 6.92359e-310 5
48 0 -138516 1494.2
49 0 6.92359e-310 5
50 0 -232500 0.149488
51 0 6.92359e-310 5
52 0 -205500 0.304866
53 0 6.92359e-310 5
54 0 -141770 2540.45
55 0 6.92359e-310 5
56 0 -231500 0.149405
57 0 -119164 3794.55
58 0 -151000 555.728
59 0 -227243 16929.3
60 0 -142500 0.250797
61 0 6.92359e-310 5
62 0 6.92359e-310 5
63 0 6.92359e-310 5
64 0 6.92359e-310 5
65 0 6.92359e-310 5
66 0 585922 2106.79
67 0 585817 2109.12
68 0 586616 2116.17
69 0 586122 2076
70 0 585736 1898.78
71 0 586090 2064.73
72 0 578922 1995.09
73 0 578544 2077.22
74 0 578816 1845.63
75 0 579114 1932.75
76 0 610951 1296.36
77 0 601849 1320.77
78 0 604231 1370.49
79 0 605693 1995.26
80 0 6.92359e-310 5
81 0 6.92359e-310 5
82 0 631200 2418.24
83 0 632222 1096.1
84 0 595263 2112.09
85 0 635751 754.853
86 0 603242 1280.15
87 0 628742 1778.52
88 0 595451 1258.96
89 0 625048 2324.97
90 0 596547 1489.52
91 0 595169 1402.04
92 0 596085 1728.01
93 0 596158 1772.37
94 0 596787 1873.58
95 0 594746 1637.14
96 0 6.92359e-310 5
97 0 6.92359e-310 5
98 0 621868 1881.53
99 0 613858 1871.14
100 0 622681 2238.95
101 0 621515 1928.99
102 0 620097 694.965
103 0 644555 737.507
104 0 637724 625.589
105 0 644157 1431.44
106 0 613901 2496.43
107 0 639859 1434.19
108 0 615294 2736.34
109 0 608145 2316.66
110 0 615228 2221.1
111 0 645367 1069.26
112 0 6.92359e-310 5
113 0 6.92359e-310 5
114 0 641824 2263.33
115 0 640635 2269.18
116 0 641524 2106.36
117 0 641105 2362.06
118 0 640762 1895.33
119 0 640789 2067.72
120 0 631236 1742.49
121 0 630898 1720.06
122 0 631960 1753.89
123 0 630886 1758.72
124 0 630302 1832.38
125 0 630822 1595.63
126 0 623345 1495.08
127 0 630879 2211.16
128 0 6.92359e-310 5
129 0 6.92359e-310 5
130 0 657438 958.548
131 0 657560 2433.13
132 0 686847 870.413
133 0 686570 912.763
134 0 676264 1314.78
135 0 681496 2570.33
136 0 675055 766.556
137 0 647000 3125.55
138 0 659650 552.055
139 0 661031 664.225
140 0 661429 588.161
141 0 661883 756.46
142 0 661216 557.583
143 0 661560 657.694
144 0 6.92359e-310 5
145 0 6.92359e-310 5
146 0 673537 479.96
147 0 673302 617.868
148 0 671995 427.097
149 0 671735 386.796
150 0 671634 469.854
151 0 672833 441.993
152 0 664600 415.033
153 0 665667 491.184
154 0 656665 400.647
155 0 664617 573.599
156 0 6.92359e-310 5
157 0 6.92359e-310 5
158 0 6.92359e-310 5
159 0 6.92359e-310 5
