0 0 6.90295e-310 5
1 0 4.31931e-316 5
2 0 -210388 2655.22
3 0 -188083 4254.9
4 0 -206074 2616.31
5 0 -182176 4080.86
6 0 -211594 2939.54
7 0 -177753 4710.24
8 0 -187534 2782.33
9 0 -291710 19928.8
10 0 -213402 2929.08
11 0 -189393 4024.63
12 0 -216043 2541.12
13 0 -244678 4509.73
14 0 -223758 2416.16
15 0 -196895 4014.18
16 0 -216323 2407.65
17 0 -154504 4902.55
18 0 -179104 2623.72
19 0 -149522 5729.31
20 0 -181303 2604.83
21 0 -147572 4616.32
22 0 6.90295e-310 5
23 0 6.90295e-310 5
24 0 -180522 2838.28
25 0 -151827 4178.75
26 0 -180744 2670.86
27 0 -141937 4573.64
28 0 -121868 313.174
29 0 -118391 2622.28
30 0 -257493 20825.1
31 0 -229930 3866.46
32 0 -159378 3203.73
33 0 -140004 4291.44
34 0 -162425 2795.39
35 0 -186433 4057.83
36 0 -172051 2391.62
37 0 -190247 5101.83
38 0 -169151 2244.08
39 0 -138803 4834.61
40 0 -165562 2319.97
41 0 -142003 4660.51
42 0 -173178 2596.98
43 0 -144275 4869.52
44 0 -227188 5888.27
45 0 -246486 30430
46 0 -275659 26630.3
47 0 6.90295e-310 5
48 0 -153112 2440.79
49 0 -134765 5251.95
50 0 -156363 2580.38
51 0 -137357 4076.58
52 0 -202654 3186.65
53 0 -128477 3514.59
54 0 -155501 2675.15
55 0 -124665 4379.22
56 0 -150401 2377.26
57 0 -128463 3925.01
58 0 -151879 2497.9
59 0 -125108 4773.88
60 0 -307873 14953.5
61 0 -235500 0.155645
62 0 6.90295e-310 5
63 0 6.90295e-310 5
64 0 731536 1142.47
65 0 6.90295e-310 5
66 0 733726 3861.84
67 0 607539 31369.9
68 0 796500 0.0128483
69 0 705248 3175.81
70 0 703000 2778.64
71 0 566500 17319.6
72 0 783000 2079.73
73 0 500849 8285.85
74 0 564828 498.091
75 0 554500 0.265946
76 0 730435 22912.3
77 0 713500 0.0128483
78 0 561500 0.266162
79 0 592156 996.147
80 0 788528 1742.69
81 0 6.90295e-310 5
82 0 548500 0.265739
83 0 778500 0.0128483
84 0 562500 0.266174
85 0 530500 0.265019
86 0 610500 0.0128483
87 0 689500 0.0128483
88 0 535500 0.26526
89 0 688776 2156.18
90 0 517000 3798.23
91 0 603500 0.0128483
92 0 755500 0.0128483
93 0 500500 0.269017
94 0 564500 849.114
95 0 746947 3397.05
96 0 760289 7965.48
97 0 6.90295e-310 5
98 0 567188 1992.27
99 0 763001 2941.44
100 0 655224 17694.9
101 0 652500 0.0128483
102 0 501500 0.263378
103 0 547500 0.265712
104 0 509500 0.27024
105 0 503500 0.263505
106 0 676500 0.0128483
107 0 796500 0.0128483
108 0 691484 1494.21
109 0 622500 0.0128483
110 0 570500 0.266413
111 0 554500 0.265946
112 0 591574 8621.84
113 0 6.90295e-310 5
114 0 666828 498.101
115 0 627500 0.0128483
116 0 503828 498.086
117 0 646000 555.728
118 0 684000 1201.14
119 0 679188 1992.28
120 0 688188 1992.28
121 0 675500 0.0128483
122 0 696500 1471.08
123 0 795500 0.0128483
124 0 648500 2402.28
125 0 764500 0.0128483
126 0 763156 996.156
127 0 693500 0.0128483
128 0 667605 32013.9
129 0 6.90295e-310 5
130 0 634169 21192.2
131 0 646500 0.0128483
132 0 727500 0.0128483
133 0 789500 0.0128483
134 0 605188 1992.27
135 0 751500 0.0128483
136 0 697500 0.0128483
137 0 527500 0.264869
138 0 506050 11426.5
139 0 628656 3869.95
140 0 756333 1550.71
141 0 677943 2339.51
142 0 663795 5398.71
143 0 691500 2402.28
144 0 574900 28540.6
145 0 6.90295e-310 5
146 0 801301 14035.1
147 0 694507 2637.12
148 0 663979 4826.04
149 0 596927 3315.6
150 0 714304 1378.95
151 0 505179 5613.72
152 0 697500 0.0128483
153 0 601825 2511.23
154 0 651898 10251.4
155 0 609567 4115.99
156 0 6.90295e-310 5
157 0 6.90295e-310 5
158 0 6.90295e-310 5
159 0 6.90295e-310 5
