0 0 6.92734e-310 5
1 0 5.66202e-316 5
2 0 -121284 4737.99
3 0 -292480 30659.6
4 0 -208043 2425.95
5 0 -184416 4807.02
6 0 -213833 2531.66
7 0 -180146 4464.75
8 0 -215436 2674.88
9 0 -185006 4843.91
10 0 -215723 2813.19
11 0 -191749 4109.1
12 0 -218175 2225.75
13 0 -200857 4371.27
14 0 -225704 2490.18
15 0 -198978 4537.43
16 0 -174338 2639.16
17 0 -156029 4603.91
18 0 -181218 2870.23
19 0 -152061 5994.08
20 0 -183794 2859.29
21 0 -150374 5264.46
22 0 6.92734e-310 5
23 0 6.92734e-310 5
24 0 -182918 2808.33
25 0 -154802 4900.69
26 0 -183040 3529.96
27 0 -145039 3893.26
28 0 -95892.9 19.8242
29 0 -118456 1669.15
30 0 -133196 6797.78
31 0 6.92734e-310 5
32 0 -160820 2585.68
33 0 -142512 4969.36
34 0 -164604 2669.74
35 0 -141943 5147.12
36 0 -174420 2674.93
37 0 -145945 4204.66
38 0 -171207 2664.47
39 0 -140823 4572.1
40 0 -167901 2454.61
41 0 -144198 4265.7
42 0 -175183 2663.38
43 0 -146120 4933.42
44 0 -105015 304.401
45 0 6.92734e-310 5
46 0 -106775 2698.3
47 0 6.92734e-310 5
48 0 -155274 2586.94
49 0 -137469 7469.67
50 0 -158644 2684.37
51 0 -139783 4157.27
52 0 -158076 2433.77
53 0 -130942 4091.92
54 0 -157414 2384.47
55 0 -127532 4711.51
56 0 -152744 2582.04
57 0 -131021 4409.03
58 0 -154481 2543.63
59 0 -126825 4946.76
60 0 -195877 29249.9
61 0 6.92734e-310 5
62 0 6.92734e-310 5
63 0 6.92734e-310 5
64 0 6.92734e-310 5
65 0 6.92734e-310 5
66 0 569896 2621.87
67 0 569906 2633.18
68 0 570654 2592.76
69 0 570138 2600.73
70 0 569630 2614.22
71 0 562126 2461.4
72 0 562372 3139.47
73 0 562157 3099.47
74 0 562100 3071.49
75 0 562397 3062.54
76 0 595204 1395.48
77 0 560845 2899.23
78 0 561695 2865.52
79 0 561826 2943.76
80 0 6.92734e-310 5
81 0 6.92734e-310 5
82 0 586426 2629.8
83 0 586650 2777.81
84 0 586345 2598.59
85 0 586371 2574.36
86 0 586220 3000.47
87 0 586875 3202.47
88 0 570416 2779.38
89 0 579096 2861.34
90 0 580028 2717.99
91 0 570574 2681.97
92 0 579628 2711.48
93 0 579383 2915.9
94 0 580898 2534.81
95 0 578297 2677.71
96 0 6.92734e-310 5
97 0 6.92734e-310 5
98 0 606175 2240.38
99 0 606013 2415.39
100 0 607272 2752.67
101 0 605761 2069.38
102 0 604208 2202.53
103 0 604757 1668.72
104 0 589100 2915.33
105 0 595875 2571.2
106 0 596154 2567.45
107 0 588306 2698.67
108 0 598515 3005.13
109 0 598685 2899.5
110 0 598036 2845.74
111 0 598088 2928.88
112 0 6.92734e-310 5
113 0 6.92734e-310 5
114 0 625715 2792.36
115 0 623870 2649.57
116 0 625891 2544.36
117 0 625185 2761.35
118 0 625347 2390.44
119 0 624917 2419.41
120 0 614881 2398.48
121 0 614609 2304.28
122 0 616155 2536.68
123 0 614889 2482.16
124 0 614238 2582.21
125 0 615374 2364.32
126 0 615560 3399.18
127 0 614924 2994.8
128 0 6.92734e-310 5
129 0 6.92734e-310 5
130 0 641092 3015.59
131 0 641653 3095.97
132 0 642142 2932.93
133 0 639984 2658.55
134 0 641745 2908.5
135 0 641309 2909.64
136 0 633008 2805.87
137 0 632692 2896.48
138 0 635331 951.865
139 0 644751 1044.92
140 0 644611 709.089
141 0 645578 1057.6
142 0 644664 944.846
143 0 644606 735.932
144 0 6.92734e-310 5
145 0 6.92734e-310 5
146 0 673022 869.003
147 0 672861 994.569
148 0 671565 590.343
149 0 671027 784.764
150 0 670667 744.196
151 0 672394 844.027
152 0 664138 836.878
153 0 665404 900.154
154 0 663893 814.536
155 0 664487 800.531
156 0 6.92734e-310 5
157 0 6.92734e-310 5
158 0 6.92734e-310 5
159 0 6.92734e-310 5
