0 0 6.93418e-310 5
1 0 4.23491e-316 5
2 0 -145500 0.24382
3 0 -235220 16392
4 0 -204516 1494.2
5 0 -184238 8290.58
6 0 -223043 2869.82
7 0 -224000 2079.73
8 0 -169812 1992.27
9 0 -249172 498.072
10 0 -249500 0.163355
11 0 -116500 0.247248
12 0 -229000 555.728
13 0 -183160 8284.65
14 0 -113500 0.247309
15 0 -206037 16280.5
16 0 -215500 0.142467
17 0 -210000 1349.32
18 0 -154500 0.255306
19 0 -151188 1992.27
20 0 -214500 0.141794
21 0 -104812 1992.27
22 0 6.93418e-310 5
23 0 6.93418e-310 5
24 0 -159500 0.243101
25 0 -107500 0.2473
26 0 -128500 0.246626
27 0 -211000 555.728
28 0 -121408 53.4529
29 0 -119631 953.974
30 0 -246925 20615.5
31 0 6.93418e-310 5
32 0 -157500 0.250024
33 0 -231500 0.149405
34 0 -221500 0.157547
35 0 -216500 0.136218
36 0 -115500 0.247276
37 0 -175500 0.25
38 0 -225500 0.14915
39 0 -244500 0.174919
40 0 -179500 0.241343
41 0 -199500 0.1314
42 0 -189500 0.250004
43 0 -134309 3618.78
44 0 -104228 323.6
45 0 6.93418e-310 5
46 0 -106500 0.247352
47 0 6.93418e-310 5
48 0 -138500 0.251139
49 0 -199500 0.1314
50 0 -144500 0.250656
51 0 -105140 2490.33
52 0 -111500 0.247276
53 0 -236500 0.156187
54 0 -121500 0.25
55 0 -196500 0.131016
56 0 -135500 0.251451
57 0 -241500 0.150456
58 0 -176500 0.25
59 0 -244000 2778.64
60 0 -177500 0.25
61 0 6.93418e-310 5
62 0 6.93418e-310 5
63 0 6.93418e-310 5
64 0 6.93418e-310 5
65 0 6.93418e-310 5
66 0 577965 2157.61
67 0 585763 2078.76
68 0 578491 1940.77
69 0 586126 2169.65
70 0 585706 1931.97
71 0 578058 1974.91
72 0 578866 1885.24
73 0 578522 2097.25
74 0 578761 1741.2
75 0 578772 1680.41
76 0 610839 1310.2
77 0 601830 1113.59
78 0 604291 1443.2
79 0 603836 993.85
80 0 6.93418e-310 5
81 0 6.93418e-310 5
82 0 622379 2288.13
83 0 632282 1134.06
84 0 602742 907.672
85 0 628501 2023.73
86 0 602871 1683.22
87 0 636568 1836.62
88 0 595581 1318.58
89 0 617077 1957.47
90 0 596717 1672.5
91 0 595494 1535.51
92 0 595746 1566.1
93 0 595946 1791.86
94 0 596671 1826.81
95 0 594728 1477.59
96 0 6.93418e-310 5
97 0 6.93418e-310 5
98 0 621928 1824.54
99 0 613641 1744.26
100 0 622668 2221.51
101 0 621467 1942.99
102 0 645637 629.408
103 0 644982 738.12
104 0 590535 10574.5
105 0 644012 1830.81
106 0 636074 3993.78
107 0 638524 1483.41
108 0 606818 3129.82
109 0 616117 2546.67
110 0 615272 2777.46
111 0 637332 999.781
112 0 6.93418e-310 5
113 0 6.93418e-310 5
114 0 641834 2364.43
115 0 640954 2251.83
116 0 641420 2318.25
117 0 641102 2323.17
118 0 640709 1947.78
119 0 640455 1948.93
120 0 631177 1670.21
121 0 630865 1722.77
122 0 631960 2115.57
123 0 630902 1771.72
124 0 622264 1959.64
125 0 630932 1458.98
126 0 631782 2100.44
127 0 622722 1276.55
128 0 6.93418e-310 5
129 0 6.93418e-310 5
130 0 657493 2120.14
131 0 657945 1716.69
132 0 686910 611.476
133 0 686312 1613.66
134 0 683801 1547.23
135 0 682400 2435.11
136 0 665893 1704.62
137 0 650272 2897.59
138 0 659596 544.46
139 0 653004 630.328
140 0 661381 579.448
141 0 661808 765.41
142 0 661183 560.343
143 0 661489 594.832
144 0 6.93418e-310 5
145 0 6.93418e-310 5
146 0 673501 473.574
147 0 673275 601.278
148 0 663974 399.186
149 0 671712 388.801
150 0 671598 476.997
151 0 664806 432.315
152 0 664554 402.476
153 0 665650 495.953
154 0 664623 402.036
155 0 664574 527.373
156 0 6.93418e-310 5
157 0 6.93418e-310 5
158 0 6.93418e-310 5
159 0 6.93418e-310 5
