0 0 6.92137e-310 5
1 0 5.54933e-316 5
2 0 -210920 2586.03
3 0 -188730 4909.52
4 0 -207050 3140.79
5 0 -183357 3967.38
6 0 -211827 3024.03
7 0 -178459 4901.97
8 0 -246836 2442.52
9 0 -153174 31546.7
10 0 -214293 2504.01
11 0 -190619 4174.51
12 0 -216944 2881.75
13 0 -199951 4003.91
14 0 -224411 2818.68
15 0 -197315 3968.73
16 0 -172843 2744.66
17 0 -154496 4740.79
18 0 -179344 2555.81
19 0 -150040 4186.57
20 0 -182450 3123.08
21 0 -147549 4135.83
22 0 6.92137e-310 5
23 0 6.92137e-310 5
24 0 -181297 2746.58
25 0 -152238 3851.47
26 0 -227699 3600.45
27 0 -143735 4279.69
28 0 -122054 287.429
29 0 -117781 1776.84
30 0 -243915 13093.7
31 0 -241905 5125.04
32 0 -159964 3972.62
33 0 -188318 4299.78
34 0 -206179 7174.58
35 0 -141004 5550.27
36 0 -173193 2632.34
37 0 -145007 5450.51
38 0 -169763 2216.3
39 0 -138953 5194.38
40 0 -165502 2465.98
41 0 -142660 4264.1
42 0 -173347 2578.06
43 0 -144967 4495.03
44 0 -104760 453.542
45 0 6.92137e-310 5
46 0 -119533 4149.83
47 0 6.92137e-310 5
48 0 -154057 3059.51
49 0 -136594 5671.25
50 0 -157219 2427.92
51 0 -137945 3977.64
52 0 -156129 2150.03
53 0 -129393 3779.64
54 0 -156014 2577.64
55 0 -126578 5133.71
56 0 -151302 2245.99
57 0 -129240 3905.94
58 0 -152265 2460.54
59 0 -126487 4986.13
60 0 -109739 4416.6
61 0 -138500 0.251139
62 0 6.92137e-310 5
63 0 6.92137e-310 5
64 0 677500 0.0128483
65 0 6.92137e-310 5
66 0 570053 2370.53
67 0 562016 2384.49
68 0 570773 2335.94
69 0 570430 2427.98
70 0 561808 2473.97
71 0 570421 2496.53
72 0 554630 2799.85
73 0 562354 2752.66
74 0 562273 2938.65
75 0 554640 2898.09
76 0 562336 2983.21
77 0 561339 2763.65
78 0 554118 2621.06
79 0 562307 2725.55
80 0 516500 0.26428
81 0 6.92137e-310 5
82 0 587082 2611.55
83 0 586870 2463.72
84 0 586801 2348.87
85 0 586729 2224.77
86 0 586551 2853.54
87 0 587334 2845.04
88 0 579165 2360.77
89 0 579323 2724.98
90 0 580334 2707.71
91 0 578682 2585.78
92 0 579930 2529.18
93 0 579777 2391.51
94 0 581213 2475.94
95 0 578831 2351.33
96 0 629500 0.0128483
97 0 6.92137e-310 5
98 0 606514 2225.88
99 0 606440 2417.99
100 0 607412 2499.68
101 0 605904 1967.84
102 0 604470 2105.5
103 0 604720 1629.91
104 0 597278 2587.33
105 0 596095 2405.01
106 0 596616 2669.97
107 0 596901 2669
108 0 598866 2708.63
109 0 598881 2763.39
110 0 598353 2858.7
111 0 598733 2536.2
112 0 736500 0.0128483
113 0 6.92137e-310 5
114 0 625876 2994.16
115 0 624111 2688.53
116 0 626114 2547.26
117 0 626194 3499.38
118 0 625208 2245.19
119 0 625133 2463.64
120 0 607107 2082.91
121 0 614730 2179.83
122 0 616225 2163.03
123 0 607138 2218.03
124 0 614689 2488.24
125 0 615368 2234.73
126 0 615747 2698.56
127 0 614907 2791.5
128 0 667918 20308
129 0 6.92137e-310 5
130 0 633101 2639.91
131 0 641588 2881.19
132 0 642019 2704.09
133 0 640592 2539.79
134 0 642289 2551.92
135 0 641627 2607.01
136 0 633517 2488.3
137 0 633343 2679.47
138 0 643620 677.105
139 0 644872 787.634
140 0 644946 790.892
141 0 645727 747.691
142 0 644850 760.343
143 0 645054 843.785
144 0 684500 0.0128483
145 0 6.92137e-310 5
146 0 673285 727.266
147 0 673056 846.891
148 0 671723 538.086
149 0 663430 540.231
150 0 671110 603.649
151 0 664579 663.635
152 0 664409 556.102
153 0 665578 651.617
154 0 664355 511.043
155 0 664562 662.113
156 0 6.92137e-310 5
157 0 6.92137e-310 5
158 0 6.92137e-310 5
159 0 6.92137e-310 5
