0 0 6.94848e-310 5
1 0 4.43624e-316 5
2 0 -240423 3155.33
3 0 -225259 28639.3
4 0 -204092 15788.3
5 0 -175874 8185.14
6 0 -129628 5050.3
7 0 -239242 31686.2
8 0 -241948 21707.6
9 0 -191817 31069.6
10 0 -200120 3942.92
11 0 -103478 13296.5
12 0 -200980 3910.59
13 0 -184148 4842.49
14 0 -137077 6429.33
15 0 -236487 6632.4
16 0 -158555 3298.04
17 0 -215702 30889
18 0 -217599 7716.06
19 0 -171521 31121.7
20 0 -167292 2539.87
21 0 -214749 4408.48
22 0 6.94848e-310 5
23 0 6.94848e-310 5
24 0 -166035 1527.69
25 0 -137511 2766.28
26 0 -166305 2139.19
27 0 -134297 26573.3
28 0 -121439 476.1
29 0 -119876 951.118
30 0 -117230 8293.61
31 0 6.94848e-310 5
32 0 -218101 3257.45
33 0 -144626 15539.2
34 0 -142274 651.831
35 0 -127063 2351.13
36 0 -113845 20996.8
37 0 -33932 28580.7
38 0 -153594 2868.72
39 0 -171369 33522.1
40 0 -150675 1137.79
41 0 -173066 3555.06
42 0 -158390 824.838
43 0 -130712 3129.32
44 0 -104764 456.657
45 0 6.94848e-310 5
46 0 -138546 7578.56
47 0 6.94848e-310 5
48 0 -139156 3618.33
49 0 -187786 14742.9
50 0 -203550 4515.37
51 0 -309399 17773.8
52 0 -182048 12437
53 0 -143775 5591.32
54 0 -142449 2542.68
55 0 -99677.5 29528.1
56 0 -136287 2742.73
57 0 -114781 3527.86
58 0 -133476 21561.9
59 0 -108300 2703.19
60 0 -239951 4776.71
61 0 -221500 0.157547
62 0 6.94848e-310 5
63 0 6.94848e-310 5
64 0 6.94848e-310 5
65 0 6.94848e-310 5
66 0 569555 2138.31
67 0 561458 2165
68 0 570025 2031.32
69 0 569688 2141.12
70 0 561364 2005.62
71 0 569671 2072.19
72 0 554433 2017.79
73 0 561930 2023.83
74 0 562507 2014.75
75 0 586189 1482.95
76 0 594420 1309.74
77 0 585363 1028.39
78 0 579728 1381.13
79 0 587433 828.046
80 0 6.94848e-310 5
81 0 6.94848e-310 5
82 0 615147 1989.03
83 0 615735 1173.25
84 0 587048 1853.35
85 0 611771 1721.49
86 0 586847 1638.17
87 0 621442 1265.46
88 0 579218 1420.25
89 0 579724 1621.35
90 0 580152 1538.26
91 0 578859 1528.42
92 0 579442 1838.61
93 0 579560 1658.17
94 0 580347 1952.83
95 0 578465 1927.9
96 0 6.94848e-310 5
97 0 6.94848e-310 5
98 0 605458 2035.5
99 0 605381 2015.11
100 0 606423 2380.48
101 0 605054 1875.38
102 0 603484 3280.59
103 0 628357 795.55
104 0 621283 722.176
105 0 627842 1451.59
106 0 596806 2680.32
107 0 623409 1367.48
108 0 599340 2571.45
109 0 599288 2748.56
110 0 598607 2478.15
111 0 628975 1047.1
112 0 6.94848e-310 5
113 0 6.94848e-310 5
114 0 625563 2258.52
115 0 624306 2313.4
116 0 625188 2182.74
117 0 624639 2324.91
118 0 624368 1920.68
119 0 624314 2183.84
120 0 606855 1776.05
121 0 614459 1710.8
122 0 615379 1877.81
123 0 606544 1900.84
124 0 613776 1880.06
125 0 614657 1977.95
126 0 615033 2181.45
127 0 614413 2059.33
128 0 6.94848e-310 5
129 0 6.94848e-310 5
130 0 632935 2369.64
131 0 641466 2227.9
132 0 670360 1041.99
133 0 640089 2853.97
134 0 668161 1355.94
135 0 667254 1572.24
136 0 658416 905.796
137 0 659553 711.182
138 0 680500 1925.97
139 0 644661 472.127
140 0 644938 487.072
141 0 645568 650.779
142 0 644851 438.778
143 0 645012 499.235
144 0 6.94848e-310 5
145 0 6.94848e-310 5
146 0 672985 463.614
147 0 672968 488.239
148 0 671749 408.93
149 0 663395 593.547
150 0 670875 415.348
151 0 664559 109.302
152 0 664254 478.427
153 0 665459 460.887
154 0 664147 554.503
155 0 664348 428.956
156 0 6.94848e-310 5
157 0 6.94848e-310 5
158 0 6.94848e-310 5
159 0 6.94848e-310 5
