0 0 6.93042e-310 5
1 0 5.34762e-316 5
2 0 -208632 2506.73
3 0 -185737 4254.75
4 0 -244034 4048.58
5 0 -220401 4531.17
6 0 -209343 2363.64
7 0 -175356 4819.2
8 0 -211414 2370.23
9 0 -220899 4783.72
10 0 -211628 2826.97
11 0 -187657 3992.25
12 0 -213831 2182.36
13 0 -196712 3594.99
14 0 -221883 2621.49
15 0 -195065 4674.52
16 0 -169786 2350.33
17 0 -190632 4445
18 0 -177051 2505.33
19 0 -148113 5027.14
20 0 -179747 2535.57
21 0 -145380 4163.54
22 0 6.93042e-310 5
23 0 6.93042e-310 5
24 0 -178347 2634.38
25 0 -150043 4095.76
26 0 -217738 5039.39
27 0 -140203 5175.95
28 0 -121988 316.466
29 0 -118212 2908.62
30 0 -129622 6689.83
31 0 6.93042e-310 5
32 0 -157245 2455.1
33 0 -173435 10256.8
34 0 -160246 2781.5
35 0 -178105 6208.44
36 0 -170027 2221.69
37 0 -182893 5404
38 0 -167139 2465.26
39 0 -137225 4772.84
40 0 -163588 2534.11
41 0 -139650 3775.15
42 0 -171135 2525.76
43 0 -142177 4673.03
44 0 -104789 330.907
45 0 6.93042e-310 5
46 0 -108923 4904.41
47 0 6.93042e-310 5
48 0 -150955 2313.73
49 0 -174080 5167.36
50 0 -154752 2604.3
51 0 -135776 3899.37
52 0 -193935 4315.67
53 0 -126630 3634.05
54 0 -153397 2419.43
55 0 -122386 4301
56 0 -148564 2014.19
57 0 -167546 5138.5
58 0 -149902 2294.57
59 0 -122947 4621.12
60 0 -227348 3631.81
61 0 -194500 0.251249
62 0 6.93042e-310 5
63 0 6.93042e-310 5
64 0 6.93042e-310 5
65 0 6.93042e-310 5
66 0 585568 2153.72
67 0 577337 2050.37
68 0 586292 2225.75
69 0 585797 2196.59
70 0 578315 2844.75
71 0 586401 2607.15
72 0 570656 2823.69
73 0 578493 2883.15
74 0 577955 2425.71
75 0 570470 2641.17
76 0 611052 1356.03
77 0 577059 2323.52
78 0 570024 2361.62
79 0 578184 2467.95
80 0 6.93042e-310 5
81 0 6.93042e-310 5
82 0 602779 2120.74
83 0 602892 2246.52
84 0 602370 2254.45
85 0 602301 2047.42
86 0 602297 2562.53
87 0 603165 2577.22
88 0 594993 2259.1
89 0 595185 2427.68
90 0 595902 2439.06
91 0 594484 2468.82
92 0 595632 2374.07
93 0 595529 2323.89
94 0 597331 2526.73
95 0 594855 2382.12
96 0 6.93042e-310 5
97 0 6.93042e-310 5
98 0 622696 2477.98
99 0 622573 2520.23
100 0 622322 1837.58
101 0 621695 2015.98
102 0 619817 2135.06
103 0 619994 1491.97
104 0 613039 2278.03
105 0 611790 2248.34
106 0 612183 2255.59
107 0 612630 2316.46
108 0 614451 2352.81
109 0 614422 2401.37
110 0 614283 2632.91
111 0 614407 2448.78
112 0 6.93042e-310 5
113 0 6.93042e-310 5
114 0 641906 2967.46
115 0 640201 2568.41
116 0 642113 2551.62
117 0 641497 2636.54
118 0 640670 2076.86
119 0 641062 2421.87
120 0 622208 1468.9
121 0 629614 1458.58
122 0 631673 2235.84
123 0 622075 1713.64
124 0 631616 2918.34
125 0 631795 2653.23
126 0 631873 2921.48
127 0 631907 3106.71
128 0 6.93042e-310 5
129 0 6.93042e-310 5
130 0 648911 2452.64
131 0 657355 2477.26
132 0 657691 2345.7
133 0 656084 2170.06
134 0 657903 2184.57
135 0 657481 2331.57
136 0 648613 2023.39
137 0 648693 2143.43
138 0 659376 479.531
139 0 660502 491.819
140 0 661546 1252.57
141 0 662955 1473.22
142 0 660492 468.552
143 0 660593 494.874
144 0 6.93042e-310 5
145 0 6.93042e-310 5
146 0 672832 451.196
147 0 672723 572.327
148 0 671670 451.58
149 0 663376 595.295
150 0 670787 421.579
151 0 664483 538.83
152 0 664348 602.517
153 0 665441 565.691
154 0 664247 641.516
155 0 664458 565.552
156 0 6.93042e-310 5
157 0 6.93042e-310 5
158 0 6.93042e-310 5
159 0 6.93042e-310 5
