0 0 6.91022e-310 5
1 0 6.7244e-316 5
2 0 -210041 2716.09
3 0 -187979 4627.03
4 0 -205546 2540.51
5 0 -181458 3810.12
6 0 -211128 2719.99
7 0 -221967 4415.39
8 0 -212803 2334.14
9 0 -182285 4736.49
10 0 -212824 2625.52
11 0 -188991 3864.34
12 0 -215390 2360.09
13 0 -243094 5175.46
14 0 -222925 2295.85
15 0 -196320 4466.42
16 0 -214722 2031.54
17 0 -153517 4239.13
18 0 -178691 2765.75
19 0 -193727 5046.89
20 0 -181308 2787.69
21 0 -147098 4486.79
22 0 6.91022e-310 5
23 0 6.91022e-310 5
24 0 -179602 2680.1
25 0 -151756 4884.09
26 0 -180062 2778.41
27 0 -141633 6023.97
28 0 -121807 332.428
29 0 -118134 2814.65
30 0 -131034 6052.28
31 0 6.91022e-310 5
32 0 -202780 3254.87
33 0 -183690 4281.74
34 0 -162113 2895.84
35 0 -183160 5147.8
36 0 -171581 2585.14
37 0 -143749 4912.93
38 0 -168325 2374.53
39 0 -138563 4638.26
40 0 -165471 2898.68
41 0 -141686 4465.61
42 0 -172476 2718.16
43 0 -188291 4665.3
44 0 -104399 72.9795
45 0 6.91022e-310 5
46 0 -180304 3093.68
47 0 6.91022e-310 5
48 0 -196836 2479.28
49 0 -134287 4391.51
50 0 -156003 2282.29
51 0 -137230 4646.14
52 0 -155490 2342.89
53 0 -127866 3709.88
54 0 -154802 2712.01
55 0 -125181 4808.59
56 0 -150269 2481.69
57 0 -128003 4373.87
58 0 -151276 2418.47
59 0 -124528 4121.37
60 0 -157431 3639.25
61 0 -160500 0.228723
62 0 6.91022e-310 5
63 0 6.91022e-310 5
64 0 6.91022e-310 5
65 0 6.91022e-310 5
66 0 570021 2214.48
67 0 569893 2236.73
68 0 570719 2225.33
69 0 570331 2291.84
70 0 570073 2594.48
71 0 570328 2262.32
72 0 554582 2750.49
73 0 562509 2788.6
74 0 562344 2800.5
75 0 554738 2767.38
76 0 595575 1365.45
77 0 561486 2685.55
78 0 554248 2581.65
79 0 562383 2728.92
80 0 6.91022e-310 5
81 0 6.91022e-310 5
82 0 587075 2440.78
83 0 587218 2467.36
84 0 586662 2497.32
85 0 586647 2345.16
86 0 586767 2600.88
87 0 587173 3024.44
88 0 579263 2457.36
89 0 579535 2600.25
90 0 572551 2451.45
91 0 578793 2639.08
92 0 580046 2655.18
93 0 579766 2530.88
94 0 581651 2747.48
95 0 579083 2685.88
96 0 6.91022e-310 5
97 0 6.91022e-310 5
98 0 599099 2596.11
99 0 606889 2731.26
100 0 607032 2183.81
101 0 606108 2041.63
102 0 604453 2160.46
103 0 604775 1755.63
104 0 597332 2613.27
105 0 596125 2352.3
106 0 596705 2511.33
107 0 596954 2493.26
108 0 598768 2679.03
109 0 599076 2685.4
110 0 598682 2846.81
111 0 598509 2499.64
112 0 6.91022e-310 5
113 0 6.91022e-310 5
114 0 626412 3091.99
115 0 624825 2922.61
116 0 626735 2794.59
117 0 626306 3093.99
118 0 625148 2136.72
119 0 625623 2654.83
120 0 614964 1914.3
121 0 614534 1892.27
122 0 616013 1953.61
123 0 614912 1930.48
124 0 606592 2341.66
125 0 615293 2119.22
126 0 615541 2988.33
127 0 607095 2763.75
128 0 6.91022e-310 5
129 0 6.91022e-310 5
130 0 641048 2478.11
131 0 641716 2556.52
132 0 642022 2475
133 0 640468 2394.74
134 0 642219 2470.69
135 0 641611 2504.54
136 0 633261 2273.63
137 0 633122 2427.8
138 0 643588 619.878
139 0 644851 724.919
140 0 645108 633.228
141 0 645732 715.941
142 0 644912 711.602
143 0 645208 712.811
144 0 6.91022e-310 5
145 0 6.91022e-310 5
146 0 673384 546.479
147 0 673113 776.664
148 0 671856 499.596
149 0 671519 497.241
150 0 671258 526.113
151 0 672642 667.746
152 0 664373 510.536
153 0 665536 588.718
154 0 665500 1578.14
155 0 664511 608.624
156 0 6.91022e-310 5
157 0 6.91022e-310 5
158 0 6.91022e-310 5
159 0 6.91022e-310 5
