0 0 6.89925e-310 5
1 0 6.57432e-316 5
2 0 -195605 2763.53
3 0 -271072 20882.9
4 0 -198734 5949.2
5 0 -138759 5946.14
6 0 -197402 6714.13
7 0 -207009 20546.2
8 0 -313158 15209.5
9 0 -246518 4845.54
10 0 -100474 25052.3
11 0 -121394 30612.2
12 0 -89819.5 28885
13 0 -133531 6907.57
14 0 -246009 2326.98
15 0 -241794 6670.27
16 0 -145041 7042.16
17 0 -234872 5054.85
18 0 -100870 6381.05
19 0 -247338 3216.95
20 0 -239600 3625.41
21 0 -162261 5714.16
22 0 6.89925e-310 5
23 0 6.89925e-310 5
24 0 -164836 1319.55
25 0 -135678 3639.27
26 0 -165516 3607.37
27 0 -128345 2674.84
28 0 -121386 74.117
29 0 -119589 1128.06
30 0 -114653 9051.34
31 0 6.89925e-310 5
32 0 -171901 3799.94
33 0 -125012 4352.52
34 0 -162284 3258.22
35 0 -128592 4223.14
36 0 -156080 2338.95
37 0 -132739 8200.25
38 0 -170413 2917.64
39 0 -144495 3577.44
40 0 -152485 3084.73
41 0 -59638.8 28261.2
42 0 -279711 20700
43 0 -241155 4153.6
44 0 -104259 318.851
45 0 6.89925e-310 5
46 0 -179831 35391.8
47 0 6.89925e-310 5
48 0 -138164 1245.64
49 0 -151116 2383.57
50 0 -143458 2174.81
51 0 -123533 4676.88
52 0 -167500 5945.58
53 0 -117119 3800.65
54 0 -70872.5 29543.7
55 0 -51464.2 33782.4
56 0 -133551 4596.36
57 0 -134207 5258.01
58 0 -203500 0.173155
59 0 -157598 29815.9
60 0 -246995 1479.59
61 0 -104500 0.247546
62 0 6.89925e-310 5
63 0 6.89925e-310 5
64 0 6.89925e-310 5
65 0 6.89925e-310 5
66 0 577891 2106.78
67 0 585743 2081.13
68 0 578458 2058.28
69 0 586075 2089.67
70 0 585730 1954.88
71 0 578046 1996.08
72 0 578874 1998.41
73 0 578341 2041.48
74 0 578902 1914.31
75 0 579069 1905.22
76 0 610885 1304.28
77 0 601895 1126.96
78 0 604031 1540.9
79 0 603715 845.988
80 0 6.89925e-310 5
81 0 6.89925e-310 5
82 0 622483 2009.76
83 0 632175 1230.75
84 0 603351 1764.51
85 0 635755 721.386
86 0 603131 1449.51
87 0 636641 1805.5
88 0 595368 1338.87
89 0 616738 1736.49
90 0 596612 1616.76
91 0 595149 1399.29
92 0 596097 1795.3
93 0 595964 1612.36
94 0 596790 1947.43
95 0 594751 1750.93
96 0 6.89925e-310 5
97 0 6.89925e-310 5
98 0 621909 1902.8
99 0 613812 1912.7
100 0 622622 2210.73
101 0 621470 1907.55
102 0 619266 2934.93
103 0 644722 852.215
104 0 637691 710.735
105 0 643866 1438.12
106 0 613460 2840.59
107 0 639947 1482.71
108 0 607922 2554.27
109 0 615591 2857.78
110 0 615198 2363.98
111 0 637371 995.27
112 0 6.89925e-310 5
113 0 6.89925e-310 5
114 0 641973 2420.04
115 0 640731 2265.56
116 0 641560 2171.18
117 0 641055 2315.91
118 0 640754 1882.2
119 0 640609 2017.78
120 0 631192 1697.77
121 0 630856 1733.65
122 0 631847 1896.99
123 0 630892 1782.08
124 0 622292 1937.58
125 0 631123 1946.93
126 0 631545 2032.42
127 0 622883 2138.91
128 0 6.89925e-310 5
129 0 6.89925e-310 5
130 0 657379 2638.33
131 0 657631 2454.75
132 0 686763 957.135
133 0 656569 2680.64
134 0 684547 1341.09
135 0 683632 1573.53
136 0 665730 1667.55
137 0 650351 3811.82
138 0 659581 535.478
139 0 652984 625.135
140 0 661356 577.295
141 0 661870 750.045
142 0 661153 543.612
143 0 661481 623.222
144 0 6.89925e-310 5
145 0 6.89925e-310 5
146 0 673471 483.233
147 0 673263 592.472
148 0 663965 412.127
149 0 671709 395.696
150 0 671596 485.627
151 0 664808 431.821
152 0 664584 405.574
153 0 665645 474.041
154 0 664509 113.193
155 0 664549 543.099
156 0 6.89925e-310 5
157 0 6.89925e-310 5
158 0 6.89925e-310 5
159 0 6.89925e-310 5
