0 0 6.92768e-310 5
1 0 5.31645e-316 5
2 0 -208739 2500.81
3 0 -229710 6949.47
4 0 -204070 2837.15
5 0 -180267 4018.78
6 0 -249956 1303.18
7 0 -219472 6175.32
8 0 -211610 2406.71
9 0 -223735 7414.59
10 0 -211622 2962.19
11 0 -188302 3979.28
12 0 -214083 2447.12
13 0 -198101 3719.73
14 0 -222329 2942.85
15 0 -195070 3835.7
16 0 -212321 2679.45
17 0 -151817 5159.04
18 0 -177593 2962.69
19 0 -147984 4957.62
20 0 -179692 2475.35
21 0 -146644 5041.24
22 0 6.92768e-310 5
23 0 6.92768e-310 5
24 0 -179008 2398.62
25 0 -150096 3984.45
26 0 -221490 3089.37
27 0 -184288 4229.13
28 0 -85050.1 12.6544
29 0 -117645 2185.35
30 0 -129888 6394.29
31 0 6.92768e-310 5
32 0 -199678 5528.4
33 0 -138359 4359.83
34 0 -160806 2609.88
35 0 -138576 5217.67
36 0 -170522 2602.97
37 0 -142205 4462.38
38 0 -167493 2431.31
39 0 -181849 5482.03
40 0 -163619 2563.95
41 0 -184816 4962.3
42 0 -214145 6004.56
43 0 -186433 6293.09
44 0 -104030 314.875
45 0 6.92768e-310 5
46 0 -140255 13036.5
47 0 6.92768e-310 5
48 0 -151525 2634.53
49 0 -133321 4898.56
50 0 -155125 2526.59
51 0 -135765 4434.85
52 0 -154234 2525
53 0 -126711 3618.76
54 0 -153800 2532.63
55 0 -124192 6292.59
56 0 -148916 2371.74
57 0 -127276 3964.55
58 0 -150283 2212.28
59 0 -122916 4652.81
60 0 -191036 30381.5
61 0 -201500 0.148645
62 0 6.92768e-310 5
63 0 6.92768e-310 5
64 0 6.92768e-310 5
65 0 6.92768e-310 5
66 0 586472 2221.46
67 0 578195 2053.42
68 0 587042 2141.63
69 0 586679 2241.16
70 0 578578 2487.23
71 0 586955 2454.86
72 0 571333 2697.27
73 0 579004 2876.28
74 0 578960 2529.62
75 0 571271 2725.77
76 0 611732 1351.64
77 0 577933 2422.52
78 0 570868 2463.6
79 0 578997 2509.88
80 0 6.92768e-310 5
81 0 6.92768e-310 5
82 0 603707 2267.12
83 0 603716 2411.36
84 0 603442 2311.45
85 0 603335 2101.31
86 0 603251 2560.87
87 0 604161 2456.12
88 0 595735 2430.33
89 0 596281 2325.27
90 0 596774 2484.74
91 0 595470 2355.63
92 0 596366 2399.24
93 0 596466 2389.61
94 0 598127 2746.92
95 0 595620 2371.89
96 0 6.92768e-310 5
97 0 6.92768e-310 5
98 0 623439 2470.44
99 0 623565 2806.56
100 0 623565 2148.33
101 0 622404 1917.2
102 0 620833 2204.62
103 0 621035 1561.59
104 0 614117 2382.24
105 0 612916 2286.23
106 0 613174 2399.45
107 0 613569 2497.03
108 0 615465 2495.6
109 0 615618 2396.34
110 0 615059 2718.85
111 0 615258 2675.96
112 0 6.92768e-310 5
113 0 6.92768e-310 5
114 0 643389 3209.65
115 0 641288 2746.26
116 0 643140 2672.06
117 0 643068 3187.6
118 0 641424 2017.82
119 0 641832 2373.43
120 0 623163 1752.3
121 0 630681 1595.83
122 0 632088 1878.75
123 0 622970 1810.63
124 0 632554 3196.38
125 0 631610 1982.32
126 0 632214 2835.43
127 0 632235 2998.62
128 0 6.92768e-310 5
129 0 6.92768e-310 5
130 0 649795 2449.14
131 0 658198 2469.92
132 0 658824 2377.17
133 0 656875 2148.69
134 0 658682 2164.24
135 0 658182 2325.02
136 0 649413 2088.8
137 0 649498 2267.08
138 0 660073 573.066
139 0 661418 510.064
140 0 661512 509.871
141 0 662273 549.285
142 0 661494 544.357
143 0 661601 569.777
144 0 6.92768e-310 5
145 0 6.92768e-310 5
146 0 673712 536.018
147 0 673691 604.173
148 0 672532 491.13
149 0 663882 504.111
150 0 672193 1095.96
151 0 665557 137.203
152 0 664873 478.547
153 0 666211 630.45
154 0 664663 489.512
155 0 665336 539.747
156 0 6.92768e-310 5
157 0 6.92768e-310 5
158 0 6.92768e-310 5
159 0 6.92768e-310 5
