0 0 6.94234e-310 5
1 0 5.94181e-316 5
2 0 -212847 2659.13
3 0 -190632 4853.4
4 0 -208542 2792.75
5 0 -184625 4110.26
6 0 -213964 2502.23
7 0 -180022 5214.38
8 0 -215875 2553.84
9 0 -185257 4642.09
10 0 -215742 2845.4
11 0 -192465 4176.67
12 0 -218217 2353.12
13 0 -201612 4350.41
14 0 -226242 2634.35
15 0 -199450 4365.1
16 0 -174627 2451.01
17 0 -156200 4674.82
18 0 -181258 2455.69
19 0 -152392 4857.79
20 0 -183837 2546.91
21 0 -150729 4220.11
22 0 6.94234e-310 5
23 0 6.94234e-310 5
24 0 -182799 2537.5
25 0 -154562 4205.97
26 0 -182753 3009.56
27 0 -145446 4634
28 0 -122750 256.332
29 0 -119274 2216.76
30 0 -133663 6899.73
31 0 6.94234e-310 5
32 0 -161421 2721.63
33 0 -142622 4382.49
34 0 -164998 3081.96
35 0 -142683 5185.3
36 0 -174527 2459.76
37 0 -146644 4834.8
38 0 -171731 2523.7
39 0 -140274 6324.76
40 0 -168506 2901.58
41 0 -144655 4870.9
42 0 -175975 2840.07
43 0 -146511 4820.43
44 0 -105101 293.321
45 0 6.94234e-310 5
46 0 -216422 2365.1
47 0 6.94234e-310 5
48 0 -155557 2319.02
49 0 -137406 4804.76
50 0 -159019 2363.63
51 0 -139813 3828.2
52 0 -158185 2451.96
53 0 -130854 3689.98
54 0 -157624 2494.21
55 0 -128119 5849.2
56 0 -153142 2558.96
57 0 -131287 4522.41
58 0 -154407 2366.08
59 0 -127257 4552.4
60 0 -177949 2654.63
61 0 -236500 0.156187
62 0 6.94234e-310 5
63 0 6.94234e-310 5
64 0 6.94234e-310 5
65 0 6.94234e-310 5
66 0 569443 2637.64
67 0 569302 2538.34
68 0 570082 2437.91
69 0 569676 2580.12
70 0 569095 2468.93
71 0 561639 2473.37
72 0 562014 3052.72
73 0 561612 2939.01
74 0 561467 3094.46
75 0 562055 3114.48
76 0 594847 1397.2
77 0 560528 2959.78
78 0 561229 2968.14
79 0 561446 3021.44
80 0 6.94234e-310 5
81 0 6.94234e-310 5
82 0 586250 2717.99
83 0 586136 2788.68
84 0 585788 2607.76
85 0 586062 2492.8
86 0 585621 2978.03
87 0 586253 3218.91
88 0 570353 2525.26
89 0 578489 2872.12
90 0 579613 2844.21
91 0 569843 2840.62
92 0 579036 2637.97
93 0 578970 2523.09
94 0 580501 2543.45
95 0 577958 2341.73
96 0 6.94234e-310 5
97 0 6.94234e-310 5
98 0 605840 2333.05
99 0 605644 2447.67
100 0 606705 2653.85
101 0 605068 1974.83
102 0 603891 2413.28
103 0 604308 1766.04
104 0 588432 2755.09
105 0 595273 2561.24
106 0 595838 2822.67
107 0 588033 2617.13
108 0 598086 2727.59
109 0 598158 2926.84
110 0 597638 2784.18
111 0 598008 2683.71
112 0 6.94234e-310 5
113 0 6.94234e-310 5
114 0 625047 3043.78
115 0 623336 2723.78
116 0 625272 2520.1
117 0 624513 2563.42
118 0 624744 2500.1
119 0 624282 2403.94
120 0 614368 2280.07
121 0 614150 2298.25
122 0 615785 2424.24
123 0 614584 2387.54
124 0 613949 2552.21
125 0 614878 2495.96
126 0 614957 2951.42
127 0 614367 3155.15
128 0 6.94234e-310 5
129 0 6.94234e-310 5
130 0 640247 3123.18
131 0 641063 3020.86
132 0 641084 3333.47
133 0 639860 2700.15
134 0 641479 2807.89
135 0 640846 2745.5
136 0 632672 2693.9
137 0 632434 2684.22
138 0 634657 710.098
139 0 644309 976.821
140 0 644402 918.02
141 0 644649 718.524
142 0 644179 928.612
143 0 644462 978.014
144 0 6.94234e-310 5
145 0 6.94234e-310 5
146 0 672652 783.628
147 0 672461 1004.02
148 0 671071 660.301
149 0 670592 577.767
150 0 670411 665.599
151 0 671828 788.63
152 0 663655 702.283
153 0 664845 783.504
154 0 663550 656.263
155 0 663848 807.873
156 0 6.94234e-310 5
157 0 6.94234e-310 5
158 0 6.94234e-310 5
159 0 6.94234e-310 5
