0 0 6.9098e-310 5
1 0 5.63385e-316 5
2 0 -213044 2790.4
3 0 -190786 4756.2
4 0 -208351 2620.68
5 0 -184572 4604.93
6 0 -214199 2582.56
7 0 -180532 4416.78
8 0 -215989 2701.46
9 0 -185114 4503.3
10 0 -216333 2920.07
11 0 -192323 3973.99
12 0 -218455 2275.88
13 0 -201919 4828.82
14 0 -226442 2636.63
15 0 -199192 4008.06
16 0 -175057 2956.99
17 0 -157037 5484
18 0 -181331 2481.79
19 0 -152703 5386.18
20 0 -184243 2776.51
21 0 -150212 4730.19
22 0 6.9098e-310 5
23 0 6.9098e-310 5
24 0 -183111 2823.79
25 0 -154583 4603.68
26 0 -183025 2656.34
27 0 -145755 4377.99
28 0 -122431 35.8746
29 0 -119320 1999.41
30 0 -134025 6760.65
31 0 6.9098e-310 5
32 0 -161481 2778.92
33 0 -143254 4022.31
34 0 -165070 2958.67
35 0 -141881 4877.44
36 0 -174804 2797.84
37 0 -147230 4269.93
38 0 -171171 2486.43
39 0 -141464 4487.91
40 0 -168230 2484.35
41 0 -144808 4247.99
42 0 -175209 2332.67
43 0 -146449 4370.7
44 0 -105050 291.603
45 0 6.9098e-310 5
46 0 -223791 3523.67
47 0 6.9098e-310 5
48 0 -155861 2687.45
49 0 -138308 4254.22
50 0 -159075 2375.07
51 0 -139850 3698.99
52 0 -158647 2636.43
53 0 -131123 3917.31
54 0 -158124 2678.93
55 0 -128244 4654.12
56 0 -153250 2349.5
57 0 -131209 4786.68
58 0 -154334 2543.1
59 0 -127304 4294.09
60 0 -172679 19016.6
61 0 -186500 0.268262
62 0 6.9098e-310 5
63 0 6.9098e-310 5
64 0 6.9098e-310 5
65 0 6.9098e-310 5
66 0 569891 2654.97
67 0 569704 2566.11
68 0 570518 2630.16
69 0 570130 2618.65
70 0 569585 2596.23
71 0 562023 2494.6
72 0 562440 2986.91
73 0 562096 3028.92
74 0 562032 3064.5
75 0 562413 3048.69
76 0 595107 1424.72
77 0 560852 2842.41
78 0 561741 2884.69
79 0 561868 2999.31
80 0 6.9098e-310 5
81 0 6.9098e-310 5
82 0 586449 2670.6
83 0 586633 2762.89
84 0 586312 2716.06
85 0 586267 2516.01
86 0 586217 2929.53
87 0 586843 3160.49
88 0 570572 2645.64
89 0 579152 2812.49
90 0 580045 2601.18
91 0 570475 2972.32
92 0 579532 2684.02
93 0 579438 2775.69
94 0 580826 2452.64
95 0 578354 2588.81
96 0 6.9098e-310 5
97 0 6.9098e-310 5
98 0 606178 2243.99
99 0 605970 2366.41
100 0 607222 2830.73
101 0 605709 2118.6
102 0 604275 2201.44
103 0 604696 1694.47
104 0 589136 2905.58
105 0 595908 2745.79
106 0 596282 2726.27
107 0 588325 2650.91
108 0 598411 2843.72
109 0 598735 2898.62
110 0 598214 2719.12
111 0 598074 2773.5
112 0 6.9098e-310 5
113 0 6.9098e-310 5
114 0 625730 2814.65
115 0 623919 2760.54
116 0 625861 2627.02
117 0 625143 2694.78
118 0 625298 2453.83
119 0 624889 2557.52
120 0 614700 2369.51
121 0 614696 2382.67
122 0 616063 2561.97
123 0 614861 2505.61
124 0 614249 2632.07
125 0 615353 2415.76
126 0 615160 3326.73
127 0 614993 2933.66
128 0 6.9098e-310 5
129 0 6.9098e-310 5
130 0 640948 3036.26
131 0 641737 2864.3
132 0 642227 3031.93
133 0 640050 2711.71
134 0 641713 2912.11
135 0 641337 2965.28
136 0 633034 2791.99
137 0 632802 2918.98
138 0 635238 969.733
139 0 644721 1070.12
140 0 644603 734.755
141 0 645493 1033.28
142 0 644573 995.536
143 0 644643 820.415
144 0 6.9098e-310 5
145 0 6.9098e-310 5
146 0 672964 827.666
147 0 672815 1063.63
148 0 671512 626.202
149 0 670955 765.315
150 0 670631 729.161
151 0 672332 912.313
152 0 664011 851.59
153 0 665323 949.955
154 0 663724 737.344
155 0 664501 847.894
156 0 6.9098e-310 5
157 0 6.9098e-310 5
158 0 6.9098e-310 5
159 0 6.9098e-310 5
