0 0 6.9369e-310 5
1 0 5.80571e-316 5
2 0 -226926 6274.87
3 0 -204173 8252.57
4 0 -220049 8462.11
5 0 -199316 5156.91
6 0 -227306 5982
7 0 -191474 9222.29
8 0 -229721 5864.29
9 0 -198388 10034.3
10 0 -231640 5475.12
11 0 -207255 7050.18
12 0 -234207 6748.37
13 0 -216785 6428.39
14 0 -241315 5199.81
15 0 -213019 8974.45
16 0 -191764 4877.89
17 0 -171956 6346.18
18 0 -196469 8370.93
19 0 -165675 9464.98
20 0 -181614 3753.45
21 0 -162768 10412
22 0 6.9369e-310 5
23 0 6.9369e-310 5
24 0 -198540 4646.77
25 0 -168335 5242.04
26 0 -180161 3466.45
27 0 -155074 9554.22
28 0 -86739 14.9653
29 0 -120585 1445.67
30 0 -146206 7109.98
31 0 6.9369e-310 5
32 0 -158909 4087.51
33 0 -159130 5906.38
34 0 -180987 9331.34
35 0 -155140 11275.8
36 0 -190352 5213.54
37 0 -164846 6594.27
38 0 -185333 8464.66
39 0 -155820 13397.8
40 0 -184255 6814.77
41 0 -159434 9245.49
42 0 -186241 10839.2
43 0 -162161 10032.5
44 0 -105014 288.817
45 0 6.9369e-310 5
46 0 -210583 6330.65
47 0 6.9369e-310 5
48 0 -172347 4880.83
49 0 -151784 5262.54
50 0 -176539 5780.58
51 0 -156958 6509.54
52 0 -157030 4524.57
53 0 -147763 9657.1
54 0 -156054 3465.01
55 0 -144830 6424.24
56 0 -167437 8154.01
57 0 -148243 5565.86
58 0 -172107 5683.09
59 0 -143565 7370.62
60 0 -148133 14901.6
61 0 6.9369e-310 5
62 0 6.9369e-310 5
63 0 6.9369e-310 5
64 0 6.9369e-310 5
65 0 6.9369e-310 5
66 0 569838 2565.57
67 0 561922 2669.66
68 0 570355 2592.12
69 0 569978 2525.79
70 0 561448 2462.04
71 0 569835 2469.19
72 0 554329 2813.07
73 0 561908 2734.24
74 0 562198 2727.25
75 0 554509 2783.87
76 0 594497 1528.16
77 0 561098 2771.57
78 0 554039 3191.3
79 0 562175 3100.21
80 0 6.9369e-310 5
81 0 6.9369e-310 5
82 0 586933 3401.12
83 0 587107 2977.63
84 0 586621 2606.31
85 0 586629 2659.61
86 0 586633 2782.75
87 0 587425 2820.78
88 0 578761 2545.59
89 0 579496 2594.8
90 0 580111 2459.52
91 0 578742 2428.51
92 0 579529 2621.67
93 0 579532 2700.14
94 0 580712 2299.12
95 0 578467 2403.8
96 0 6.9369e-310 5
97 0 6.9369e-310 5
98 0 606050 2122.24
99 0 605874 2294.85
100 0 607620 2724.04
101 0 605635 1968.21
102 0 604531 2475.03
103 0 604803 2029.95
104 0 597467 2982.5
105 0 596328 3016.83
106 0 596572 2659.08
107 0 596763 2745.18
108 0 598701 2936.35
109 0 598947 2931.41
110 0 598107 2704.97
111 0 598265 2865.63
112 0 6.9369e-310 5
113 0 6.9369e-310 5
114 0 625588 2776.19
115 0 623916 2725.76
116 0 625647 2602.07
117 0 624994 2935.53
118 0 625081 2510.8
119 0 624814 2515.85
120 0 607179 2623.12
121 0 614603 2420.97
122 0 616232 2650.34
123 0 607020 2764.43
124 0 614240 2741.59
125 0 615385 2605.99
126 0 615143 3107.76
127 0 614758 2996.9
128 0 6.9369e-310 5
129 0 6.9369e-310 5
130 0 633077 2812.57
131 0 641617 2969.32
132 0 642583 2852.98
133 0 640209 2727.68
134 0 642401 3454.15
135 0 641987 2960.74
136 0 634035 3312.47
137 0 633305 3682.44
138 0 643474 944.158
139 0 644828 995.084
140 0 644891 820.426
141 0 645671 1033.96
142 0 644728 904.701
143 0 645141 945.188
144 0 6.9369e-310 5
145 0 6.9369e-310 5
146 0 673031 781.931
147 0 672981 967.551
148 0 671571 535.612
149 0 663047 721.014
150 0 670852 751.695
151 0 664443 770.276
152 0 664112 761.487
153 0 665381 822.741
154 0 663962 762.739
155 0 664504 726.963
156 0 6.9369e-310 5
157 0 6.9369e-310 5
158 0 6.9369e-310 5
159 0 6.9369e-310 5
