0 0 6.92937e-310 5
1 0 4.38691e-316 5
2 0 -211214 2556.89
3 0 -188773 5043.78
4 0 -206828 2811.1
5 0 -183058 4407.42
6 0 -212535 2550.32
7 0 -178683 4640.54
8 0 -214097 2555.61
9 0 -183785 4684.25
10 0 -213804 3015.98
11 0 -190602 3719.74
12 0 -216519 2357.14
13 0 -199857 4412.32
14 0 -224823 2729.78
15 0 -197828 4398.95
16 0 -173154 2765.3
17 0 -155043 5986.85
18 0 -179883 2538.97
19 0 -150614 5552
20 0 -182101 2754.76
21 0 -148952 4560.31
22 0 6.92937e-310 5
23 0 6.92937e-310 5
24 0 -181150 2679.89
25 0 -152867 4080.09
26 0 -181857 2585.02
27 0 -143237 4611.14
28 0 -85750 7.09701
29 0 -120262 4095.19
30 0 -131897 6896.96
31 0 6.92937e-310 5
32 0 -205496 2810.51
33 0 -140660 3917.3
34 0 -163170 2863.15
35 0 -186252 4475.36
36 0 -172947 2550.7
37 0 -191077 4873.46
38 0 -170020 2521.62
39 0 -139489 4187.46
40 0 -213260 3571.61
41 0 -143141 4623.23
42 0 -173563 2568.15
43 0 -144708 4220.57
44 0 -104994 298.5
45 0 6.92937e-310 5
46 0 -238445 6485.26
47 0 6.92937e-310 5
48 0 -153933 2734.2
49 0 -135494 3953.59
50 0 -157392 2344.98
51 0 -138435 4010.33
52 0 -156676 2467.35
53 0 -129126 3444.65
54 0 -155996 2653.08
55 0 -126065 5569.28
56 0 -151234 2268.17
57 0 -129638 4016.57
58 0 -152867 2330.49
59 0 -125458 4379
60 0 -239909 26522.2
61 0 -163500 0.25
62 0 6.92937e-310 5
63 0 6.92937e-310 5
64 0 6.92937e-310 5
65 0 6.92937e-310 5
66 0 585567 2287.69
67 0 577476 2316.19
68 0 586125 2230.38
69 0 585788 2362.13
70 0 577160 2413.96
71 0 585803 2407.11
72 0 570135 2686.98
73 0 577685 2679.42
74 0 577725 2695.53
75 0 570163 2775.06
76 0 610899 1351.95
77 0 576705 2623.43
78 0 569694 2614.02
79 0 577761 2722.04
80 0 6.92937e-310 5
81 0 6.92937e-310 5
82 0 602553 2522.04
83 0 602561 2625.72
84 0 602377 2265.53
85 0 602472 2230.87
86 0 602241 2729.81
87 0 602988 2704.49
88 0 594410 2615.47
89 0 595047 2476.03
90 0 595686 2496.9
91 0 594504 2445.51
92 0 595027 2510.5
93 0 595055 2532.8
94 0 596824 2743.62
95 0 594231 2443.96
96 0 6.92937e-310 5
97 0 6.92937e-310 5
98 0 622330 2516.95
99 0 622268 2840.6
100 0 622839 2398.55
101 0 621404 1938.69
102 0 619988 2119.15
103 0 620195 1380.56
104 0 613051 2510
105 0 611726 2390.06
106 0 612177 2496.99
107 0 612246 2524.8
108 0 614355 2813.53
109 0 614595 2667.36
110 0 613951 2846.59
111 0 613948 2802.61
112 0 6.92937e-310 5
113 0 6.92937e-310 5
114 0 641904 3083.42
115 0 639830 2633.61
116 0 642196 2902.5
117 0 641525 3036.01
118 0 640564 2031.4
119 0 640611 2373.02
120 0 622421 2053.88
121 0 630065 1915.99
122 0 631554 2188.68
123 0 622379 2105.44
124 0 630044 2430.98
125 0 630920 2193.75
126 0 630966 2746.51
127 0 630615 2834.64
128 0 6.92937e-310 5
129 0 6.92937e-310 5
130 0 648776 2637.62
131 0 657277 2808.75
132 0 657874 2577.96
133 0 655819 2350.72
134 0 657553 2466.82
135 0 657055 2498.89
136 0 648761 2357.13
137 0 648479 2515.09
138 0 659059 761.968
139 0 660460 673.262
140 0 660599 638.136
141 0 661310 806.895
142 0 660485 699.477
143 0 660655 687.738
144 0 6.92937e-310 5
145 0 6.92937e-310 5
146 0 672723 620.694
147 0 672659 720.725
148 0 671461 489.139
149 0 662762 571.437
150 0 670455 604.224
151 0 664272 576.36
152 0 663888 616.909
153 0 665129 635.726
154 0 663658 621.031
155 0 664279 488.622
156 0 6.92937e-310 5
157 0 6.92937e-310 5
158 0 6.92937e-310 5
159 0 6.92937e-310 5
