0 0 6.91577e-310 5
1 0 4.59715e-316 5
2 0 -222490 6546.12
3 0 -200365 11501.3
4 0 -204438 4870.41
5 0 -192279 10160
6 0 -223101 7779.21
7 0 -188710 9773.04
8 0 -223887 7232.12
9 0 -195207 6208.79
10 0 -226718 7789.93
11 0 -201578 8276.97
12 0 -229986 10097.3
13 0 -212587 6386.66
14 0 -235809 7148.86
15 0 -207024 10139.8
16 0 -184534 6855.82
17 0 -167487 7157.05
18 0 -191851 5989.4
19 0 -178507 31498.7
20 0 -196070 5004.28
21 0 -156965 12737.4
22 0 6.91577e-310 5
23 0 6.91577e-310 5
24 0 -179144 4647.76
25 0 -166200 7125.32
26 0 -193339 7592.84
27 0 -154929 6527.38
28 0 -122653 37.9444
29 0 -119013 1575.6
30 0 -138049 13085.5
31 0 6.91577e-310 5
32 0 -172496 6241.45
33 0 -151173 6562.83
34 0 -160222 4700.13
35 0 -152225 7482.25
36 0 -186565 5306.59
37 0 -157905 7389.72
38 0 -167106 5006.56
39 0 -153072 5237.63
40 0 -179329 5953.74
41 0 -154419 5475.44
42 0 -188319 5659.56
43 0 -157801 8685.36
44 0 -104115 340.299
45 0 6.91577e-310 5
46 0 -198663 4782.72
47 0 6.91577e-310 5
48 0 -166981 8126.33
49 0 -149370 6364.05
50 0 -172793 4271.84
51 0 -151886 7482.8
52 0 -171537 4305.2
53 0 -143505 5624.37
54 0 -169789 5221.88
55 0 -140788 6020.39
56 0 -165317 5998.97
57 0 -143496 6826.84
58 0 -167097 4534.96
59 0 -139348 7421.46
60 0 -128362 1597.74
61 0 -221500 0.157547
62 0 6.91577e-310 5
63 0 6.91577e-310 5
64 0 6.91577e-310 5
65 0 6.91577e-310 5
66 0 586231 2322.85
67 0 578134 2207.83
68 0 586827 2263.37
69 0 586457 2351.06
70 0 578031 2337.79
71 0 586494 2340.2
72 0 570908 2584.18
73 0 578582 2587.11
74 0 578882 2597.72
75 0 571082 2605.05
76 0 611100 1489.9
77 0 577934 2609.12
78 0 570841 2575.3
79 0 578893 2615.39
80 0 6.91577e-310 5
81 0 6.91577e-310 5
82 0 603718 2491.82
83 0 603742 2490.17
84 0 603344 2341.91
85 0 603157 2405.9
86 0 603355 2540.17
87 0 638323 1398.67
88 0 595490 2447.08
89 0 596150 2382.08
90 0 596887 2433.82
91 0 595488 2210.25
92 0 6.91577e-310 5
93 0 6.91577e-310 5
94 0 6.91577e-310 5
95 0 6.91577e-310 5
96 0 6.91577e-310 5
97 0 6.91577e-310 5
98 0 622843 2285.18
99 0 622761 2473.52
100 0 623653 2194.44
101 0 622133 1796.3
102 0 620995 2270.9
103 0 621044 2063.12
104 0 614005 2469.98
105 0 612810 2496.88
106 0 613114 2449.22
107 0 613271 2408.92
108 0 615265 2675.46
109 0 615433 2544.95
110 0 615169 2826.81
111 0 615160 2802.2
112 0 6.91577e-310 5
113 0 6.91577e-310 5
114 0 642683 3015.87
115 0 641152 2814.51
116 0 642820 2760.52
117 0 642100 2950.03
118 0 641427 2235.16
119 0 641655 2542.79
120 0 623296 2051.81
121 0 630838 1963.2
122 0 632223 2165.98
123 0 623122 2087.11
124 0 630926 2604.52
125 0 631673 2410.93
126 0 631522 2693.79
127 0 631169 2506.65
128 0 6.91577e-310 5
129 0 6.91577e-310 5
130 0 649461 2490.82
131 0 657900 2528.14
132 0 658617 2498.87
133 0 656800 2229.43
134 0 658631 2437.41
135 0 658214 2500.06
136 0 649624 2358.31
137 0 649490 2489
138 0 659892 678.59
139 0 661221 633.249
140 0 661464 545.762
141 0 662028 722.91
142 0 661326 671.846
143 0 661607 619.417
144 0 6.91577e-310 5
145 0 6.91577e-310 5
146 0 673655 519.275
147 0 673632 743.145
148 0 672375 570.018
149 0 663723 510.341
150 0 671401 532.903
151 0 665180 638.705
152 0 664600 513.583
153 0 665806 606.472
154 0 664440 498.36
155 0 665020 659.997
156 0 6.91577e-310 5
157 0 6.91577e-310 5
158 0 6.91577e-310 5
159 0 6.91577e-310 5
