0 0 6.93002e-310 5
1 0 4.497e-316 5
2 0 -210372 2607.27
3 0 -187714 5769.85
4 0 -248383 2314.35
5 0 -181966 4302.52
6 0 -210958 2763.49
7 0 -220988 5442.18
8 0 -213160 2641.61
9 0 -181814 4753.1
10 0 -212849 2653.13
11 0 -234394 3778.94
12 0 -215496 2601.58
13 0 -198385 4184.66
14 0 -223267 2879.13
15 0 -196835 4275.41
16 0 -171315 2673.38
17 0 -152748 4205.26
18 0 -178556 2804.95
19 0 -193061 5919.08
20 0 -181127 2892.07
21 0 -147182 4837.27
22 0 6.93002e-310 5
23 0 6.93002e-310 5
24 0 -179908 2424.98
25 0 -151195 4385.98
26 0 -180312 2813.26
27 0 -142243 4352.86
28 0 -121999 304.324
29 0 -117570 1808.31
30 0 -173737 8287.26
31 0 6.93002e-310 5
32 0 -159314 3224.07
33 0 -139672 4385.16
34 0 -162276 3306.1
35 0 -139344 5191.9
36 0 -171630 2680.37
37 0 -143522 5261.94
38 0 -168563 2605.9
39 0 -138150 4163.62
40 0 -210328 2913.73
41 0 -186503 5985.99
42 0 -172261 2301.53
43 0 -187622 4419.16
44 0 -104668 428.57
45 0 6.93002e-310 5
46 0 -157142 6385.31
47 0 6.93002e-310 5
48 0 -152620 2642.94
49 0 -178364 3987.73
50 0 -156181 2509.35
51 0 -137004 4202.3
52 0 -155189 2314.01
53 0 -128314 3719.82
54 0 -154410 2357.14
55 0 -169740 5156.62
56 0 -150344 2644.25
57 0 -172220 4502.69
58 0 -151560 2692.75
59 0 -124373 4385.76
60 0 -166132 8960.09
61 0 -224500 0.14915
62 0 6.93002e-310 5
63 0 6.93002e-310 5
64 0 6.93002e-310 5
65 0 572500 0.266464
66 0 577713 2234.11
67 0 585572 2167.87
68 0 578526 2280.86
69 0 585943 2174.33
70 0 586228 2892.69
71 0 578247 2431.47
72 0 578305 2976.49
73 0 577997 2993.07
74 0 577938 2707.58
75 0 578222 3039.32
76 0 578110 3064.95
77 0 576993 2569.67
78 0 577783 2516.92
79 0 577979 2687.88
80 0 6.93002e-310 5
81 0 6.93002e-310 5
82 0 594647 2396.75
83 0 602730 2429.24
84 0 602537 2353.09
85 0 602447 2198.85
86 0 602157 2859.91
87 0 602807 3063.82
88 0 594855 2327.23
89 0 586950 2762.14
90 0 596027 2613.51
91 0 594321 2807.81
92 0 595642 2792.87
93 0 595551 2562.22
94 0 597587 2959.94
95 0 594963 2787.99
96 0 6.93002e-310 5
97 0 572500 0.266464
98 0 622739 2528.71
99 0 614858 2759.34
100 0 622688 2130.28
101 0 621916 2131.01
102 0 620252 2106.74
103 0 620378 1514.53
104 0 613025 2542.98
105 0 611753 2329.52
106 0 612294 2594.09
107 0 612503 2423.82
108 0 606363 2477.65
109 0 614433 2546.96
110 0 614246 2896
111 0 606450 2601.71
112 0 6.93002e-310 5
113 0 572500 0.266464
114 0 642129 3301.5
115 0 640051 2796.28
116 0 642528 2752.48
117 0 641692 3043.33
118 0 641020 2202.77
119 0 641313 2530.81
120 0 630574 1774.71
121 0 630100 1805.76
122 0 631644 2057.42
123 0 630419 1920.71
124 0 622707 2846.39
125 0 631272 2497.42
126 0 631012 2712.66
127 0 622714 3186.56
128 0 573500 0.266489
129 0 572500 0.266464
130 0 656620 2542.67
131 0 657062 2864.95
132 0 657488 2522.62
133 0 655946 2302.21
134 0 657777 2302.58
135 0 657081 2396.89
136 0 640908 2287.62
137 0 648674 2321.49
138 0 659350 518.991
139 0 652532 637.671
140 0 660691 634.591
141 0 661471 619.284
142 0 660680 666.71
143 0 660833 716.484
144 0 6.93002e-310 5
145 0 572500 0.266464
146 0 673103 600.292
147 0 672810 715.722
148 0 663622 479.073
149 0 671360 549.484
150 0 671003 608.587
151 0 664382 582.025
152 0 664302 507.386
153 0 665368 546.109
154 0 664235 480.776
155 0 664304 523.662
156 0 572500 0.266464
157 0 572500 0.266464
158 0 572500 0.266464
159 0 572500 0.266464
