0 0 6.92904e-310 5
1 0 4.53204e-316 5
2 0 -108500 0.247281
3 0 -109500 2698.17
4 0 -161500 0.25
5 0 -136661 20007
6 0 -129500 0.246519
7 0 -169000 1652.6
8 0 -248500 0.161815
9 0 -214500 1899.85
10 0 -171500 0.25
11 0 -190172 498.07
12 0 -218500 0.137397
13 0 -178812 1992.27
14 0 -231500 0.149405
15 0 -133893 19851.8
16 0 -203500 0.173155
17 0 -120500 0.25
18 0 -213500 0.14111
19 0 -191459 15990.3
20 0 -201500 0.148645
21 0 -233360 16496.3
22 0 6.92904e-310 5
23 0 6.92904e-310 5
24 0 -151500 0.257942
25 0 -227500 0.149176
26 0 -220500 0.158548
27 0 6.92904e-310 5
28 0 -121424 44.7741
29 0 -119132 2208.16
30 0 -176781 29700.1
31 0 6.92904e-310 5
32 0 -236500 0.156187
33 0 6.92904e-310 5
34 0 -226500 0.149154
35 0 6.92904e-310 5
36 0 -179500 0.241343
37 0 6.92904e-310 5
38 0 -156000 555.728
39 0 6.92904e-310 5
40 0 6.92904e-310 5
41 0 6.92904e-310 5
42 0 -125500 0.245321
43 0 6.92904e-310 5
44 0 -104220 324.189
45 0 6.92904e-310 5
46 0 -163500 0.25
47 0 6.92904e-310 5
48 0 -123500 0.245925
49 0 6.92904e-310 5
50 0 -245500 0.175266
51 0 6.92904e-310 5
52 0 -109500 0.247062
53 0 6.92904e-310 5
54 0 -157500 0.250024
55 0 6.92904e-310 5
56 0 -208500 0.100488
57 0 -199500 0.1314
58 0 6.92904e-310 5
59 0 -108500 0.247281
60 0 -236500 0.156187
61 0 6.92904e-310 5
62 0 6.92904e-310 5
63 0 6.92904e-310 5
64 0 6.92904e-310 5
65 0 6.92904e-310 5
66 0 561950 2111.34
67 0 569752 2104.65
68 0 562377 1995.65
69 0 570122 2066.08
70 0 569654 1888.03
71 0 562044 1981.3
72 0 563100 2183.44
73 0 602406 1516.53
74 0 562875 1874.99
75 0 563096 1837.7
76 0 595009 1230.6
77 0 585686 1114.65
78 0 588084 1634.57
79 0 575463 10049
80 0 6.92904e-310 5
81 0 6.92904e-310 5
82 0 606454 2280.09
83 0 616196 1098.49
84 0 587048 1267.77
85 0 612484 1890.36
86 0 586809 951.045
87 0 620311 2451.83
88 0 579276 921.96
89 0 600414 1253.98
90 0 580612 1484.45
91 0 579210 1375.56
92 0 580220 1788.2
93 0 579818 1359.77
94 0 580934 1960.65
95 0 578766 1593.62
96 0 6.92904e-310 5
97 0 6.92904e-310 5
98 0 605879 1810.17
99 0 597711 1818.33
100 0 606679 2226.33
101 0 605545 1988.92
102 0 570147 20503.4
103 0 628819 713.202
104 0 621443 763.197
105 0 628188 1198.71
106 0 597645 2913.18
107 0 623751 2427.63
108 0 590966 2160.36
109 0 600675 3354.99
110 0 598643 2236.28
111 0 621239 944.601
112 0 6.92904e-310 5
113 0 6.92904e-310 5
114 0 625895 2116.13
115 0 625009 2352.35
116 0 625877 2304.09
117 0 625412 2259.19
118 0 624483 1550.1
119 0 624793 1882.23
120 0 615507 1768.87
121 0 614998 1736.8
122 0 615826 1611.77
123 0 614901 1751.65
124 0 606627 2461.34
125 0 615258 1905.51
126 0 615701 1631.49
127 0 640956 1123.49
128 0 6.92904e-310 5
129 0 6.92904e-310 5
130 0 641407 2326.46
131 0 641688 2186.09
132 0 670750 794.588
133 0 640105 3395.32
134 0 668027 2280.25
135 0 657168 16134.8
136 0 650860 589.976
137 0 693047 18425.5
138 0 643583 579.383
139 0 637039 630.608
140 0 645406 572.949
141 0 645779 808.597
142 0 645194 558.408
143 0 645522 656.748
144 0 6.92904e-310 5
145 0 6.92904e-310 5
146 0 673519 479.456
147 0 673298 607.115
148 0 663995 403.411
149 0 671729 370.489
150 0 671629 480.879
151 0 664832 420.498
152 0 664603 390.251
153 0 665690 476.871
154 0 664664 403.943
155 0 664561 499.464
156 0 6.92904e-310 5
157 0 6.92904e-310 5
158 0 6.92904e-310 5
159 0 6.92904e-310 5
