0 0 6.92303e-310 5
1 0 5.1964e-316 5
2 0 -223973 3648.57
3 0 -218151 4138.05
4 0 -190608 3006.01
5 0 -56170.5 26783.8
6 0 -123109 28131.6
7 0 -190554 4173.48
8 0 -227901 3503.44
9 0 -199476 29890.3
10 0 -205303 3235.26
11 0 -259641 20747.1
12 0 -224066 8377.12
13 0 -108351 3179.67
14 0 -131855 6001.3
15 0 -304307 18649.9
16 0 -108661 2968.39
17 0 -124456 5408.74
18 0 -141000 2133.43
19 0 -92887.6 23915.8
20 0 -167550 1886.98
21 0 -158681 3975.41
22 0 6.92303e-310 5
23 0 6.92303e-310 5
24 0 -144021 867.258
25 0 6.92303e-310 5
26 0 -244000 2079.73
27 0 6.92303e-310 5
28 0 -121423 44.7761
29 0 -118877 1718.61
30 0 -243220 30373.7
31 0 6.92303e-310 5
32 0 -126812 1992.27
33 0 6.92303e-310 5
34 0 -110839 2298.22
35 0 6.92303e-310 5
36 0 -244497 25583
37 0 6.92303e-310 5
38 0 -119820 26378.7
39 0 6.92303e-310 5
40 0 -149656 3570.42
41 0 6.92303e-310 5
42 0 -172252 33327.8
43 0 6.92303e-310 5
44 0 -104206 325.574
45 0 6.92303e-310 5
46 0 -111707 3131.84
47 0 6.92303e-310 5
48 0 -285597 16386.6
49 0 6.92303e-310 5
50 0 -124500 1508.6
51 0 6.92303e-310 5
52 0 -142026 1702.44
53 0 6.92303e-310 5
54 0 -141855 1515.76
55 0 6.92303e-310 5
56 0 -231896 28151.7
57 0 -191117 2808.19
58 0 -184895 24491.5
59 0 -179900 29902.4
60 0 -247111 18404.2
61 0 -101500 0.247939
62 0 6.92303e-310 5
63 0 6.92303e-310 5
64 0 6.92303e-310 5
65 0 6.92303e-310 5
66 0 585935 2104.57
67 0 585805 2096.43
68 0 586511 2055.12
69 0 586114 2108.91
70 0 585729 1939.02
71 0 578077 1943.61
72 0 578867 2008.6
73 0 578364 2048.68
74 0 578986 1924.32
75 0 579101 1904.53
76 0 610908 1308.14
77 0 577921 1780.17
78 0 604096 1503.45
79 0 603742 851.125
80 0 6.92303e-310 5
81 0 6.92303e-310 5
82 0 630629 1985.65
83 0 632206 1193.64
84 0 603396 1676.62
85 0 635719 748.204
86 0 603227 1440.12
87 0 636893 1621.69
88 0 587723 1598.54
89 0 624722 1607.12
90 0 596524 1484.2
91 0 587215 1348.18
92 0 596159 1777.14
93 0 596079 1714.78
94 0 596815 1882.33
95 0 594845 1862.01
96 0 6.92303e-310 5
97 0 6.92303e-310 5
98 0 621923 1927.92
99 0 621827 1889.94
100 0 622695 2251.6
101 0 621513 1947.21
102 0 645529 513.477
103 0 644659 801.337
104 0 629729 717.449
105 0 643938 1457.12
106 0 613309 2951.94
107 0 631719 1874.78
108 0 615675 2501.02
109 0 615660 2940.88
110 0 650925 1075.27
111 0 645341 1016.03
112 0 6.92303e-310 5
113 0 6.92303e-310 5
114 0 641874 2259.18
115 0 640794 2163.55
116 0 641653 2197.98
117 0 641083 2312.58
118 0 640751 1886.3
119 0 640643 2006.63
120 0 631252 1755.85
121 0 630893 1754.05
122 0 631824 1857.27
123 0 630901 1783.16
124 0 630321 1996.63
125 0 631036 1786.84
126 0 631813 2324.02
127 0 630968 2145.2
128 0 6.92303e-310 5
129 0 6.92303e-310 5
130 0 657221 2650.3
131 0 657752 2242.95
132 0 686772 931.39
133 0 686639 853.336
134 0 684240 1520.43
135 0 683197 1565.22
136 0 673584 1694.05
137 0 648731 3844.35
138 0 651629 570.285
139 0 661012 634.722
140 0 661378 579.621
141 0 661889 731.473
142 0 661202 563.755
143 0 661535 646.027
144 0 6.92303e-310 5
145 0 6.92303e-310 5
146 0 673513 484.093
147 0 673300 612.423
148 0 671981 421.109
149 0 671734 388.536
150 0 671626 474.172
151 0 672822 442.204
152 0 664598 410.296
153 0 665667 489.384
154 0 664655 405.325
155 0 664573 571.041
156 0 6.92303e-310 5
157 0 6.92303e-310 5
158 0 6.92303e-310 5
159 0 6.92303e-310 5
