0 0 6.92828e-310 5
1 0 5.19088e-316 5
2 0 -223666 3561.79
3 0 -36880.7 31401.3
4 0 -295357 12338.8
5 0 -133120 32444.8
6 0 -178732 7541.93
7 0 -206328 5778.74
8 0 -124905 4433.72
9 0 -230705 31033.1
10 0 -154915 6498.22
11 0 -230085 2411.34
12 0 -181610 5278.53
13 0 -123710 6239.16
14 0 -212150 31020.7
15 0 -167665 20802.7
16 0 -216844 996.135
17 0 -283940 22863.3
18 0 -237762 12250
19 0 -154537 3397.76
20 0 -199000 2336.92
21 0 -234285 16613.2
22 0 6.92828e-310 5
23 0 6.92828e-310 5
24 0 -108000 1201.14
25 0 6.92828e-310 5
26 0 -107500 0.2473
27 0 6.92828e-310 5
28 0 -121422 41.6677
29 0 -119672 1107.81
30 0 -102854 5710.66
31 0 6.92828e-310 5
32 0 -213019 8042.07
33 0 6.92828e-310 5
34 0 -176528 21182.2
35 0 6.92828e-310 5
36 0 -222140 2490.33
37 0 6.92828e-310 5
38 0 -248768 459.652
39 0 6.92828e-310 5
40 0 -116140 2490.33
41 0 6.92828e-310 5
42 0 -126812 1992.27
43 0 6.92828e-310 5
44 0 -104173 326.105
45 0 6.92828e-310 5
46 0 -142439 2630.27
47 0 6.92828e-310 5
48 0 -120500 1899.84
49 0 6.92828e-310 5
50 0 -133893 19851.8
51 0 6.92828e-310 5
52 0 -173549 3097.18
53 0 6.92828e-310 5
54 0 -221516 1494.2
55 0 6.92828e-310 5
56 0 -222000 2079.73
57 0 -104516 1494.2
58 0 -197500 0.131911
59 0 -202409 1864.14
60 0 -161000 2685.66
61 0 -235500 0.155645
62 0 6.92828e-310 5
63 0 6.92828e-310 5
64 0 6.92828e-310 5
65 0 6.92828e-310 5
66 0 585993 2135.99
67 0 577863 2120.11
68 0 586556 2060.41
69 0 586143 2102.26
70 0 585789 1939.04
71 0 586092 2005.59
72 0 578981 1972.59
73 0 578427 2016.06
74 0 578963 1852.13
75 0 579105 1939.46
76 0 610953 1290.14
77 0 593962 1242.31
78 0 604162 1458.98
79 0 603795 813.131
80 0 6.92828e-310 5
81 0 6.92828e-310 5
82 0 622805 2012.4
83 0 632222 1160.91
84 0 603167 1387.95
85 0 628476 1650.25
86 0 603515 1718.31
87 0 636617 1802.74
88 0 595587 1609.58
89 0 624752 1644.06
90 0 596689 1660.61
91 0 595244 1385.08
92 0 596226 1817.32
93 0 596143 1744.23
94 0 596905 1942.49
95 0 594850 1719.4
96 0 6.92828e-310 5
97 0 6.92828e-310 5
98 0 621962 1899.05
99 0 621898 1895.53
100 0 622740 2226.36
101 0 621555 1900.81
102 0 621189 3922.33
103 0 644666 850.136
104 0 637748 703.36
105 0 635812 1452.27
106 0 613193 2805.37
107 0 639537 1360.57
108 0 616004 2721.2
109 0 615821 3212.63
110 0 615220 2324.05
111 0 645373 1037.27
112 0 6.92828e-310 5
113 0 6.92828e-310 5
114 0 642035 2468.09
115 0 640955 2329.33
116 0 641811 2354.15
117 0 633021 2184.61
118 0 640884 1956.49
119 0 640696 2045.27
120 0 631228 1724.5
121 0 630993 1750.86
122 0 631984 1794.08
123 0 630995 1771.46
124 0 630464 1909.78
125 0 623144 1965.99
126 0 631545 2396.89
127 0 631010 2081.51
128 0 6.92828e-310 5
129 0 6.92828e-310 5
130 0 657617 2425.64
131 0 657823 2463.4
132 0 686824 985.577
133 0 656238 2592.52
134 0 684606 1510.6
135 0 683678 1445.83
136 0 675052 786.634
137 0 645682 937.613
138 0 659648 604.628
139 0 661077 635.01
140 0 653465 567.463
141 0 661956 762.049
142 0 661263 575.326
143 0 653605 635.689
144 0 6.92828e-310 5
145 0 6.92828e-310 5
146 0 673579 458.297
147 0 673356 616.119
148 0 672096 483.007
149 0 671751 383.097
150 0 671673 446.301
151 0 672859 450.316
152 0 664639 408.548
153 0 665705 510.623
154 0 664678 404.797
155 0 664653 603.307
156 0 6.92828e-310 5
157 0 6.92828e-310 5
158 0 6.92828e-310 5
159 0 6.92828e-310 5
