0 0 6.92637e-310 5
1 0 5.41301e-316 5
2 0 -209861 2695.27
3 0 -186298 4871.62
4 0 -259138 6520.39
5 0 -225391 3709.44
6 0 -210487 2613.54
7 0 -177233 4768.9
8 0 -212596 2275
9 0 -226237 4761.53
10 0 -212867 2936.44
11 0 -233756 5509.47
12 0 -214997 2412.13
13 0 -242533 5219.92
14 0 -222988 2434.58
15 0 -195864 3948.93
16 0 -171229 2482.71
17 0 -196923 7513.38
18 0 -178204 2977.76
19 0 -192486 4688.72
20 0 -180491 2698.42
21 0 -147184 5054.11
22 0 6.92637e-310 5
23 0 6.92637e-310 5
24 0 -179735 3124.07
25 0 -150420 3318.06
26 0 -223985 3425.18
27 0 -142554 4516.28
28 0 -122740 65.2995
29 0 -117893 2797.92
30 0 -173919 7072.04
31 0 6.92637e-310 5
32 0 -203153 4137.01
33 0 -139716 3846.37
34 0 -161854 2197.1
35 0 -139082 4504.82
36 0 -171615 2621.95
37 0 -143413 4130.42
38 0 -167974 2216.11
39 0 -137991 5123.66
40 0 -164046 2257.77
41 0 -185525 4534.95
42 0 -201166 31405.2
43 0 -143428 3892.17
44 0 -104199 349.477
45 0 6.92637e-310 5
46 0 -232969 1945.52
47 0 6.92637e-310 5
48 0 -152268 2360.32
49 0 -178416 5400.16
50 0 -155720 2763.69
51 0 -136887 3490.75
52 0 -154550 2267.31
53 0 -127815 4476.43
54 0 -154516 2454.49
55 0 -170693 6366.29
56 0 -149926 2787.22
57 0 -173350 4189.39
58 0 -151033 2792.56
59 0 -123630 5122.49
60 0 -208969 1945.48
61 0 -105500 0.247442
62 0 6.92637e-310 5
63 0 6.92637e-310 5
64 0 6.92637e-310 5
65 0 6.92637e-310 5
66 0 570094 2127.48
67 0 569977 2160.43
68 0 570905 2193.4
69 0 562467 2256.09
70 0 570326 2767.16
71 0 570768 2532.33
72 0 562616 2975.51
73 0 562633 2957.7
74 0 562462 2897.11
75 0 562738 2913.31
76 0 595764 1332.62
77 0 561513 2782.33
78 0 562310 2646.01
79 0 562325 2779.78
80 0 6.92637e-310 5
81 0 6.92637e-310 5
82 0 586977 2321.57
83 0 579193 2473.01
84 0 587009 2323.25
85 0 586713 2201.48
86 0 586843 2574.17
87 0 587549 2793.96
88 0 579133 2631.45
89 0 579644 2382.16
90 0 580515 2708.39
91 0 579098 2426.5
92 0 580117 2659.32
93 0 579786 2707.36
94 0 581928 2926.7
95 0 579119 2720.13
96 0 6.92637e-310 5
97 0 6.92637e-310 5
98 0 607367 2639.41
99 0 599399 3125.08
100 0 607158 2097.02
101 0 598191 1966.81
102 0 604939 2214.38
103 0 604835 1144.81
104 0 597520 2439.65
105 0 596272 2371.98
106 0 588782 2374.89
107 0 596877 2407.4
108 0 598798 2775.87
109 0 599286 2702.88
110 0 598609 2648.17
111 0 598378 2683
112 0 6.92637e-310 5
113 0 6.92637e-310 5
114 0 626742 3047.24
115 0 624895 3005.78
116 0 627177 3052.85
117 0 626198 3022.97
118 0 625412 2126.44
119 0 625795 2599.21
120 0 606981 1858.28
121 0 614647 1757.22
122 0 616096 2043.57
123 0 606987 1932.34
124 0 615539 3243.68
125 0 615480 2121.86
126 0 615408 2915.97
127 0 615161 2721.28
128 0 6.92637e-310 5
129 0 6.92637e-310 5
130 0 641232 2548.97
131 0 641864 2747.45
132 0 642153 2517.73
133 0 632552 2379.34
134 0 642039 2263.94
135 0 641606 2378.48
136 0 633354 2391.72
137 0 632946 2286.51
138 0 643678 660.598
139 0 645025 686.591
140 0 645341 535.689
141 0 645837 723.023
142 0 645150 685.487
143 0 645418 607.337
144 0 6.92637e-310 5
145 0 6.92637e-310 5
146 0 673502 517.396
147 0 673382 697.05
148 0 672263 578.264
149 0 671588 525.459
150 0 671289 523.329
151 0 672972 715.804
152 0 664549 552.943
153 0 665680 591.916
154 0 664386 521.112
155 0 664916 696.019
156 0 6.92637e-310 5
157 0 6.92637e-310 5
158 0 6.92637e-310 5
159 0 6.92637e-310 5
