0 0 6.90183e-310 5
1 0 5.15888e-316 5
2 0 -227115 7135.85
3 0 -199004 13868.2
4 0 -222063 7365.87
5 0 -196445 10736.8
6 0 -227755 6376.09
7 0 -193685 8067
8 0 -228892 6624.14
9 0 -198427 7869.75
10 0 -229792 7505.25
11 0 -204344 11520.3
12 0 -231871 6952.06
13 0 -215892 6972.54
14 0 -239844 8310
15 0 -212183 10289.9
16 0 -172506 4060.53
17 0 -170809 10869.2
18 0 -195684 4828.91
19 0 -164288 10102.7
20 0 -200276 5313.79
21 0 -163760 9499.06
22 0 6.90183e-310 5
23 0 6.90183e-310 5
24 0 -181058 4119.58
25 0 -153331 6219.66
26 0 -198431 6452.53
27 0 -148863 10778.2
28 0 -122650 116.2
29 0 -120225 1217.01
30 0 -138553 17126.9
31 0 6.90183e-310 5
32 0 -178151 5174.05
33 0 -158575 7075.18
34 0 -180012 7305.58
35 0 -156941 7211.54
36 0 -173456 3745.09
37 0 -160664 7826.39
38 0 -186242 4710.09
39 0 -156619 7332.85
40 0 -128458 32200.8
41 0 -160284 7208.29
42 0 -191127 5855.18
43 0 -162764 7813.99
44 0 -105086 281.075
45 0 6.90183e-310 5
46 0 -115772 3821.35
47 0 6.90183e-310 5
48 0 -170747 6808.36
49 0 -185673 5677.03
50 0 -176989 5011.03
51 0 -156386 7864.33
52 0 -174839 6104.55
53 0 -147542 5747.03
54 0 -174356 6172.83
55 0 -143391 6641.01
56 0 -169444 6459.88
57 0 -148430 6096.31
58 0 -171607 4182.33
59 0 -144324 5748.62
60 0 -247322 18672.3
61 0 -106500 0.247352
62 0 6.90183e-310 5
63 0 6.90183e-310 5
64 0 6.90183e-310 5
65 0 6.90183e-310 5
66 0 585257 2635.27
67 0 585295 2759.36
68 0 585813 2425.38
69 0 585448 2605.28
70 0 584984 2412.41
71 0 577448 2502.98
72 0 577753 2887.9
73 0 577449 2849.78
74 0 577481 2986.85
75 0 577780 2927.01
76 0 610281 1537.95
77 0 576603 2726.38
78 0 577507 2936.3
79 0 577548 3061.45
80 0 6.90183e-310 5
81 0 6.90183e-310 5
82 0 602549 2930.41
83 0 602474 2899.87
84 0 601969 2574.83
85 0 602135 2671.94
86 0 601750 2998.8
87 0 602654 3138.23
88 0 586317 2492.08
89 0 594577 2695.73
90 0 595695 2786.85
91 0 585831 2709.96
92 0 595098 2601.23
93 0 595072 2481.85
94 0 596159 2279.54
95 0 593851 2282.29
96 0 6.90183e-310 5
97 0 6.90183e-310 5
98 0 621625 2200.95
99 0 621427 2270.28
100 0 622791 2691.91
101 0 621054 1858.46
102 0 620087 2400.6
103 0 620485 1755.05
104 0 604650 2871.89
105 0 611565 2880.77
106 0 611935 2848.5
107 0 604245 2922.57
108 0 613970 2741.39
109 0 614147 2878.97
110 0 613641 2892.63
111 0 614051 2925.91
112 0 6.90183e-310 5
113 0 6.90183e-310 5
114 0 640904 3362.49
115 0 639193 2746.28
116 0 641169 2647.35
117 0 640405 2889.34
118 0 640616 2584.42
119 0 640270 2425.71
120 0 630581 2483.26
121 0 630121 2386.32
122 0 631584 2460.92
123 0 630485 2481.53
124 0 629592 2662.98
125 0 630710 2572.1
126 0 630583 3148.98
127 0 629992 3128.85
128 0 6.90183e-310 5
129 0 6.90183e-310 5
130 0 656072 3029.36
131 0 656746 2938.97
132 0 657217 3329.65
133 0 655697 2697.36
134 0 657751 2994.9
135 0 656670 3327.36
136 0 649137 3344.98
137 0 649045 3237.63
138 0 650905 805.916
139 0 660287 919.724
140 0 660419 877.073
141 0 661137 914.276
142 0 660209 874.756
143 0 660599 982.707
144 0 6.90183e-310 5
145 0 6.90183e-310 5
146 0 672583 745.234
147 0 672458 967.267
148 0 671067 653.558
149 0 670570 546.144
150 0 670396 660.289
151 0 671876 761.183
152 0 663683 683.215
153 0 664847 752.648
154 0 663540 652.336
155 0 663888 775.293
156 0 6.90183e-310 5
157 0 6.90183e-310 5
158 0 6.90183e-310 5
159 0 6.90183e-310 5
