0 0 6.91245e-310 5
1 0 5.10535e-316 5
2 0 -57164.4 29735.7
3 0 -106030 5936.84
4 0 -201468 6257.15
5 0 -196328 4220.4
6 0 -150120 31570.4
7 0 -149256 31242.1
8 0 -198642 1453.83
9 0 -130942 8006.27
10 0 -198713 3723.76
11 0 -174675 7305.31
12 0 -117572 4649.41
13 0 -183519 4123.25
14 0 -208551 2745.67
15 0 -243408 5784.83
16 0 -236023 4749.65
17 0 -305188 14532.1
18 0 -163476 1990.96
19 0 -135018 31598.1
20 0 -278409 22017.2
21 0 -155142 19698.1
22 0 6.91245e-310 5
23 0 6.91245e-310 5
24 0 -167777 5423.15
25 0 -169359 4838.17
26 0 -110301 28317.2
27 0 -216470 22208.1
28 0 -122660 39.7211
29 0 -119306 492.359
30 0 -263920 20049.5
31 0 6.91245e-310 5
32 0 -144331 2150.18
33 0 -126445 3339.95
34 0 -149395 3745.61
35 0 -197855 19706
36 0 -168985 16559.4
37 0 -71513.4 28140
38 0 -193455 6038.48
39 0 -123880 30386.9
40 0 -151202 1656.73
41 0 -144963 11116.7
42 0 -176314 4033.46
43 0 -158614 2997.74
44 0 -104158 331.239
45 0 6.91245e-310 5
46 0 -245948 3110.98
47 0 6.91245e-310 5
48 0 -146901 23848.5
49 0 -231917 32498.5
50 0 -201839 1304.63
51 0 -87996.1 31259.3
52 0 -140867 661.338
53 0 -117063 2671.26
54 0 -144430 6108.59
55 0 -141581 4085.65
56 0 -137488 5339.68
57 0 -225000 1201.19
58 0 -190428 1838.58
59 0 -107423 32221.9
60 0 -205863 3979.34
61 0 -229500 0.149267
62 0 6.91245e-310 5
63 0 6.91245e-310 5
64 0 6.91245e-310 5
65 0 6.91245e-310 5
66 0 586194 2303.23
67 0 578037 2177.43
68 0 586680 2130.66
69 0 586348 2207.71
70 0 577932 1991.18
71 0 586259 2117.86
72 0 571073 2051.52
73 0 618346 1562.01
74 0 579026 1954.3
75 0 607809 1950.61
76 0 610870 1292.97
77 0 601845 1048.8
78 0 596083 1453.54
79 0 603825 844.184
80 0 6.91245e-310 5
81 0 6.91245e-310 5
82 0 630844 1971.81
83 0 632195 1175.41
84 0 603429 1696.43
85 0 628295 1798
86 0 603487 1614.69
87 0 637937 1266.17
88 0 595894 1626.96
89 0 596192 1469.66
90 0 596744 1575.94
91 0 595411 1426.97
92 0 595978 1782.36
93 0 596182 1688.39
94 0 596934 1915.69
95 0 594951 1764.44
96 0 6.91245e-310 5
97 0 6.91245e-310 5
98 0 622064 1918.54
99 0 621947 1914.13
100 0 623195 2310.63
101 0 621693 1960.59
102 0 644405 1846.33
103 0 644744 828.147
104 0 637730 658.657
105 0 644073 1539.21
106 0 613579 2501.04
107 0 614196 2821.19
108 0 616005 2434.67
109 0 616100 2803.84
110 0 615566 2281.52
111 0 645457 1050.86
112 0 6.91245e-310 5
113 0 6.91245e-310 5
114 0 642298 2381.88
115 0 640914 2176.03
116 0 641881 2253.31
117 0 641312 2408.09
118 0 641096 1977.04
119 0 640949 2209.66
120 0 623558 1853.45
121 0 631218 1811.46
122 0 632117 1873.46
123 0 623172 1813.04
124 0 630593 1935.47
125 0 631236 1953.12
126 0 631793 2026.79
127 0 631064 2087.18
128 0 6.91245e-310 5
129 0 6.91245e-310 5
130 0 649664 2490.16
131 0 658093 2312.58
132 0 686802 1081.11
133 0 656818 2587.65
134 0 684649 1442.62
135 0 659120 3388.85
136 0 674843 908.784
137 0 645129 7589.35
138 0 659869 660.96
139 0 661201 666.622
140 0 661626 613.054
141 0 662117 821.351
142 0 661428 650.511
143 0 661723 687.25
144 0 6.91245e-310 5
145 0 6.91245e-310 5
146 0 673699 463.925
147 0 673589 699.816
148 0 672325 582.282
149 0 663805 387.425
150 0 671681 436.55
151 0 665074 557.846
152 0 664666 424.071
153 0 665774 521.039
154 0 664722 406.419
155 0 664761 614.493
156 0 6.91245e-310 5
157 0 6.91245e-310 5
158 0 6.91245e-310 5
159 0 6.91245e-310 5
