0 0 6.91133e-310 5
1 0 5.53343e-316 5
2 0 -213272 2685.76
3 0 -190597 4757.51
4 0 -208484 2260.07
5 0 -184714 3725.27
6 0 -214067 2738.83
7 0 -180243 5176.24
8 0 -215904 2819.63
9 0 -185310 4754.81
10 0 -216030 2713.46
11 0 -192257 4131.72
12 0 -218265 2555.4
13 0 -201657 4231.12
14 0 -226393 2730.39
15 0 -199196 4505.85
16 0 -174665 2554.13
17 0 -156634 4019.18
18 0 -181461 2533.24
19 0 -152566 4623.53
20 0 -184260 2786.76
21 0 -150790 4797.79
22 0 6.91133e-310 5
23 0 6.91133e-310 5
24 0 -183105 2120.8
25 0 -154789 3701.5
26 0 -183123 3024.42
27 0 -146242 4723.49
28 0 -122432 33.8318
29 0 -119286 1777.3
30 0 -133521 6478.22
31 0 6.91133e-310 5
32 0 -162072 2982.93
33 0 -143033 4184.87
34 0 -164809 2564.19
35 0 -141766 5189.95
36 0 -174155 2264.2
37 0 -146984 5093.15
38 0 -171500 2395.59
39 0 -141902 5006.42
40 0 -167892 2733.6
41 0 -143786 3910.32
42 0 -175060 2689.57
43 0 -146872 4943.25
44 0 -105044 292.828
45 0 6.91133e-310 5
46 0 -206499 530.036
47 0 6.91133e-310 5
48 0 -155869 2805.63
49 0 -136723 7067.41
50 0 -159139 2342.51
51 0 -140053 3595.55
52 0 -158328 2585.95
53 0 -131032 3900.22
54 0 -157736 2389.83
55 0 -128023 5110.69
56 0 -153174 2416.7
57 0 -131047 4833.62
58 0 -154516 2222.75
59 0 -127417 4517.71
60 0 -165895 22985.4
61 0 -171500 0.25
62 0 6.91133e-310 5
63 0 6.91133e-310 5
64 0 6.91133e-310 5
65 0 6.91133e-310 5
66 0 569921 2624.79
67 0 569825 2714.93
68 0 570537 2612.81
69 0 570099 2629.29
70 0 569587 2613.34
71 0 562062 2530.17
72 0 562387 3095.46
73 0 562029 3061.37
74 0 562053 3064.32
75 0 562423 3127.65
76 0 595123 1411.7
77 0 560819 2927.01
78 0 561734 2911.69
79 0 561752 2996.83
80 0 6.91133e-310 5
81 0 6.91133e-310 5
82 0 586328 2536.19
83 0 586637 2779.58
84 0 586348 2648.3
85 0 586165 2465.51
86 0 586150 3027.05
87 0 587006 3174.84
88 0 570540 2705.7
89 0 579162 2854.75
90 0 580067 2527.54
91 0 570456 2846.47
92 0 579605 2793.52
93 0 579441 2810.25
94 0 580825 2451.7
95 0 578300 2612.75
96 0 6.91133e-310 5
97 0 6.91133e-310 5
98 0 606144 2240.28
99 0 606004 2397.85
100 0 607271 2860.12
101 0 605714 2112.91
102 0 604271 2098.76
103 0 604792 1660.67
104 0 589008 2749.27
105 0 595871 2738.1
106 0 596197 2705.12
107 0 588328 2600.36
108 0 598433 2916.7
109 0 598744 2908.68
110 0 598195 2763.92
111 0 598140 2847.67
112 0 6.91133e-310 5
113 0 6.91133e-310 5
114 0 625772 2650.68
115 0 623983 2672.69
116 0 625883 2611.74
117 0 625084 2673.51
118 0 625336 2495.57
119 0 624988 2592.39
120 0 614912 2438.08
121 0 614632 2322.2
122 0 616146 2504.75
123 0 614831 2483.25
124 0 614235 2638.97
125 0 615358 2439.73
126 0 615278 3344.7
127 0 615029 2988.76
128 0 6.91133e-310 5
129 0 6.91133e-310 5
130 0 641106 3012.58
131 0 641736 2894.19
132 0 642067 3022.54
133 0 640010 2686.83
134 0 641798 2953.54
135 0 641267 2864.63
136 0 633010 2668.37
137 0 632730 2917.01
138 0 635252 973.845
139 0 644724 1078.96
140 0 644598 713.746
141 0 645516 1047.29
142 0 644593 990.443
143 0 644619 789.189
144 0 6.91133e-310 5
145 0 6.91133e-310 5
146 0 672955 817.57
147 0 672811 1049
148 0 671516 612.413
149 0 670964 766.969
150 0 670628 724.706
151 0 672336 911.704
152 0 664028 855.712
153 0 665328 939.561
154 0 663755 747.44
155 0 664506 852.873
156 0 6.91133e-310 5
157 0 6.91133e-310 5
158 0 6.91133e-310 5
159 0 6.91133e-310 5
