0 0 6.92422e-310 5
1 0 5.1483e-316 5
2 0 -210675 2889.65
3 0 -233058 8347.25
4 0 -206156 2462.38
5 0 -182271 3747.85
6 0 -211128 2468.03
7 0 -177473 4195.53
8 0 -213143 2686.39
9 0 -182506 4752.35
10 0 -213388 2812.34
11 0 -190014 4227.8
12 0 -215751 2544.66
13 0 -199037 4337.09
14 0 -223605 2463.47
15 0 -196767 4584.1
16 0 -214946 2165.99
17 0 -153930 4461.18
18 0 -179362 2709.06
19 0 -149815 5450.34
20 0 -181467 2578.83
21 0 -147865 4520.62
22 0 6.92422e-310 5
23 0 6.92422e-310 5
24 0 -180192 2745.5
25 0 -151935 4590.63
26 0 -180618 2658.47
27 0 -143055 4759.45
28 0 -122235 268.198
29 0 -117769 1838.09
30 0 -131796 6157.78
31 0 6.92422e-310 5
32 0 -158939 2841.16
33 0 -140370 4194.76
34 0 -162578 2686.82
35 0 -183990 5113.09
36 0 -171802 2775.42
37 0 -144560 4497.71
38 0 -168904 2549.07
39 0 -138936 4594.97
40 0 -211370 3068.8
41 0 -142079 4586.35
42 0 -172786 2785.23
43 0 -143991 4574.96
44 0 -104928 291.643
45 0 6.92422e-310 5
46 0 -199648 12846.3
47 0 6.92422e-310 5
48 0 -153116 2393.31
49 0 -135154 4600.9
50 0 -156511 2694.1
51 0 -137612 4161.57
52 0 -155906 2333.98
53 0 -128076 3565.08
54 0 -155231 2613.28
55 0 -124817 6842.7
56 0 -150289 2438.7
57 0 -128774 4586.44
58 0 -152023 2646.47
59 0 -125380 4460.7
60 0 -241845 2055.74
61 0 -242500 0.150585
62 0 6.92422e-310 5
63 0 6.92422e-310 5
64 0 6.92422e-310 5
65 0 6.92422e-310 5
66 0 561607 2290.82
67 0 569429 2187.2
68 0 562378 2281.28
69 0 569839 2299.13
70 0 569876 2766.93
71 0 562024 2394.59
72 0 562203 2930.89
73 0 561807 2932.81
74 0 561787 2756.84
75 0 562098 3118.43
76 0 595229 1295.71
77 0 560818 2657.5
78 0 561752 2618.44
79 0 561805 2709.95
80 0 6.92422e-310 5
81 0 6.92422e-310 5
82 0 578409 2371.19
83 0 586586 2546.51
84 0 586496 2378.01
85 0 586215 2123.28
86 0 585914 2931.21
87 0 586741 2902.88
88 0 578611 2552.52
89 0 570879 2685.61
90 0 579623 2897.52
91 0 578219 2628.91
92 0 579656 2665.67
93 0 579496 2567.56
94 0 581330 3172.7
95 0 578770 2756.66
96 0 6.92422e-310 5
97 0 6.92422e-310 5
98 0 606641 2572.4
99 0 598682 2973.57
100 0 606612 2223.07
101 0 605513 1954.88
102 0 604115 2023.27
103 0 604200 1395.93
104 0 596909 2431
105 0 595614 2351.87
106 0 596069 2548.57
107 0 596352 2533.82
108 0 590481 2610.69
109 0 598300 2574.23
110 0 597832 2849.27
111 0 590376 2820.79
112 0 6.92422e-310 5
113 0 6.92422e-310 5
114 0 625771 3189.4
115 0 623667 2749.26
116 0 626411 2833.01
117 0 625370 3050.09
118 0 624620 2046.56
119 0 625110 2585.91
120 0 614450 1876.88
121 0 614092 1865.55
122 0 615498 2091.14
123 0 614287 1972.46
124 0 606325 2920.96
125 0 615079 2510.46
126 0 614850 2809.19
127 0 606399 3227.39
128 0 6.92422e-310 5
129 0 6.92422e-310 5
130 0 640629 2623.54
131 0 640868 2682.65
132 0 641425 2600.61
133 0 639784 2334.99
134 0 641527 2345.3
135 0 641078 2456.26
136 0 624687 2320.19
137 0 632443 2333.89
138 0 643234 563.623
139 0 636458 612.413
140 0 644562 642.215
141 0 645409 630.611
142 0 644587 650.772
143 0 644716 710.219
144 0 6.92422e-310 5
145 0 6.92422e-310 5
146 0 672899 681.234
147 0 672727 694.581
148 0 663506 495.943
149 0 671128 613.735
150 0 670639 585.358
151 0 664319 555.166
152 0 664211 529.322
153 0 665317 538.657
154 0 664041 559.735
155 0 664580 845.149
156 0 6.92422e-310 5
157 0 6.92422e-310 5
158 0 6.92422e-310 5
159 0 6.92422e-310 5
