0 0 6.94451e-310 5
1 0 4.0577e-316 5
2 0 -213004 2988.7
3 0 -191008 5545.37
4 0 -208176 2510.08
5 0 -184298 3759.92
6 0 -213482 2796.5
7 0 -179892 4602.83
8 0 -215548 2747.85
9 0 -185293 4281.31
10 0 -215485 2939.37
11 0 -191983 4286.89
12 0 -218525 2731.9
13 0 -201423 4446.06
14 0 -226217 2864.92
15 0 -199070 4709.56
16 0 -173974 2360.97
17 0 -156237 4469.86
18 0 -181612 2615.54
19 0 -151763 5948.74
20 0 -184291 2969.42
21 0 -150178 4846.07
22 0 6.94451e-310 5
23 0 6.94451e-310 5
24 0 -182862 3081.61
25 0 -154080 4428.55
26 0 -182970 3003.59
27 0 -144539 4935.04
28 0 -122431 34.6444
29 0 -118720 1861.26
30 0 -133074 6886.43
31 0 6.94451e-310 5
32 0 -161501 3199.66
33 0 -142647 4932.5
34 0 -165252 3170.56
35 0 -142161 4730.5
36 0 -174457 2672.58
37 0 -145447 7126.41
38 0 -171267 2467.59
39 0 -141514 4494.51
40 0 -167801 2560.28
41 0 -144626 5475.35
42 0 -175256 2891.45
43 0 -146504 4392.68
44 0 -105040 299.819
45 0 6.94451e-310 5
46 0 -213973 21375.1
47 0 6.94451e-310 5
48 0 -155415 2518.4
49 0 -137117 4294.34
50 0 -159009 2600.19
51 0 -139991 4026.6
52 0 -157807 2409.78
53 0 -130825 3698.1
54 0 -157428 2501.47
55 0 -128075 6180.33
56 0 -152862 2513.52
57 0 -130821 4784.04
58 0 -154159 2591.52
59 0 -127589 4676.37
60 0 -70069.1 30336.1
61 0 -137500 0.251238
62 0 6.94451e-310 5
63 0 6.94451e-310 5
64 0 6.94451e-310 5
65 0 6.94451e-310 5
66 0 585860 2601.14
67 0 585683 2553.32
68 0 586517 2609.81
69 0 586051 2591.1
70 0 585554 2649.28
71 0 586029 2486.04
72 0 570316 3105.02
73 0 578060 3136.12
74 0 577842 3181.51
75 0 570391 3098.17
76 0 611049 1399.93
77 0 576776 2916.24
78 0 569635 2985.1
79 0 577776 3111.02
80 0 6.94451e-310 5
81 0 6.94451e-310 5
82 0 602350 2663.18
83 0 602657 2905.95
84 0 602045 2869.9
85 0 602017 2368.02
86 0 602012 3016.62
87 0 602636 3125.37
88 0 594419 2720.82
89 0 594880 2707.34
90 0 587833 2574.97
91 0 594285 2849.75
92 0 595352 2763.95
93 0 595006 2647.53
94 0 596722 2484.14
95 0 594008 2505.67
96 0 6.94451e-310 5
97 0 6.94451e-310 5
98 0 614059 2284.01
99 0 621881 2458.11
100 0 623099 2771.54
101 0 621478 2013.73
102 0 619756 2392.74
103 0 620225 1508.32
104 0 612589 2844.25
105 0 611614 2619.69
106 0 612239 2702.38
107 0 612081 2557.9
108 0 614142 2790.27
109 0 614667 2729.58
110 0 614107 2738.9
111 0 613899 2792.64
112 0 6.94451e-310 5
113 0 6.94451e-310 5
114 0 641495 3021.54
115 0 639653 2631.57
116 0 641498 2410.77
117 0 641262 2869.9
118 0 640873 2292
119 0 640481 2307.15
120 0 630469 2257.82
121 0 630368 2150.18
122 0 631880 2486.76
123 0 630693 2381.82
124 0 622171 2441.18
125 0 631131 2321.96
126 0 631154 3177.24
127 0 622856 2935.92
128 0 6.94451e-310 5
129 0 6.94451e-310 5
130 0 656751 3028.03
131 0 657618 2934.54
132 0 657939 3072.26
133 0 655891 2614.79
134 0 657584 2751.99
135 0 657125 2871.52
136 0 648564 2552.27
137 0 648380 2688.33
138 0 659205 943.548
139 0 660620 1024.87
140 0 660607 729.044
141 0 661458 1027.16
142 0 660672 1019.2
143 0 660564 721.33
144 0 6.94451e-310 5
145 0 6.94451e-310 5
146 0 672987 854.145
147 0 672896 1092.32
148 0 671432 567.47
149 0 670931 750.862
150 0 670566 690.099
151 0 672284 883.41
152 0 663839 757.58
153 0 665187 891.912
154 0 663671 724.902
155 0 664309 766.691
156 0 6.94451e-310 5
157 0 6.94451e-310 5
158 0 6.94451e-310 5
159 0 6.94451e-310 5
