0 0 6.94686e-310 5
1 0 3.59105e-316 5
2 0 -152500 0.258881
3 0 -198735 33017.1
4 0 -118357 4307.83
5 0 -213610 15893.2
6 0 -102500 2401.03
7 0 -256954 14349.7
8 0 -221000 2133.44
9 0 -230257 4294.71
10 0 -242000 1667.18
11 0 -286508 16390.5
12 0 -182500 849.114
13 0 -115235 5549.24
14 0 -213829 10291.1
15 0 -217254 4952.17
16 0 -124938 12424.2
17 0 -148132 9040.93
18 0 -184794 1594.99
19 0 -152893 3867.22
20 0 -150500 0.25919
21 0 -153737 1051.47
22 0 6.94686e-310 5
23 0 6.94686e-310 5
24 0 -117516 1494.2
25 0 6.94686e-310 5
26 0 -167500 0.25
27 0 6.94686e-310 5
28 0 -122334 41.3614
29 0 -119414 1443.39
30 0 -245360 25416.3
31 0 6.94686e-310 5
32 0 -200500 0.134332
33 0 6.94686e-310 5
34 0 -149069 5220.64
35 0 6.94686e-310 5
36 0 -242500 0.150585
37 0 6.94686e-310 5
38 0 -243500 0.150716
39 0 6.94686e-310 5
40 0 -221500 0.157547
41 0 6.94686e-310 5
42 0 -244000 1667.18
43 0 6.94686e-310 5
44 0 -104182 328.217
45 0 6.94686e-310 5
46 0 -119140 2490.33
47 0 6.94686e-310 5
48 0 -137000 1201.14
49 0 6.94686e-310 5
50 0 -122000 1201.14
51 0 6.94686e-310 5
52 0 -169000 2080.56
53 0 6.94686e-310 5
54 0 -140844 996.134
55 0 6.94686e-310 5
56 0 -163189 3964.54
57 0 -133500 4245.57
58 0 -198500 0.128454
59 0 -142821 4961.98
60 0 -147000 1667.18
61 0 6.94686e-310 5
62 0 6.94686e-310 5
63 0 6.94686e-310 5
64 0 6.94686e-310 5
65 0 6.94686e-310 5
66 0 561982 2145.89
67 0 569814 2083.36
68 0 562519 2065.17
69 0 570147 2091.81
70 0 569773 1913.61
71 0 562089 1990.96
72 0 562932 1975.62
73 0 562529 2048.23
74 0 562918 1888.31
75 0 563075 1890.37
76 0 594980 1277.59
77 0 561869 1941.61
78 0 588225 1613.07
79 0 587767 915.689
80 0 6.94686e-310 5
81 0 6.94686e-310 5
82 0 606654 1921.47
83 0 616261 1243.96
84 0 587289 1602.2
85 0 612431 1552.08
86 0 587285 1502.83
87 0 620887 1752.37
88 0 579869 1761.04
89 0 600840 1717.86
90 0 580866 1547.14
91 0 579193 1205.74
92 0 580147 1841.36
93 0 580050 1642.01
94 0 580909 1926.09
95 0 578815 1740.17
96 0 6.94686e-310 5
97 0 6.94686e-310 5
98 0 606019 1929.1
99 0 597850 1867.45
100 0 606745 2216.59
101 0 605564 1905.68
102 0 602552 1876.2
103 0 628656 853.166
104 0 621584 614.517
105 0 628047 1514.91
106 0 597598 3269.78
107 0 623527 1807.4
108 0 592061 3093.9
109 0 599757 2734.15
110 0 599400 2462.5
111 0 621383 1042.74
112 0 6.94686e-310 5
113 0 6.94686e-310 5
114 0 625914 2190.84
115 0 624660 2254.99
116 0 625559 2241.02
117 0 625268 2554.33
118 0 624790 1883.41
119 0 624783 2032.73
120 0 615221 1755.44
121 0 615000 1727.2
122 0 615814 1497.27
123 0 615108 1840.52
124 0 606317 1845.22
125 0 615013 1763.03
126 0 615977 2153.19
127 0 606920 1667.43
128 0 6.94686e-310 5
129 0 6.94686e-310 5
130 0 641851 2457.83
131 0 641550 2819.09
132 0 670851 973.593
133 0 670905 1059.7
134 0 668109 1363.55
135 0 667467 1624.09
136 0 650836 651.814
137 0 631467 3677.89
138 0 643674 560.199
139 0 637082 659.165
140 0 645461 566.183
141 0 645919 750.016
142 0 645250 579.122
143 0 645575 644.535
144 0 6.94686e-310 5
145 0 6.94686e-310 5
146 0 673576 458.625
147 0 673351 605.87
148 0 664174 537.895
149 0 671761 377.58
150 0 671663 451.391
151 0 664876 448.106
152 0 664650 418.794
153 0 665708 497.577
154 0 664667 412.446
155 0 664635 599.142
156 0 6.94686e-310 5
157 0 6.94686e-310 5
158 0 6.94686e-310 5
159 0 6.94686e-310 5
