0 0 6.94862e-310 5
1 0 3.76454e-316 5
2 0 -210677 2592.69
3 0 -188148 4976.02
4 0 -206034 2695.67
5 0 -228564 4096.43
6 0 -211622 2622.27
7 0 -178124 4703.79
8 0 -213481 2800.14
9 0 -183030 4577.44
10 0 -213955 2967.15
11 0 -190049 4300.59
12 0 -216137 2669.58
13 0 -199913 4068.26
14 0 -223930 2508.8
15 0 -197365 4300.37
16 0 -172273 2248.41
17 0 -154257 5134.54
18 0 -179037 2390.54
19 0 -149920 4936.43
20 0 -181639 2810.2
21 0 -147930 4952.1
22 0 6.94862e-310 5
23 0 6.94862e-310 5
24 0 -180539 2386.47
25 0 -152187 4125.82
26 0 -180780 2546.74
27 0 -142625 4593.77
28 0 -121949 294.883
29 0 -118293 2989.2
30 0 -132385 6205.11
31 0 6.94862e-310 5
32 0 -159415 2906.87
33 0 -140088 4420.32
34 0 -162533 2674.78
35 0 -185867 5345.03
36 0 -172268 2679.19
37 0 -144655 4664.28
38 0 -169182 2516
39 0 -139313 4571.02
40 0 -165516 2363.78
41 0 -190227 4345.46
42 0 -173199 2782.04
43 0 -190000 4023.56
44 0 -104802 273.154
45 0 6.94862e-310 5
46 0 -172522 3454.44
47 0 6.94862e-310 5
48 0 -153417 2547.34
49 0 -135480 4278.98
50 0 -156712 2315.16
51 0 -137734 3762.91
52 0 -156354 2425.15
53 0 -128920 3830.3
54 0 -155519 2645.76
55 0 -125585 5380.88
56 0 -150518 2297.25
57 0 -128811 3943.71
58 0 -152262 2536.23
59 0 -124987 4805.76
60 0 -208470 2739.43
61 0 -155500 0.253766
62 0 6.94862e-310 5
63 0 6.94862e-310 5
64 0 590500 0.0128483
65 0 590500 0.0128483
66 0 586063 2304.79
67 0 585942 2288.08
68 0 586792 2318.09
69 0 586377 2389.3
70 0 585982 2424.25
71 0 578517 2378.46
72 0 578717 2867.4
73 0 578443 2834.84
74 0 578305 2979.12
75 0 578706 2931.93
76 0 611651 1378.47
77 0 577502 2669.77
78 0 578110 2599.63
79 0 578399 2892.43
80 0 6.94862e-310 5
81 0 590500 0.0128483
82 0 603156 2487.76
83 0 603084 2548.37
84 0 602671 2607.92
85 0 602840 2256.7
86 0 602528 2744.99
87 0 603140 3022.3
88 0 587095 2463.67
89 0 595409 2725.55
90 0 596514 2595.49
91 0 586711 2634.91
92 0 595969 2659.05
93 0 595785 2512.83
94 0 597538 2688.55
95 0 595032 2665.94
96 0 590500 0.0128483
97 0 590500 0.0128483
98 0 622936 2487.26
99 0 622594 2446.89
100 0 623175 2327.88
101 0 621949 1951.36
102 0 620403 2221.36
103 0 620735 1558.64
104 0 605280 2599.83
105 0 612067 2460.91
106 0 612662 2594.17
107 0 604921 2542.03
108 0 614793 2666.31
109 0 615041 2832.25
110 0 614550 2786.39
111 0 614631 2552.08
112 0 6.94862e-310 5
113 0 590500 0.0128483
114 0 642210 3151.15
115 0 640385 2874.05
116 0 642332 2634.06
117 0 642290 3312.42
118 0 641247 2195.91
119 0 641363 2534.11
120 0 631074 2013.54
121 0 630671 2019.65
122 0 632169 2084.65
123 0 631119 2084.53
124 0 630636 2458.61
125 0 631348 2112.69
126 0 631488 2969.92
127 0 631019 2743.04
128 0 6.94862e-310 5
129 0 590500 0.0128483
130 0 657103 2744.95
131 0 657742 2775.44
132 0 658028 2658.18
133 0 656530 2506.35
134 0 658212 2485.88
135 0 657601 2546.69
136 0 649377 2380.83
137 0 649143 2513.51
138 0 651645 678.012
139 0 660897 777.987
140 0 661095 727.571
141 0 661766 757.182
142 0 660920 760.207
143 0 661214 827.981
144 0 6.94862e-310 5
145 0 590500 0.0128483
146 0 673418 627.848
147 0 673134 853.282
148 0 671856 535.685
149 0 671501 509.329
150 0 671235 532.881
151 0 672636 690.52
152 0 664409 567.432
153 0 665616 677.932
154 0 664356 507.914
155 0 664584 678.245
156 0 590500 0.0128483
157 0 590500 0.0128483
158 0 590500 0.0128483
159 0 590500 0.0128483
