0 0 6.92068e-310 5
1 0 5.81845e-316 5
2 0 -211202 2619.86
3 0 -188293 5700.99
4 0 -205963 2894.46
5 0 -182391 4339.17
6 0 -212099 2525.59
7 0 -178504 4685.53
8 0 -213631 2570.64
9 0 -183408 4624.67
10 0 -213614 2629.53
11 0 -190267 4278.64
12 0 -216209 2506.77
13 0 -199391 4641.93
14 0 -223891 2519.46
15 0 -197236 3939.39
16 0 -217856 2166.47
17 0 -154573 5572.61
18 0 -179563 2839.86
19 0 -150583 4793.34
20 0 -181624 2665.14
21 0 -148317 4192
22 0 6.92068e-310 5
23 0 6.92068e-310 5
24 0 -181044 2834.54
25 0 -152301 4259.05
26 0 -180934 2649.13
27 0 -142781 4173.69
28 0 -121973 307.303
29 0 -118385 2765.85
30 0 -131944 6799.93
31 0 6.92068e-310 5
32 0 -159439 2984.26
33 0 -140381 3867.43
34 0 -162601 2749.79
35 0 -186714 5641.64
36 0 -172581 2402.44
37 0 -145571 4474.61
38 0 -169449 2606.83
39 0 -138975 5273.8
40 0 -166107 2568.28
41 0 -190478 5047.28
42 0 -173052 2447.2
43 0 -144083 4169.71
44 0 -104858 261.111
45 0 6.92068e-310 5
46 0 -54498.2 12742.6
47 0 6.92068e-310 5
48 0 -153406 2534.5
49 0 -135412 4623.64
50 0 -156987 2578.51
51 0 -138113 3840.55
52 0 -156164 2394.07
53 0 -129043 3746.28
54 0 -155533 2499.75
55 0 -173450 6187.11
56 0 -150967 2514.3
57 0 -129041 4417.75
58 0 -152023 2420.79
59 0 -124902 4654.17
60 0 -152420 3483.12
61 0 -218500 0.137397
62 0 6.92068e-310 5
63 0 6.92068e-310 5
64 0 6.92068e-310 5
65 0 6.92068e-310 5
66 0 586037 2334.1
67 0 585939 2307.33
68 0 586779 2326.14
69 0 586358 2397.62
70 0 585931 2419
71 0 578436 2448.96
72 0 578632 2928.19
73 0 578386 2883.67
74 0 578264 3020.36
75 0 578684 2954.03
76 0 611651 1361.57
77 0 577278 2659.53
78 0 578111 2637.58
79 0 578276 2899.18
80 0 6.92068e-310 5
81 0 6.92068e-310 5
82 0 602979 2508.26
83 0 603138 2541.41
84 0 602570 2636.97
85 0 602693 2214.41
86 0 602498 2831.06
87 0 603092 3011.14
88 0 587049 2386.35
89 0 595302 2800.78
90 0 596404 2733.14
91 0 586677 2763.74
92 0 595888 2688.92
93 0 595754 2508.85
94 0 597448 2695.87
95 0 594992 2646.18
96 0 6.92068e-310 5
97 0 6.92068e-310 5
98 0 622864 2430.57
99 0 622586 2473
100 0 623204 2344.04
101 0 621968 1967.82
102 0 620453 2318.58
103 0 620845 1660.88
104 0 605253 2584.85
105 0 612100 2404.58
106 0 612620 2694.16
107 0 604936 2523.83
108 0 614840 2666.31
109 0 614990 2758.53
110 0 614599 2902.74
111 0 614696 2556.94
112 0 6.92068e-310 5
113 0 6.92068e-310 5
114 0 642099 3132.07
115 0 640287 2786.18
116 0 642860 3047.05
117 0 642246 3385.47
118 0 641278 2213.49
119 0 641266 2527.81
120 0 631136 2099.91
121 0 630658 2090.73
122 0 632133 2103
123 0 631084 2123.62
124 0 630718 2514.5
125 0 631387 2194.63
126 0 631529 2947.91
127 0 631008 2801.25
128 0 6.92068e-310 5
129 0 6.92068e-310 5
130 0 657040 2887.61
131 0 657720 2771.75
132 0 657932 2714.12
133 0 656539 2524.81
134 0 658227 2556.52
135 0 657497 2574.39
136 0 649320 2485.11
137 0 649110 2567.77
138 0 651644 681.844
139 0 660897 792.719
140 0 661047 768.943
141 0 661749 751.569
142 0 660895 766.063
143 0 661150 844.742
144 0 6.92068e-310 5
145 0 6.92068e-310 5
146 0 673386 654.314
147 0 673101 845.871
148 0 671814 545.806
149 0 671484 519.398
150 0 671211 548.348
151 0 672622 692.124
152 0 664413 578.811
153 0 665616 675.913
154 0 664353 518.767
155 0 664585 686.462
156 0 6.92068e-310 5
157 0 6.92068e-310 5
158 0 6.92068e-310 5
159 0 6.92068e-310 5
