0 0 6.91004e-310 5
1 0 3.88583e-316 5
2 0 -211230 2753.96
3 0 -188713 4203.04
4 0 -206537 2977.75
5 0 -183098 4101.07
6 0 -212035 2732.15
7 0 -178873 4672.34
8 0 -213877 2536.37
9 0 -183546 4200.88
10 0 -214016 2852.14
11 0 -190625 4419.9
12 0 -216046 2327.62
13 0 -199901 4882.46
14 0 -224699 2588.32
15 0 -197375 4396.18
16 0 -172831 2710.74
17 0 -154739 5348.37
18 0 -179976 2935.76
19 0 -150224 5537.4
20 0 -182245 2884.51
21 0 -149078 4326.88
22 0 6.91004e-310 5
23 0 6.91004e-310 5
24 0 -181555 2579.13
25 0 -152908 4080.03
26 0 -181412 2576.14
27 0 -143962 4339.16
28 0 -122033 299.345
29 0 -118970 3338.75
30 0 -132274 6549.01
31 0 6.91004e-310 5
32 0 -159663 3192.65
33 0 -140336 4556.88
34 0 -163030 3217.92
35 0 -140569 5416.24
36 0 -172853 2771.78
37 0 -145435 5192
38 0 -169887 2533.66
39 0 -138682 5357.05
40 0 -166116 2741.25
41 0 -143022 4908.03
42 0 -173700 2958.3
43 0 -144313 4456.66
44 0 -104735 428.91
45 0 6.91004e-310 5
46 0 -250827 27996.5
47 0 6.91004e-310 5
48 0 -154339 2645.33
49 0 -135708 3940.92
50 0 -157106 2495.13
51 0 -138327 3736.93
52 0 -156207 2478.55
53 0 -129151 3632.14
54 0 -156175 2873.47
55 0 -125547 5162.51
56 0 -151453 2604.67
57 0 -129557 4634.56
58 0 -152239 2334.35
59 0 -125834 6220.8
60 0 -252350 9645.5
61 0 -148500 0.262299
62 0 6.91004e-310 5
63 0 6.91004e-310 5
64 0 6.91004e-310 5
65 0 6.91004e-310 5
66 0 570203 2624.81
67 0 570035 2394.98
68 0 570892 2391.5
69 0 570508 2490.65
70 0 569947 2454.12
71 0 570490 2520.12
72 0 554654 3034.4
73 0 562459 2986.02
74 0 562217 3116.11
75 0 554624 3204.32
76 0 595534 1381.59
77 0 561235 2694.91
78 0 553983 2747.52
79 0 562286 2874.65
80 0 6.91004e-310 5
81 0 6.91004e-310 5
82 0 586984 2637.88
83 0 586876 2561.39
84 0 586241 2976.16
85 0 586526 2215.13
86 0 586297 2904.79
87 0 587031 3186.73
88 0 579029 2408.42
89 0 579213 2797.85
90 0 572279 2818.25
91 0 578553 2844.12
92 0 579860 2720.38
93 0 579737 2531.37
94 0 581265 2591.85
95 0 578743 2521.22
96 0 6.91004e-310 5
97 0 6.91004e-310 5
98 0 598859 2452.73
99 0 606485 2425.24
100 0 607413 2516.98
101 0 605943 1959.33
102 0 603961 2387.47
103 0 604522 1833.49
104 0 597110 2648.89
105 0 595992 2470.44
106 0 596463 2663.55
107 0 596819 2589.61
108 0 598907 2687.52
109 0 598790 2772.57
110 0 598504 3007.11
111 0 598745 2620.54
112 0 6.91004e-310 5
113 0 6.91004e-310 5
114 0 626180 3231.26
115 0 624275 2887.75
116 0 625971 2464.98
117 0 626173 3173.62
118 0 625138 2186.84
119 0 625037 2396.83
120 0 615066 2036.63
121 0 614651 2066.55
122 0 616098 2095.33
123 0 615082 2142.76
124 0 606722 2361.93
125 0 615462 2259.08
126 0 615685 3078.64
127 0 607001 2861.33
128 0 6.91004e-310 5
129 0 6.91004e-310 5
130 0 640997 3027.96
131 0 641659 3042.73
132 0 641815 2678.16
133 0 640396 2546.87
134 0 642063 2549.44
135 0 641512 2618.91
136 0 633134 2621.52
137 0 633001 2523.21
138 0 643656 713.17
139 0 644903 808.978
140 0 645070 820.198
141 0 645712 764.437
142 0 644991 838.675
143 0 645273 928.26
144 0 6.91004e-310 5
145 0 6.91004e-310 5
146 0 673549 785.584
147 0 673302 959.507
148 0 671821 603.954
149 0 671529 579.527
150 0 671189 590.204
151 0 672691 739.284
152 0 664411 589.241
153 0 665624 690.27
154 0 664356 546.916
155 0 664557 678.845
156 0 6.91004e-310 5
157 0 6.91004e-310 5
158 0 6.91004e-310 5
159 0 6.91004e-310 5
