0 0 6.94185e-310 5
1 0 5.69804e-316 5
2 0 -114636 2844.89
3 0 -125099 27458.9
4 0 -185197 8814.59
5 0 -215120 24215.4
6 0 -248270 815.388
7 0 -184241 6056.14
8 0 -224364 9718.04
9 0 -161306 7952.78
10 0 -149812 1992.27
11 0 -196397 2983.15
12 0 -151362 1597.74
13 0 -181712 7511.61
14 0 -131165 18726.6
15 0 -104240 5174.84
16 0 -192767 25067.4
17 0 -112326 687.866
18 0 -165850 4401.69
19 0 -165928 26510
20 0 -195224 2156.18
21 0 -189805 30463.5
22 0 6.94185e-310 5
23 0 6.94185e-310 5
24 0 -195999 2080.69
25 0 -121981 22325.6
26 0 -144500 0.250656
27 0 -126904 2062.44
28 0 -85750 4.38816
29 0 -120118 1074.28
30 0 -238649 2545.14
31 0 6.94185e-310 5
32 0 -194812 1992.27
33 0 -153924 2566.89
34 0 -169069 5220.64
35 0 -187500 3289.38
36 0 -240000 2778.64
37 0 -162172 498.069
38 0 -246500 0.175709
39 0 -128938 5801.58
40 0 -107500 0.2473
41 0 -215516 1494.2
42 0 -110062 12424.8
43 0 -159025 31727.3
44 0 -104947 545.336
45 0 6.94185e-310 5
46 0 -113500 3396.45
47 0 6.94185e-310 5
48 0 -116500 0.247248
49 0 -144696 1378.93
50 0 -87117.9 17126.8
51 0 -136484 5542.4
52 0 -193182 12872.9
53 0 -176844 996.135
54 0 -169000 2942.09
55 0 -107081 3875.7
56 0 -225812 1992.27
57 0 -114435 5201.18
58 0 -245500 0.175266
59 0 -92005.5 22381.5
60 0 -230612 5520.03
61 0 6.94185e-310 5
62 0 6.94185e-310 5
63 0 6.94185e-310 5
64 0 6.94185e-310 5
65 0 6.94185e-310 5
66 0 569407 2208.15
67 0 569222 2192.51
68 0 569880 2106.51
69 0 569538 2168.8
70 0 569072 1946.71
71 0 569508 2046.34
72 0 554327 2110.46
73 0 561772 2134.75
74 0 562208 1923.5
75 0 591253 1987.47
76 0 594339 1331.82
77 0 561204 1812.7
78 0 579686 1429.41
79 0 587420 1150.83
80 0 6.94185e-310 5
81 0 6.94185e-310 5
82 0 614145 2257.53
83 0 615554 1260.93
84 0 586288 1292.07
85 0 611805 1606.15
86 0 586696 1561.81
87 0 620661 1482.96
88 0 578701 1312.34
89 0 608506 1975.11
90 0 572012 1601.62
91 0 578632 1622.25
92 0 579486 1894.25
93 0 579411 1643.12
94 0 580111 1833.75
95 0 578086 1872.58
96 0 6.94185e-310 5
97 0 6.94185e-310 5
98 0 597379 1993.38
99 0 605230 1979.08
100 0 606340 2304.19
101 0 604827 1878.29
102 0 602554 2908.39
103 0 627843 828.067
104 0 596710 2635.05
105 0 627234 1490.95
106 0 596693 2374.6
107 0 623027 1565.9
108 0 598657 2654.91
109 0 599242 2947.46
110 0 598323 2327.35
111 0 628768 994.763
112 0 6.94185e-310 5
113 0 6.94185e-310 5
114 0 625431 2330.52
115 0 623892 2191.99
116 0 625151 2229.71
117 0 624568 2431.62
118 0 624249 1956.17
119 0 624087 2157.67
120 0 614830 1996.4
121 0 614693 1893.91
122 0 615414 1985.36
123 0 614455 1924.61
124 0 605942 2020.12
125 0 614451 1983.66
126 0 614953 2171.39
127 0 640631 871.639
128 0 6.94185e-310 5
129 0 6.94185e-310 5
130 0 640865 2518.17
131 0 641222 2510.25
132 0 670250 1021.47
133 0 670115 1121.81
134 0 667707 1872.27
135 0 666917 1823.09
136 0 657213 1540.08
137 0 604822 27198.9
138 0 643092 703.217
139 0 644537 581.624
140 0 644872 492.807
141 0 645413 1052.23
142 0 644638 643.497
143 0 644960 586.95
144 0 6.94185e-310 5
145 0 6.94185e-310 5
146 0 672866 406.586
147 0 672761 639.122
148 0 671610 455.36
149 0 670873 391.632
150 0 670808 394.158
151 0 672345 568.184
152 0 663959 530.107
153 0 665202 588.233
154 0 663913 469.13
155 0 664294 465.103
156 0 6.94185e-310 5
157 0 6.94185e-310 5
158 0 6.94185e-310 5
159 0 6.94185e-310 5
