0 0 6.92965e-310 5
1 0 3.94876e-316 5
2 0 -176735 3842.99
3 0 -246717 4412.85
4 0 -181010 5789.57
5 0 -111942 16013.9
6 0 -201140 2521.45
7 0 -103576 2622.69
8 0 -143682 30498.6
9 0 -245804 4241.55
10 0 -199567 1141.35
11 0 -122914 27411.9
12 0 -122059 25152
13 0 -196090 3361.32
14 0 -126639 3919.31
15 0 -263274 20411.2
16 0 -231877 1359.73
17 0 -212216 31226.1
18 0 -224405 30958.1
19 0 -204332 12753.7
20 0 -146570 4612.63
21 0 -223806 30873.3
22 0 6.92965e-310 5
23 0 6.92965e-310 5
24 0 -243778 5196.76
25 0 -60093.5 29503.2
26 0 -167369 1180.67
27 0 -135492 9846.53
28 0 -85750 2.83149
29 0 -120075 1491.51
30 0 -251445 21175.3
31 0 6.92965e-310 5
32 0 -178410 3183.31
33 0 -226856 5359.93
34 0 -225012 3915.26
35 0 -90995 30317.2
36 0 -196944 4080.29
37 0 -129360 3089.61
38 0 -221816 6590.19
39 0 -127545 4115.22
40 0 -182053 2222.36
41 0 -200749 30449.6
42 0 -184658 8978.02
43 0 -155453 3199.73
44 0 -104928 540.085
45 0 6.92965e-310 5
46 0 -169104 4222.34
47 0 6.92965e-310 5
48 0 -128220 2505.63
49 0 -250246 30169.6
50 0 -135812 31922.5
51 0 -123824 4448.1
52 0 -143436 2095.58
53 0 -131654 5248.64
54 0 -104411 4702.34
55 0 -140641 3154.86
56 0 -143398 31552.4
57 0 -237695 3310.92
58 0 -171660 2809.29
59 0 -112654 3939.91
60 0 -145011 2162.19
61 0 -128500 0.246626
62 0 6.92965e-310 5
63 0 6.92965e-310 5
64 0 6.92965e-310 5
65 0 6.92965e-310 5
66 0 586123 2456.82
67 0 586094 2645.46
68 0 586545 2461.89
69 0 586187 2731.37
70 0 585693 2195.08
71 0 585998 2249.22
72 0 570854 2241.51
73 0 618258 1536.36
74 0 578831 2189.2
75 0 607595 2012.71
76 0 610519 1335.52
77 0 577876 2166.23
78 0 595799 1366.01
79 0 579151 2180.37
80 0 6.92965e-310 5
81 0 6.92965e-310 5
82 0 630445 2016.25
83 0 631706 1091.08
84 0 603193 1853.22
85 0 628041 1676.47
86 0 603192 1734.82
87 0 636752 1596.96
88 0 595351 1586.93
89 0 628908 7785.49
90 0 588549 1761.79
91 0 595101 1627.96
92 0 595886 1910.73
93 0 595791 1764.01
94 0 596763 2045.73
95 0 594497 1883.91
96 0 6.92965e-310 5
97 0 6.92965e-310 5
98 0 613847 2142.54
99 0 621732 2058.64
100 0 623432 3107.38
101 0 621514 2085.8
102 0 619632 4681.49
103 0 644030 758.707
104 0 614655 2801.41
105 0 643499 1546.44
106 0 613945 2740.15
107 0 613974 3401.94
108 0 616190 2659.49
109 0 616237 2848.08
110 0 615232 2386.69
111 0 644947 1027.44
112 0 6.92965e-310 5
113 0 6.92965e-310 5
114 0 642048 2592.55
115 0 640672 2362.9
116 0 641841 2531.57
117 0 641239 2530.91
118 0 641052 2318.14
119 0 640860 2401.69
120 0 631731 2333.44
121 0 631792 2386.24
122 0 632227 2275.28
123 0 631296 2258.08
124 0 622471 2168.62
125 0 631170 2245.98
126 0 631729 2364.6
127 0 623033 2282.13
128 0 6.92965e-310 5
129 0 6.92965e-310 5
130 0 657899 2728.91
131 0 658010 2400.21
132 0 686310 968.815
133 0 656790 2744.55
134 0 684143 1495.85
135 0 658530 2792.04
136 0 674453 733.833
137 0 649952 2739.35
138 0 659776 917.88
139 0 661139 812.064
140 0 661768 939.78
141 0 662160 1237.52
142 0 661307 876.484
143 0 661984 985.657
144 0 6.92965e-310 5
145 0 6.92965e-310 5
146 0 673596 760.993
147 0 673537 920.393
148 0 671805 403.245
149 0 671387 621.648
150 0 671194 598.038
151 0 672701 567.195
152 0 664378 662.588
153 0 665679 595.643
154 0 664437 675.457
155 0 664638 562.202
156 0 6.92965e-310 5
157 0 6.92965e-310 5
158 0 6.92965e-310 5
159 0 6.92965e-310 5
