0.0426991 -0.0115642 0.364824 -0.403603
0.03619 -0.00828542 0.312609 0.014594
0.0334258 -0.00810109 0.292163 0.012578
0.986159 -0.15784 -0.793129 1.08127
3.59927 -0.348772 -24.1983 -6.81524
0.0729055 -0.0120849 0.506093 -1.21234
0.0433376 -0.00734475 0.339326 0.0173659
0.069327 -0.0126858 0.505968 -1.39483
0.047507 -0.00867372 0.394844 -0.334094
0.0433376 -0.00734475 0.339326 0.0173659
0.0531522 -0.00857342 0.403802 -0.365202
-0.15533 -0.016736 0.558888 0.276518
0.478867 -0.138581 -0.00290373 1.98067
0.0522445 -0.0167628 0.483229 -1.01306
0.0735204 -0.01847 0.610122 -2.2961
0.0593411 -0.0126394 0.469278 -1.24704
0.0414135 -0.00951472 0.371702 -0.282082
0.0598921 -0.0160865 0.492182 -1.26419
0.0371778 -0.00837739 0.315745 0.0146649
0.0300796 0.00112479 0.179689 0.761146
2.45935 -0.256618 -11.5158 -4.54569
0.069327 -0.0126858 0.505968 -1.39483
0.0735204 -0.01847 0.610122 -2.2961
0.0635825 -0.0158036 0.506243 -1.29598
0.0583284 -0.0131162 0.459653 -0.749978
0.0489817 -0.0108215 0.384817 -0.528219
0.0532705 -0.0104576 0.396727 -0.474037
0.0368293 -0.00688974 0.295411 0.0130877
0.0672779 -0.0157073 0.530735 -1.5235
0.0501287 -0.0121582 0.447946 -0.675093
0.0447835 -0.00915055 0.370291 0.0203752
0.044982 -0.00719594 0.348818 0.018485
0.0454693 -0.0112066 0.374772 -0.509352
0.03619 -0.00828542 0.312609 0.014594
0.0544842 -0.0152925 0.44891 -0.917442
0.0672154 -0.0154895 0.519495 -1.32134
0.20668 -0.0270467 0.0108333 -0.175371
0.038663 -0.00478018 0.283305 0.0124324
0.0493372 -0.013839 0.430322 -1.16421
0.0572035 -0.0132171 0.452365 -1.76642
0.0532705 -0.0104576 0.396727 -0.474037
0.0410043 -0.00606509 0.311371 0.0148148
0.0433376 -0.00734475 0.339326 0.0173659
0.0648116 -0.0184251 0.542745 -1.4318
0.044982 -0.00719594 0.348818 0.018485
0.0583284 -0.0131162 0.459653 -0.749978
0.0568168 -0.0100867 0.407098 -0.494403
0.086181 -0.0200365 0.684127 -2.2713
0.0250307 -0.00383722 0.233168 0.489428
0.0419616 -0.0115918 0.364672 -0.489362
0.0343025 -0.00756797 0.288999 0.0123586
0.0531412 -0.011123 0.423675 -0.739978
0.0395403 -0.00424744 0.28015 0.0121453
0.0513669 -0.0107694 0.404591 -1.00804
0.0459482 -0.014216 0.416806 -1.12978
0.0591711 -0.0159771 0.496689 -1.99868
0.0476001 -0.00828368 0.359961 -0.437061
0.0547944 -0.0104095 0.418174 -1.0451
0.0523396 -0.0113474 0.433712 -0.90055
0.0489817 -0.0108215 0.384817 -0.528219
0.0401267 -0.0065978 0.314522 0.0150978
0.0462079 -0.0111961 0.375607 -0.428801
0.0414135 -0.00951472 0.371702 -0.282082
0.0476001 -0.00828368 0.359961 -0.437061
0.0350714 -0.00914261 0.329659 -0.34946
0.0493372 -0.013839 0.430322 -1.16421
0.0334258 -0.00810109 0.292163 0.012578
0.0476001 -0.00828368 0.359961 -0.437061
0.0580282 -0.0102616 0.441326 -1.28014
0.0496607 -0.00718573 0.337335 -0.483602
0.0478464 -0.0110662 0.38895 -0.953043
0.0406319 -0.00903814 0.338689 -0.385694
0.0691738 -0.0144937 0.507141 -1.5028
0.0672154 -0.0154895 0.519495 -1.32134
0.0583284 -0.0131162 0.459653 -0.749978
0.0412395 -0.00692617 0.325372 0.0161839
0.0444436 -0.00909321 0.383353 -0.308928
0.039059 -0.00909083 0.339263 0.0170753
0.0567191 -0.0126449 0.438863 -0.993104
0.0653347 -0.0149758 0.506321 -1.71472
0.0598921 -0.0160865 0.492182 -1.26419
0.0382908 -0.00870576 0.326597 0.0157292
0.0475788 -0.0137655 0.401632 -0.522585
0.0837176 -0.0207818 0.675717 -1.92745
0.0725736 -0.0122786 0.517476 -1.40315
0.0692451 -0.0123874 0.492473 -1.18243
0.0531412 -0.011123 0.423675 -0.739978
0.0444436 -0.00909321 0.383353 -0.308928
0.0412395 -0.00692617 0.325372 0.0161839
0.0532705 -0.0104576 0.396727 -0.474037
0.0438722 -0.00686963 0.338012 0.0173287
0.0635825 -0.0158036 0.506243 -1.29598
0.0392976 -0.00466471 0.298574 0.303787
0.0408144 -0.00802539 0.332964 0.0165518
0.051156 -0.0115587 0.419924 -0.437333
0.0439051 -0.00968276 0.373426 0.0206627
0.0336062 -0.00613466 0.27044 0.011108
0.0419616 -0.0115918 0.364672 -0.489362
0.0419616 -0.0115918 0.364672 -0.489362
0.043955 -0.00428676 0.310172 0.0151145
0.0547944 -0.0104095 0.418174 -1.0451
0.0547944 -0.0104095 0.418174 -1.0451
0.0310773 -0.0068116 0.264001 0.0104342
0.0438116 -0.0104733 0.342663 -0.542005
0.0513669 -0.0107694 0.404591 -1.00804
0.0513669 -0.0107694 0.404591 -1.00804
0.0771954 -0.0181313 0.666216 -3.37477
0.0443696 -0.0114147 0.375612 -0.91413
0.0410043 -0.00606509 0.311371 0.0148148
0.0454693 -0.0112066 0.374772 -0.509352
0.0489817 -0.0108215 0.384817 -0.528219
0.0384785 -0.00674398 0.304973 0.0140773
0.0286114 -0.00806783 0.262768 0.26718
0.0296678 -0.00782093 0.268501 0.0106333
0.0321607 -0.00958459 0.317905 -0.319019
0.0476001 -0.00828368 0.359961 -0.437061
0.0399648 -0.0031474 0.272548 0.0115375
0.0395403 -0.00424744 0.28015 0.0121453
0.0535767 -0.0135252 0.436234 -1.71704
0.0406319 -0.00903814 0.338689 -0.385694
0.0406319 -0.00903814 0.338689 -0.385694
0.0438116 -0.0104733 0.342663 -0.542005
0.0452364 -0.00752662 0.325643 -0.548645
0.0350714 -0.00914261 0.329659 -0.34946
0.0507356 -0.00969402 0.363125 -0.58231
0.0348361 -0.0070923 0.287675 0.0123458
0.0286523 -0.00368267 0.247956 0.421738
0.03619 -0.00828542 0.312609 0.014594
0.0468694 -0.0139686 0.404622 -0.930441
0.0317754 -0.00824598 0.282582 0.0116219
0.0502221 -0.0135528 0.41665 -0.95721
0.0513669 -0.0107694 0.404591 -1.00804
0.0456357 -0.00574962 0.333083 -0.417043
0.0373632 -0.0064142 0.29409 0.0130613
0.0319537 -0.00627818 0.260829 0.0102227
0.0572035 -0.0132171 0.452365 -1.76642
0.0531412 -0.011123 0.423675 -0.739978
0.0735204 -0.01847 0.610122 -2.2961
0.0444436 -0.00909321 0.383353 -0.308928
0.0384785 -0.00674398 0.304973 0.0140773
0.0476001 -0.00828368 0.359961 -0.437061
0.0601713 -0.016238 0.497995 -1.43898
0.0513669 -0.0107694 0.404591 -1.00804
0.0313047 -0.00301566 0.253994 0.414442
0.0419616 -0.0115918 0.364672 -0.489362
0.0454693 -0.0112066 0.374772 -0.509352
0.0371778 -0.00837739 0.315745 0.0146649
0.0429032 -0.00657143 0.354343 -0.27455
0.0441761 -0.00502796 0.299773 -0.436673
0.0344829 -0.00560145 0.267273 0.0108722
0.0372007 -0.0089069 0.331817 -0.822996
0.0420952 -0.00879017 0.344941 -0.89221
0.0476001 -0.00828368 0.359961 -0.437061
0.0560283 -0.0130482 0.456538 -1.22251
0.0667085 -0.0154198 0.530537 -2.09363
0.0441056 -0.00866055 0.349395 -0.412294
0.0384785 -0.00674398 0.304973 0.0140773
0.0373632 -0.0064142 0.29409 0.0130613
0.0376012 -0.00727693 0.30813 0.0143361
0.0513669 -0.0107694 0.404591 -1.00804
0.0325491 -0.00863447 0.295331 0.0127883
0.0406319 -0.00903814 0.338689 -0.385694
0.0350714 -0.00914261 0.329659 -0.34946
0.0635825 -0.0158036 0.506243 -1.29598
0.0448029 -0.00547678 0.332679 -0.309978
0.0469686 -0.0082513 0.357111 -0.510127
0.0348361 -0.0070923 0.287675 0.0123458
0.0572035 -0.0132171 0.452365 -1.76642
0.0513669 -0.0107694 0.404591 -1.00804
0.038663 -0.00478018 0.283305 0.0124324
0.0441056 -0.00866055 0.349395 -0.412294
0.0372518 -0.0057885 0.287782 0.0127458
0.0478464 -0.0110662 0.38895 -0.953043
0.0334258 -0.00810109 0.292163 0.012578
0.0372518 -0.0057885 0.287782 0.0127458
0.0344829 -0.00560145 0.267273 0.0108722
0.0250307 -0.00383722 0.233168 0.489428
0.0443696 -0.0114147 0.375612 -0.91413
0.0350714 -0.00914261 0.329659 -0.34946
0.0560283 -0.0130482 0.456538 -1.22251
0.0371912 -0.00295745 0.251976 0.00992659
0.036592 -0.0061817 0.311493 -0.33913
0.0535767 -0.0135252 0.436234 -1.71704
0.0310773 -0.0068116 0.264001 0.0104342
0.0322063 -0.00438593 0.240487 0.00900964
0.0337723 -0.00665805 0.300293 -0.311549
0.0337723 -0.00665805 0.300293 -0.311549
0.0319537 -0.00627818 0.260829 0.0102227
0.0406319 -0.00903814 0.338689 -0.385694
0.0321961 -0.00714366 0.274933 0.0113451
0.0406319 -0.00903814 0.338689 -0.385694
0.0372518 -0.0057885 0.287782 0.0127458
0.0308337 -0.00594545 0.249881 0.00935369
0.0365693 -0.00945868 0.327653 -0.451053
0.0323087 -0.00777018 0.281256 0.0116227
0.0469686 -0.0082513 0.357111 -0.510127
0.0374333 -0.00382276 0.266074 0.0111446
0.0370117 -0.00492453 0.273713 0.0115138
0.0308337 -0.00594545 0.249881 0.00935369
0.0323737 -0.00517544 0.253172 0.00992152
0.0319537 -0.00627818 0.260829 0.0102227
0.0420952 -0.00879017 0.344941 -0.89221
0.041805 -0.00792388 0.31543 -0.526382
0.0321607 -0.00958459 0.317905 -0.319019
0.0511095 -0.00790703 0.370408 -0.460187
0.0441056 -0.00866055 0.349395 -0.412294
0.0389018 -0.00564359 0.297358 0.0137157
0.0476001 -0.00828368 0.359961 -0.437061
0.0336062 -0.00613466 0.27044 0.011108
0.0347241 -0.00646618 0.28136 0.0120494
0.0478464 -0.0110662 0.38895 -0.953043
0.0594342 -0.0103299 0.435076 -1.11586
0.0371912 -0.00295745 0.251976 0.00992659
0.0452364 -0.00752662 0.325643 -0.548645
0.0408616 -0.0117511 0.362143 -0.872325
0.0383993 -0.00829433 0.304225 -0.495507
0.0625308 -0.0155671 0.499231 -1.74809
0.0434968 -0.00865419 0.347368 -0.491794
0.0469686 -0.0082513 0.357111 -0.510127
0.0406319 -0.00903814 0.338689 -0.385694
0.0370117 -0.00492453 0.273713 0.0115138
0.0294164 -0.00504713 0.25109 0.268323
0.0344829 -0.00560145 0.267273 0.0108722
0.0344829 -0.00560145 0.267273 0.0108722
0.0598921 -0.0160865 0.492182 -1.26419
0.0489817 -0.0108215 0.384817 -0.528219
0.0429032 -0.00657143 0.354343 -0.27455
0.0526172 -0.00861376 0.402991 -0.43834
0.0367017 -6.9952e-06 0.209483 0.436552
0.0771954 -0.0181313 0.666216 -3.37477
0.0383993 -0.00829433 0.304225 -0.495507
0.0336062 -0.00613466 0.27044 0.011108
0.0372518 -0.0057885 0.287782 0.0127458
0.0372518 -0.0057885 0.287782 0.0127458
0.0476001 -0.00828368 0.359961 -0.437061
0.0373632 -0.0064142 0.29409 0.0130613
0.0451122 -0.00575115 0.330557 -0.499155
0.0373632 -0.0064142 0.29409 0.0130613
0.0286523 -0.00368267 0.247956 0.421738
0.0441056 -0.00866055 0.349395 -0.412294
0.0414135 -0.00951472 0.371702 -0.282082
0.0397792 -0.00511061 0.294201 0.0134343
0.0546294 -0.00753021 0.380753 -0.481831
0.035109 0.00233486 0.232047 0.412844
0.0796753 -0.00875076 0.52165 -0.608564
0.0734925 -0.00932051 0.48106 -0.475468
0.0883016 -0.0170181 0.653216 -2.12029
0.0552728 -0.00251808 0.35278 0.0195001
0.0451184 -0.00831216 0.355651 -0.908224
0.0391525 -0.00521535 0.287785 -0.495681
0.0495986 -0.00821663 0.37269 -0.989144
0.0372518 -0.0057885 0.287782 0.0127458
0.0337858 -0.00111497 0.257945 0.523167
0.0435298 -0.00538597 0.317765 0.0155435
0.0589471 -0.00965054 0.41482 -0.859961
0.0414285 -0.00496527 0.303767 0.0144205
