0.0561685 -0.0255965 0.575942 -1.97866
0.0625852 -0.0230225 0.6567 -3.51471
0.211736 -0.0438482 0.0268143 -0.23612
4.772 -0.443043 -25.1051 -4.14954
-0.689914 0.0627456 0.921663 0.0868545
0.0520046 -0.0133816 0.412086 -0.464576
0.265478 -0.0461813 -0.0340174 -0.321829
0.085672 -0.0286855 0.885082 -4.20562
0.0611048 -0.0181697 0.494723 -1.39245
0.085672 -0.0286855 0.885082 -4.20562
0.0640659 -0.0209869 0.52571 -1.38483
0.205175 -0.0791995 -0.00489218 2.92191
-0.220328 0.0046081 0.015496 1.93395
0.0723014 -0.0287627 0.793768 -4.10647
0.0514779 -0.0196815 0.479367 -1.1528
0.240948 -0.0410771 0.0126235 -0.269252
0.0524952 -0.0258853 0.559567 -1.94056
0.0525184 -0.0261826 0.577862 -2.2317
0.0428342 -0.0256175 0.49439 -1.59071
-7.20918 0.445964 62.7135 -7.66791
0.496897 -0.143413 0.000758122 2.01259
0.0584648 -0.0192698 0.518001 -1.40454
0.0504209 -0.019472 0.471808 -1.58501
0.0514779 -0.0196815 0.479367 -1.1528
0.0514779 -0.0196815 0.479367 -1.1528
0.229189 -0.0412835 0.00833211 -0.250323
0.0661571 -0.0249464 0.662427 -2.65713
5.09915 -0.469711 -31.4545 -5.81239
0.0764289 -0.0282467 0.7409 -3.15359
0.0577437 -0.0242187 0.536684 -1.4735
0.0462459 -0.0167045 0.417909 -0.515246
0.0714605 -0.0214906 0.641242 -2.46531
0.0483986 -0.0225478 0.499447 -1.74704
0.0586829 -0.0286442 0.67293 -3.26036
0.0318148 -0.020024 0.370135 -0.556806
0.0514912 -0.0218223 0.495049 -1.48589
0.0524952 -0.0258853 0.559567 -1.94056
0.247045 -0.0421183 -0.0602026 -0.246294
0.0431265 -0.0202144 0.453064 -1.77017
0.0470766 -0.0198512 0.459358 -1.57124
0.0649632 -0.0220886 0.594851 -2.14905
0.0586539 -0.0211534 0.520543 -1.52366
0.0459936 -0.0173815 0.449723 -0.80669
0.05942 -0.0254619 0.610694 -2.29758
0.0508727 -0.0192638 0.482654 -0.790712
0.0442137 -0.0201115 0.460341 -0.752377
0.0604146 -0.0218597 0.546512 -1.37089
0.0654042 -0.0218671 0.573643 -1.85777
0.0352176 -0.0208158 0.430506 -1.16419
0.0262302 -0.0178509 0.332843 -0.521715
0.0380419 -0.0234781 0.454777 -1.65707
0.0605093 -0.0255499 0.632534 -3.00393
0.0227228 -0.0138864 0.295965 0.0107293
0.0631159 -0.0251246 0.666686 -3.37566
0.0227939 -0.0150058 0.307827 -0.391789
0.0594605 -0.025413 0.648015 -3.34457
0.0613372 -0.0223704 0.577465 -2.10861
0.0739242 -0.0256757 0.751716 -3.84907
0.0739242 -0.0256757 0.751716 -3.84907
0.0270758 -0.0110939 0.290172 0.0114073
0.0598141 -0.0253187 0.593237 -2.02027
0.0524952 -0.0258853 0.559567 -1.94056
0.0643859 -0.0253028 0.651108 -3.0432
0.0545312 -0.0215553 0.517478 -1.71237
0.0296861 -0.0174632 0.343226 -0.544262
0.0327631 -0.0209678 0.405399 -0.933829
0.0243315 -0.0189377 0.354266 -0.464845
0.0268963 -0.0130608 0.311907 0.012669
0.0433931 -0.0163626 0.404751 -1.24711
0.0536423 -0.0190393 0.482842 -1.58699
0.0331485 -0.0170744 0.353495 -0.565076
0.0631159 -0.0251246 0.666686 -3.37566
0.0775992 -0.0253912 0.768665 -3.85319
0.0576143 -0.0220435 0.521447 -1.1703
0.252391 -0.0424088 -0.022163 -0.287112
0.0629536 -0.0251259 0.625902 -2.3191
0.0629536 -0.0251259 0.625902 -2.3191
0.032074 -0.0181852 0.376186 -0.430863
0.05942 -0.0254619 0.610694 -2.29758
0.0268963 -0.0130608 0.311907 0.012669
0.0361192 -0.0205525 0.417439 -0.960676
0.0298933 -0.0211314 0.392167 -0.506165
0.0227983 -0.0200346 0.379328 -0.353448
0.233429 -0.0439838 0.0261261 -0.269094
0.0539825 -0.0223301 0.507013 -1.13652
0.30551 -0.0501039 -0.0958717 -0.368995
0.049463 -0.022796 0.506978 -1.29859
0.0768549 -0.0286958 0.797925 -3.7821
0.0613372 -0.0223704 0.577465 -2.10861
0.0613372 -0.0223704 0.577465 -2.10861
0.0635113 -0.025012 0.60818 -2.04622
0.05942 -0.0254619 0.610694 -2.29758
0.0635113 -0.025012 0.60818 -2.04622
0.031266 -0.0178645 0.373852 -0.322019
0.0629536 -0.0251259 0.625902 -2.3191
0.0629536 -0.0251259 0.625902 -2.3191
0.0372114 -0.0227596 0.439008 -0.90662
0.0536357 -0.0285766 0.658364 -3.48431
0.0195519 -0.019036 0.345632 -0.344706
0.0700556 -0.0259099 0.73 -3.80112
0.0594605 -0.025413 0.648015 -3.34457
0.231912 -0.0414074 -0.0112275 -0.255447
0.0547584 -0.0288021 0.647248 -3.16803
0.196097 -0.0407249 0.0303107 -0.200786
0.0577532 -0.0189032 0.523886 -2.5149
0.0625852 -0.0230225 0.6567 -3.51471
0.0504209 -0.019472 0.471808 -1.58501
0.0361192 -0.0205525 0.417439 -0.960676
0.0727474 -0.0287957 0.768388 -3.67513
0.0278227 -0.0185802 0.365277 -0.491602
0.0293523 -0.0153551 0.347657 -0.301864
0.0403888 -0.0222953 0.449818 -0.92151
0.0180422 -0.0165742 0.318382 -0.320861
0.020848 -0.0193329 0.344271 -0.443819
0.0140692 -0.0156826 0.267454 0.0073137
0.0483986 -0.0225478 0.499447 -1.74704
0.209156 -0.0383057 -0.00653774 -0.209313
0.0453189 -0.0173205 0.4356 -1.11745
0.0377488 -0.0199936 0.423849 -1.42167
0.0470766 -0.0198512 0.459358 -1.57124
0.0504209 -0.019472 0.471808 -1.58501
0.0366159 -0.0166845 0.363666 -0.584362
0.0625852 -0.0230225 0.6567 -3.51471
0.0431265 -0.0202144 0.453064 -1.77017
0.0426155 -0.0196425 0.439603 -0.996165
0.0225718 -0.018616 0.357403 -0.373408
0.0218475 -0.0144204 0.299151 0.0108102
0.0483986 -0.0225478 0.499447 -1.74704
0.0180422 -0.0165742 0.318382 -0.320861
0.0511817 -0.0291788 0.634827 -3.18474
0.0327631 -0.0209678 0.405399 -0.933829
0.0490034 -0.0227532 0.517199 -2.07606
0.0594605 -0.025413 0.648015 -3.34457
0.0315201 -0.0127391 0.333519 -0.418554
0.0453636 -0.0228446 0.483917 -1.72599
0.0366159 -0.0166845 0.363666 -0.584362
0.0720893 -0.0248124 0.68849 -3.11601
0.0613372 -0.0223704 0.577465 -2.10861
0.0613372 -0.0223704 0.577465 -2.10861
0.0615042 -0.0281171 0.643112 -2.23331
0.0562277 -0.0220691 0.544522 -2.11033
0.0525184 -0.0261826 0.577862 -2.2317
0.0558615 -0.025786 0.594964 -2.2712
0.0457848 -0.0230856 0.493091 -1.26801
0.0456772 -0.0253586 0.520469 -1.85074
0.0225718 -0.018616 0.357403 -0.373408
0.05431 -0.0287289 0.610438 -2.17237
0.0690662 -0.0290779 0.750426 -3.66024
0.202229 -0.0383194 -0.00665977 -0.199722
0.0574785 -0.0225916 0.583824 -2.98674
0.0342676 -0.0202905 0.406129 -1.35361
0.0396195 -0.0171089 0.404072 -1.45765
0.0516586 -0.0199968 0.49305 -1.371
0.0545312 -0.0215553 0.517478 -1.71237
0.05942 -0.0254619 0.610694 -2.29758
0.0690662 -0.0290779 0.750426 -3.66024
0.0561685 -0.0255965 0.575942 -1.97866
0.0394 -0.0201091 0.428817 -0.981179
0.0403888 -0.0222953 0.449818 -0.92151
0.0216701 -0.0163888 0.320916 0.0118999
0.0536357 -0.0285766 0.658364 -3.48431
0.0484094 -0.0260497 0.556279 -2.68887
0.0511817 -0.0291788 0.634827 -3.18474
0.0453636 -0.0228446 0.483917 -1.72599
0.0331485 -0.0170744 0.353495 -0.565076
0.0366159 -0.0166845 0.363666 -0.584362
0.0206153 -0.0134612 0.281886 0.00972607
0.0566101 -0.0258004 0.614115 -2.96341
0.0457783 -0.0191587 0.449912 -1.00678
0.049463 -0.022796 0.506978 -1.29859
0.0426155 -0.0196425 0.439603 -0.996165
0.0394 -0.0201091 0.428817 -0.981179
0.0278227 -0.0185802 0.365277 -0.491602
0.0318288 -0.0211933 0.417033 -1.13018
0.0337266 -0.0180573 0.389512 -0.955003
0.0327631 -0.0209678 0.405399 -0.933829
0.0456772 -0.0253586 0.520469 -1.85074
0.0293283 -0.0213527 0.392704 -0.900395
0.0380419 -0.0234781 0.454777 -1.65707
0.0361192 -0.0205525 0.417439 -0.960676
0.0296861 -0.0174632 0.343226 -0.544262
0.0574785 -0.0225916 0.583824 -2.98674
0.0495461 -0.0231225 0.568049 -3.35849
0.0276866 -0.0149137 0.315918 -0.528337
0.0531744 -0.0226117 0.560298 -2.9021
0.0467797 -0.0199006 0.468533 -1.81191
0.0372475 -0.0177597 0.405118 -1.0097
0.0209527 -0.0161324 0.330145 -0.351298
0.0331485 -0.0170744 0.353495 -0.565076
0.0380419 -0.0234781 0.454777 -1.65707
0.0643771 -0.0291456 0.744994 -3.97637
0.0385757 -0.0204419 0.444195 -1.19711
0.0151458 -0.0159231 0.276774 0.00792536
0.0140692 -0.0156826 0.267454 0.0073137
0.0302782 -0.0206084 0.394909 -1.32362
0.0361192 -0.0205525 0.417439 -0.960676
0.0342676 -0.0202905 0.406129 -1.35361
0.204256 -0.0378027 0.0156138 -0.201529
0.188682 -0.0383937 -0.00737192 -0.181665
0.055911 -0.0257345 0.625788 -3.2832
0.0276866 -0.0149137 0.315918 -0.528337
0.0531744 -0.0226117 0.560298 -2.9021
0.202229 -0.0383194 -0.00665977 -0.199722
0.0262302 -0.0178509 0.332843 -0.521715
0.0598141 -0.0253187 0.593237 -2.02027
0.0525184 -0.0261826 0.577862 -2.2317
0.049463 -0.022796 0.506978 -1.29859
0.0426155 -0.0196425 0.439603 -0.996165
0.0156772 -0.0154462 0.275426 0.00805939
0.0380419 -0.0234781 0.454777 -1.65707
0.0428342 -0.0256175 0.49439 -1.59071
0.0299799 -0.0156497 0.349903 -0.414112
0.0377488 -0.0199936 0.423849 -1.42167
0.0470766 -0.0198512 0.459358 -1.57124
0.0485375 -0.0262672 0.596348 -3.29521
0.0276866 -0.0149137 0.315918 -0.528337
0.0631159 -0.0251246 0.666686 -3.37566
0.0483986 -0.0225478 0.499447 -1.74704
0.0504209 -0.019472 0.471808 -1.58501
0.0643771 -0.0291456 0.744994 -3.97637
0.0483986 -0.0225478 0.499447 -1.74704
0.022783 -0.0182374 0.322325 -0.497182
0.0178429 -0.013272 0.261325 0.00795696
0.0417059 -0.0231642 0.469541 -1.69394
0.0368246 -0.0230371 0.452847 -1.11079
0.0547584 -0.0288021 0.647248 -3.16803
0.0265041 -0.016027 0.3392 -0.387561
0.231216 -0.044464 0.00352341 -0.267063
0.0410476 -0.0195958 0.437853 -1.455
0.0514912 -0.0218223 0.495049 -1.48589
0.0380419 -0.0234781 0.454777 -1.65707
0.0377379 -0.0192727 0.395403 -1.06375
0.0558615 -0.025786 0.594964 -2.2712
0.0366159 -0.0166845 0.363666 -0.584362
0.0324227 -0.014956 0.359806 -0.333397
0.248538 -0.0482969 -0.0512844 -0.275252
0.0228981 -0.0119166 0.274171 0.00962824
0.0417059 -0.0231642 0.469541 -1.69394
0.0411801 -0.0229093 0.456897 -1.4292
0.0562494 -0.0260069 0.681107 -4.06207
0.017916 -0.0161109 0.297307 0.00978018
0.0318288 -0.0211933 0.417033 -1.13018
0.0490034 -0.0227532 0.517199 -2.07606
0.258623 -0.0490418 -0.0367199 -0.324573
0.0725365 -0.02191 0.646969 -2.0875
0.0793032 -0.0264035 0.717051 -2.32558
0.0355192 -0.0145551 0.371709 -0.362377
0.0790543 -0.027899 0.756441 -2.84276
0.0227939 -0.0150058 0.307827 -0.391789
0.0562494 -0.0260069 0.681107 -4.06207
0.055911 -0.0257345 0.625788 -3.2832
0.055911 -0.0257345 0.625788 -3.2832
0.0457848 -0.0230856 0.493091 -1.26801
0.0635732 -0.032404 0.770148 -3.86277
0.214393 -0.0411402 0.00936913 -0.228327
0.0643771 -0.0291456 0.744994 -3.97637
