0.0725736 -0.0122786 0.517476 -1.40315
0.0583398 -0.0108208 0.440126 -0.474221
0.0381352 -0.00680167 0.306812 0.0143129
-0.217787 0.00417668 0.0135291 1.96794
-0.791468 0.0798639 0.930113 0.479769
0.0734096 -0.00864724 0.49283 -0.874398
0.0494464 -0.0111885 0.420997 -0.350274
0.067438 -0.00933248 0.460377 -0.689721
0.0536523 -0.00547417 0.378579 0.0221882
0.066843 -0.00954606 0.471632 -0.845497
0.0782073 -0.0145588 0.558969 -1.39121
2.69949 -0.201609 -22.1252 -6.84724
-0.225864 0.00563457 0.0172231 1.95358
0.0486202 -0.00728463 0.402396 -0.403945
0.255398 -0.0346266 0.0488364 -0.297711
0.099249 -0.0176795 0.784654 -3.53264
0.0702602 -0.0129521 0.520202 -1.06641
0.0471661 -0.00503382 0.33498 0.0174015
0.0410471 -0.00888481 0.346928 0.0179508
0.715399 -0.124268 -0.910699 -1.72377
2.11882 -0.235605 -9.69854 -4.73528
0.24911 -0.033891 0.0732988 -0.284155
0.0388248 -0.00823034 0.325277 0.0157189
0.0745299 -0.0148676 0.545847 -1.36882
0.0725736 -0.0122786 0.517476 -1.40315
0.0531522 -0.00857342 0.403802 -0.365202
0.0813329 -0.0177391 0.62444 -2.08311
-1.3215 0.101024 8.02915 -4.12963
2.34488 -0.241457 -11.3422 -4.7252
0.260889 -0.0374947 0.0650591 -0.318458
0.0633283 -0.00751474 0.433671 -0.496643
0.104652 -0.0202015 0.808357 -2.91863
0.0475041 -0.00651452 0.355163 0.0193054
0.0938716 -0.0215109 0.877438 -4.496
0.0414135 -0.00951472 0.371702 -0.282082
0.0706372 -0.00949164 0.480209 -1.24988
0.0456357 -0.00574962 0.333083 -0.417043
0.0422516 -0.00160533 0.264893 0.0110426
0.0554785 -0.0162907 0.481549 -1.96429
0.0763935 -0.0159382 0.645752 -3.41441
0.0725736 -0.0122786 0.517476 -1.40315
0.0725736 -0.0122786 0.517476 -1.40315
0.048943 -0.00831561 0.386024 0.0225042
-1.44152 0.104151 9.39286 -4.49545
0.056714 -0.00820974 0.414361 -0.387761
0.0682672 -0.0118315 0.492893 -0.804897
0.0855222 -0.0176807 0.644904 -1.78001
0.0765735 -0.0117827 0.519659 -1.2409
0.0496334 -0.00756478 0.371239 -0.360789
0.0598852 -0.012163 0.449229 -1.00414
0.0368293 -0.00688974 0.295411 0.0130877
0.239431 -0.0299641 0.0284427 -0.231613
0.0605554 -0.00944775 0.43733 -1.5746
0.0566668 -0.0107834 0.437329 -0.779151
0.0554785 -0.0162907 0.481549 -1.96429
0.055641 -0.0100669 0.402808 -0.833142
0.0464824 -0.00360875 0.316589 0.015706
0.0739054 -0.0113883 0.519898 -1.85142
0.0546294 -0.00753021 0.380753 -0.481831
0.0580453 -0.0134031 0.472114 -0.92208
0.0888923 -0.0209972 0.731811 -2.76666
0.0657699 -0.0130055 0.492475 -1.36925
0.0616732 -0.0126976 0.470915 -0.770259
0.0603699 -0.0097144 0.417358 -0.513449
0.0532705 -0.0104576 0.396727 -0.474037
0.0593411 -0.0126394 0.469278 -1.24704
0.0512886 -0.0110299 0.413962 -1.21131
0.0790685 -0.0150967 0.594243 -2.14739
0.0754331 -0.0153767 0.576853 -2.10669
0.0555291 -0.00748152 0.379194 -0.392002
0.0594397 -0.0158467 0.483269 -1.72305
0.0566382 -0.00758995 0.402593 -1.09045
0.0706372 -0.00949164 0.480209 -1.24988
0.075335 -0.0117734 0.529867 -1.4136
0.0702602 -0.0129521 0.520202 -1.06641
0.0622047 -0.0092158 0.426398 -0.882364
0.0737444 -0.0148545 0.552305 -1.52605
0.0566668 -0.0107834 0.437329 -0.779151
0.0531522 -0.00857342 0.403802 -0.365202
0.0555291 -0.00748152 0.379194 -0.392002
0.0603699 -0.0097144 0.417358 -0.513449
0.0460551 -0.00470666 0.324155 0.0162606
0.0549474 -0.0135226 0.448161 -0.727296
0.311568 -0.0418006 -0.0168721 -0.394913
0.0792557 -0.0149736 0.574624 -1.62302
0.100891 -0.0204763 0.791901 -2.90014
0.0431333 -0.0119887 0.397947 -0.30101
0.0725736 -0.0122786 0.517476 -1.40315
0.048773 -0.00206887 0.30899 0.0149999
0.066843 -0.00954606 0.471632 -0.845497
0.0500259 -0.00583284 0.361504 0.0201158
0.0451768 -0.00523884 0.327293 0.0165951
0.0855222 -0.0176807 0.644904 -1.78001
0.0745299 -0.0148676 0.545847 -1.36882
0.0682672 -0.0118315 0.492893 -0.804897
0.0482054 -0.00131262 0.30574 0.251085
0.0618659 -0.00953694 0.44116 -1.09583
0.0509321 -0.00864631 0.397915 -0.740203
0.070141 -0.0188515 0.595757 -2.28096
0.0729055 -0.0120849 0.506093 -1.21234
0.0399648 -0.0031474 0.272548 0.0115375
0.0718616 -0.0119426 0.511274 -1.89923
0.0408616 -0.0117511 0.362143 -0.872325
0.0771954 -0.0181313 0.666216 -3.37477
0.0613422 -0.00985307 0.454446 -1.30794
0.0427366 -0.00108071 0.262413 0.26838
0.0846838 -0.0175644 0.702259 -3.4264
0.0771954 -0.0181313 0.666216 -3.37477
0.0790685 -0.0150967 0.594243 -2.14739
0.0375867 -0.00382166 0.262314 0.376167
0.0460551 -0.00470666 0.324155 0.0162606
0.0357218 0.000252913 0.228778 0.590409
0.0434716 -0.00836576 0.347189 -0.300219
0.0441056 -0.00866055 0.349395 -0.412294
0.0502221 -0.0135528 0.41665 -0.95721
0.0827488 -0.0147829 0.645981 -3.16086
0.0510188 -0.00425753 0.321354 -0.49337
0.0609858 -0.00698212 0.404245 -0.929584
0.0304814 -0.0107495 0.340489 -0.288925
0.0652708 -0.0129983 0.497826 -1.54233
0.0718473 -0.0121591 0.531798 -2.24326
0.0580282 -0.0102616 0.441326 -1.28014
0.055641 -0.0100669 0.402808 -0.833142
0.031384 -0.0023654 0.239358 0.264253
0.0526172 -0.00861376 0.402991 -0.43834
0.0653347 -0.0149758 0.506321 -1.71472
0.0602264 -0.011915 0.436369 -0.813276
0.038947 -0.00505307 0.302218 0.231404
0.0489817 -0.0108215 0.384817 -0.528219
0.03989 -0.00573588 0.300501 0.0137686
0.02334 -0.00276501 0.23741 0.524916
0.069327 -0.0126858 0.505968 -1.39483
0.0448029 -0.00547678 0.332679 -0.309978
0.0575533 -0.00736637 0.391528 -0.895962
0.0270657 -0.00504346 0.232086 0.422177
0.0682127 -0.0122704 0.49729 -1.87465
0.0855408 -0.0144919 0.640466 -2.46233
0.0725736 -0.0122786 0.517476 -1.40315
0.254397 -0.0352471 0.0235016 -0.297771
0.0566668 -0.0107834 0.437329 -0.779151
0.0460903 -0.00752137 0.359604 0.0196738
0.0435298 -0.00538597 0.317765 0.0155435
0.0657699 -0.0130055 0.492475 -1.36925
0.0718616 -0.0119426 0.511274 -1.89923
0.047507 -0.00867372 0.394844 -0.334094
0.047507 -0.00867372 0.394844 -0.334094
0.0436201 -0.00691346 0.357944 -0.389671
0.0729055 -0.0120849 0.506093 -1.21234
0.0575533 -0.00736637 0.391528 -0.895962
0.0525809 -0.00495882 0.353232 -0.461116
0.0350714 -0.00914261 0.329659 -0.34946
0.0594342 -0.0103299 0.435076 -1.11586
0.0726344 -0.0123521 0.52533 -1.5979
0.0581548 -0.00799656 0.423685 -0.811228
0.0458803 -0.00620336 0.368127 -0.314954
0.0593411 -0.0126394 0.469278 -1.24704
0.0555291 -0.00748152 0.379194 -0.392002
0.0477912 -0.00505701 0.34467 -0.341252
0.0385701 -0.00185473 0.267075 0.439168
0.0392976 -0.00466471 0.298574 0.303787
0.0360496 -0.00232494 0.255263 0.473368
0.043955 -0.00428676 0.310172 0.0151145
0.0382908 -0.00870576 0.326597 0.0157292
0.0634998 -0.00997632 0.460588 -0.826938
0.0618659 -0.00953694 0.44116 -1.09583
0.0533226 -0.00494199 0.353444 -0.375055
0.0493372 -0.013839 0.430322 -1.16421
0.0686288 -0.0145624 0.51694 -1.71077
0.0525809 -0.00495882 0.353232 -0.461116
0.0650356 -0.00904217 0.451346 -1.10467
0.0546294 -0.00753021 0.380753 -0.481831
0.0756387 -0.0157208 0.601613 -2.46176
0.0657699 -0.0130055 0.492475 -1.36925
0.0476001 -0.00828368 0.359961 -0.437061
0.0618659 -0.00953694 0.44116 -1.09583
0.0266217 0.00258097 0.197195 0.714352
0.0448339 -0.00375473 0.307038 0.0147156
0.0547944 -0.0104095 0.418174 -1.0451
0.0513669 -0.0107694 0.404591 -1.00804
0.0646301 -0.0094325 0.467202 -1.33176
0.0397215 -0.00228141 0.258435 0.0104972
0.0424918 -0.00246934 0.278962 0.012344
0.027761 -0.00443324 0.211922 0.296702
0.0421849 -0.00614507 0.322827 -0.392401
0.0397215 -0.00228141 0.258435 0.0104972
0.0433693 -0.00193668 0.27581 0.0120184
0.0486726 -0.00712901 0.335777 -0.569322
0.0363143 -0.00349049 0.255139 0.0102179
0.0352731 -0.00149757 0.240113 0.354406
0.0560283 -0.0130482 0.456538 -1.22251
0.049103 -0.00535446 0.343214 -0.439898
0.049103 -0.00535446 0.343214 -0.439898
0.0580282 -0.0102616 0.441326 -1.28014
0.055641 -0.0100669 0.402808 -0.833142
0.0434968 -0.00865419 0.347368 -0.491794
0.0581548 -0.00799656 0.423685 -0.811228
0.0763935 -0.0159382 0.645752 -3.41441
0.0458984 -0.00125993 0.282254 0.0125863
0.0408616 -0.0117511 0.362143 -0.872325
0.0547944 -0.0104095 0.418174 -1.0451
0.0384886 -0.00132173 0.241157 0.00926366
0.0401429 -0.00117952 0.250793 0.0100779
0.0397215 -0.00228141 0.258435 0.0104972
-1.57853 0.123979 9.74 -4.52374
0.0510717 -0.00605864 0.378249 -0.349955
0.0601089 -0.0103896 0.449163 -0.804931
0.0489929 -0.00692682 0.39749 -0.22617
0.0432625 -0.00513426 0.37102 -0.307656
0.0477912 -0.00505701 0.34467 -0.341252
0.0458803 -0.00620336 0.368127 -0.314954
0.0465392 -0.00796613 0.359336 -0.331772
0.054141 -0.00540106 0.385714 -0.272506
0.0605554 -0.00944775 0.43733 -1.5746
0.0600635 -0.00722831 0.416379 -1.12866
0.0483597 -0.0133001 0.405651 -1.35156
0.0531743 -0.00793708 0.388633 -1.04901
0.0754331 -0.0153767 0.576853 -2.10669
0.0618659 -0.00953694 0.44116 -1.09583
0.046246 -0.002747 0.302575 0.0143657
0.0434716 -0.00836576 0.347189 -0.300219
0.0496334 -0.00756478 0.371239 -0.360789
0.0277113 0.000460012 0.214825 0.685069
0.0594342 -0.0103299 0.435076 -1.11586
0.0393035 -0.000741734 0.243279 0.420012
0.0522136 -0.00367317 0.347718 0.018874
0.056714 -0.00820974 0.414361 -0.387761
0.229694 -0.0301463 0.0697309 -0.243323
0.0734096 -0.00864724 0.49283 -0.874398
0.0428121 -0.000655802 0.2587 0.35411
0.0706372 -0.00949164 0.480209 -1.24988
0.0224133 -0.00183547 0.197385 0.641544
0.0441427 -0.00232505 0.28855 0.0132782
0.0560663 -0.00460108 0.364271 -0.488096
0.0473595 -0.00307573 0.313434 0.0154527
0.0650356 -0.00904217 0.451346 -1.10467
0.0446419 -0.00571379 0.328604 0.0166533
0.0391336 0.000598372 0.262435 0.352436
0.0601089 -0.0103896 0.449163 -0.804931
0.0473595 -0.00307573 0.313434 0.0154527
0.0636218 -0.0104962 0.47654 -1.02518
0.0563796 -0.00284252 0.363544 0.0207555
5.09497 -0.415482 -37.8976 -7.35461
0.0740046 -0.00910144 0.491921 -1.26433
0.0639048 -0.00919097 0.535018 -0.534949
0.0556757 -0.00362081 0.367346 0.278356
0.259474 -0.0299249 0.118059 -0.320753
0.0504551 -0.0047366 0.353965 0.0196313
0.0627468 -0.00265276 0.400718 0.0254032
0.0798462 -0.0120631 0.596908 -2.7735
0.0458984 -0.00125993 0.282254 0.0125863
0.0458803 -0.00620336 0.368127 -0.314954
0.0448339 -0.00375473 0.307038 0.0147156
0.102386 -0.0205636 0.813945 -3.38174
0.0625716 -0.00675609 0.400989 -0.441199
0.057573 -0.00137488 0.346826 -0.299117
0.0843606 -0.0116293 0.575856 -1.98165
