0.047507 -0.00867372 0.394844 -0.334094
0.047507 -0.00867372 0.394844 -0.334094
0.036791 -0.00777158 0.31644 0.223891
-5.09683 0.299092 39.7603 -6.5687
-0.565857 0.0435736 0.600744 1.05573
0.0839311 -0.0111791 0.546668 -1.29453
0.0568168 -0.0100867 0.407098 -0.494403
0.0538572 -0.00352378 0.357195 0.0200083
0.0948193 -0.0164778 0.702094 -2.419
0.0815822 -0.014133 0.569684 -1.39719
0.0802489 -0.0114809 0.533181 -1.26825
0.337119 -0.10344 -0.225769 -0.609233
-0.240988 0.00810285 0.0275506 1.89203
0.0708654 -0.0151777 0.532688 -1.34555
0.0830674 -0.0152452 0.631255 -2.06203
0.0790516 -0.0116364 0.552753 -1.63112
0.070509 -0.0153076 0.541988 -1.5264
0.0580453 -0.0134031 0.472114 -0.92208
0.0431333 -0.0119887 0.397947 -0.30101
0.0649851 -0.0122688 0.481982 -0.788456
0.0614474 -0.00967604 0.415412 -0.42988
0.0572469 -0.00499908 0.397522 -0.299785
0.0444436 -0.00909321 0.383353 -0.308928
0.0560456 -0.00789668 0.411463 -0.289993
0.075335 -0.0117734 0.529867 -1.4136
0.0729055 -0.0120849 0.506093 -1.21234
0.0640725 -0.00973048 0.448582 -0.665175
0.396942 -0.0657036 -0.203316 -0.992517
-1.67207 0.115423 12.0992 -5.19944
0.0754351 -0.0147609 0.534663 -1.19862
0.0614061 -0.00742427 0.413471 -0.21171
0.0734096 -0.00864724 0.49283 -0.874398
0.0433376 -0.00734475 0.339326 0.0173659
0.0455315 -0.0093915 0.383407 -0.401203
0.0371778 -0.00837739 0.315745 0.0146649
0.0528648 -0.00828161 0.399575 -0.262741
0.0682127 -0.0122704 0.49729 -1.87465
0.0718616 -0.0119426 0.511274 -1.89923
0.0502221 -0.0135528 0.41665 -0.95721
0.0594342 -0.0103299 0.435076 -1.11586
0.0602943 -0.00784691 0.424813 -0.409089
0.0729055 -0.0120849 0.506093 -1.21234
0.0500259 -0.00583284 0.361504 0.0201158
0.0692451 -0.0123874 0.492473 -1.18243
0.0615041 -0.010049 0.448023 -0.32735
0.0850397 -0.0174571 0.64142 -2.12083
0.073943 -0.0126453 0.533387 -1.09386
0.0912061 -0.0167917 0.685673 -2.39157
0.0441056 -0.00866055 0.349395 -0.412294
0.0372518 -0.0057885 0.287782 0.0127458
0.0350714 -0.00914261 0.329659 -0.34946
0.0458803 -0.00620336 0.368127 -0.314954
0.0429032 -0.00657143 0.354343 -0.27455
0.0618659 -0.00953694 0.44116 -1.09583
0.0294164 -0.00504713 0.25109 0.268323
0.0645185 -0.0124794 0.47129 -1.58334
0.0706372 -0.00949164 0.480209 -1.24988
0.0616895 -0.00677487 0.401176 -0.521168
0.0488111 -0.00488547 0.34448 0.0185021
0.0458803 -0.00620336 0.368127 -0.314954
0.0488111 -0.00488547 0.34448 0.0185021
0.0437637 -0.00624617 0.331745 0.0169664
0.0546294 -0.00753021 0.380753 -0.481831
0.069327 -0.0126858 0.505968 -1.39483
0.0384785 -0.00674398 0.304973 0.0140773
0.0560283 -0.0130482 0.456538 -1.22251
0.0419616 -0.0115918 0.364672 -0.489362
0.0546294 -0.00753021 0.380753 -0.481831
0.0677304 -0.0120434 0.48224 -1.58465
0.0650356 -0.00904217 0.451346 -1.10467
0.0535021 -0.01311 0.428041 -0.977826
0.0754331 -0.0153767 0.576853 -2.10669
0.0890019 -0.0141285 0.654745 -2.47343
0.0602943 -0.00784691 0.424813 -0.409089
0.066843 -0.00954606 0.471632 -0.845497
0.0488111 -0.00488547 0.34448 0.0185021
0.0841197 -0.0175118 0.658844 -2.37654
0.047507 -0.00867372 0.394844 -0.334094
0.0655914 -0.0126899 0.478779 -1.15092
0.0568168 -0.0100867 0.407098 -0.494403
0.0580453 -0.0134031 0.472114 -0.92208
0.0672154 -0.0154895 0.519495 -1.32134
0.0382908 -0.00870576 0.326597 0.0157292
0.066843 -0.00954606 0.471632 -0.845497
0.0876286 -0.0171557 0.673087 -2.38941
0.0538572 -0.00352378 0.357195 0.0200083
0.0424595 -0.0078771 0.342468 0.0176559
0.056714 -0.00820974 0.414361 -0.387761
0.054141 -0.00540106 0.385714 -0.272506
0.0740046 -0.00910144 0.491921 -1.26433
0.075335 -0.0117734 0.529867 -1.4136
0.0601089 -0.0103896 0.449163 -0.804931
0.0855222 -0.0176807 0.644904 -1.78001
0.0745299 -0.0148676 0.545847 -1.36882
0.0619416 -0.0104519 0.450136 -0.491311
0.0782073 -0.0145588 0.558969 -1.39121
0.0489817 -0.0108215 0.384817 -0.528219
0.0441056 -0.00866055 0.349395 -0.412294
0.0493372 -0.013839 0.430322 -1.16421
0.0726344 -0.0123521 0.52533 -1.5979
0.041191 -0.00410269 0.289733 0.0130785
0.0565797 -0.00642545 0.358633 -0.531636
0.0350714 -0.00914261 0.329659 -0.34946
0.0476001 -0.00828368 0.359961 -0.437061
0.0525809 -0.00495882 0.353232 -0.461116
0.0600635 -0.00722831 0.416379 -1.12866
0.0525809 -0.00495882 0.353232 -0.461116
0.055641 -0.0100669 0.402808 -0.833142
0.0485805 -0.00402744 0.330548 0.0169298
0.0412395 -0.00692617 0.325372 0.0161839
0.0497132 -0.00866645 0.387482 -0.233572
0.043955 -0.00428676 0.310172 0.0151145
0.0406319 -0.00903814 0.338689 -0.385694
0.0502221 -0.0135528 0.41665 -0.95721
0.0286114 -0.00806783 0.262768 0.26718
0.0511095 -0.00790703 0.370408 -0.460187
0.0682127 -0.0122704 0.49729 -1.87465
0.046246 -0.002747 0.302575 0.0143657
0.0406319 -0.00903814 0.338689 -0.385694
0.0511095 -0.00790703 0.370408 -0.460187
0.0575533 -0.00736637 0.391528 -0.895962
0.0448029 -0.00547678 0.332679 -0.309978
0.066195 -0.00948412 0.453504 -1.65079
0.0486726 -0.00712901 0.335777 -0.569322
0.0546294 -0.00753021 0.380753 -0.481831
0.0469686 -0.0082513 0.357111 -0.510127
0.0598852 -0.012163 0.449229 -1.00414
0.0531412 -0.011123 0.423675 -0.739978
0.0336214 -0.0048581 0.259237 0.242567
0.03619 -0.00828542 0.312609 0.014594
0.0406319 -0.00903814 0.338689 -0.385694
0.0511095 -0.00790703 0.370408 -0.460187
0.0448029 -0.00547678 0.332679 -0.309978
0.0545502 -0.00832401 0.4108 -0.776391
0.0344829 -0.00560145 0.267273 0.0108722
0.0511095 -0.00790703 0.370408 -0.460187
0.242079 -0.0307647 0.05935 -0.262608
0.0498856 -0.00239699 0.319836 0.0161181
0.0616895 -0.00677487 0.401176 -0.521168
0.0622047 -0.0092158 0.426398 -0.882364
0.0531522 -0.00857342 0.403802 -0.365202
0.0594342 -0.0103299 0.435076 -1.11586
0.0754331 -0.0153767 0.576853 -2.10669
0.0655914 -0.0126899 0.478779 -1.15092
0.0567191 -0.0126449 0.438863 -0.993104
0.0653347 -0.0149758 0.506321 -1.71472
0.0384785 -0.00674398 0.304973 0.0140773
0.0473595 -0.00307573 0.313434 0.0154527
0.0575533 -0.00736637 0.391528 -0.895962
0.0618659 -0.00953694 0.44116 -1.09583
0.0349037 -0.00449918 0.259625 0.0105378
0.0618659 -0.00953694 0.44116 -1.09583
0.0807001 -0.0121946 0.576654 -2.2277
0.0650356 -0.00904217 0.451346 -1.10467
0.0546294 -0.00753021 0.380753 -0.481831
0.0435298 -0.00538597 0.317765 0.0155435
0.0460551 -0.00470666 0.324155 0.0162606
0.0754331 -0.0153767 0.576853 -2.10669
0.0566668 -0.0107834 0.437329 -0.779151
0.0594342 -0.0103299 0.435076 -1.11586
0.0489817 -0.0108215 0.384817 -0.528219
0.0497331 -0.0108274 0.386236 -0.452221
0.0346528 -0.00905687 0.309359 0.0138627
0.0566668 -0.0107834 0.437329 -0.779151
0.0477912 -0.00505701 0.34467 -0.341252
0.0650356 -0.00904217 0.451346 -1.10467
0.0368293 -0.00688974 0.295411 0.0130877
0.0754331 -0.0153767 0.576853 -2.10669
0.0581568 -0.00715288 0.391004 -0.502112
0.0807001 -0.0121946 0.576654 -2.2277
0.0510717 -0.00605864 0.378249 -0.349955
0.0618659 -0.00953694 0.44116 -1.09583
0.0589471 -0.00965054 0.41482 -0.859961
0.0395403 -0.00424744 0.28015 0.0121453
0.0718616 -0.0119426 0.511274 -1.89923
0.0423063 -0.00443252 0.300616 0.0141132
0.0476001 -0.00828368 0.359961 -0.437061
0.0625308 -0.0155671 0.499231 -1.74809
0.0334258 -0.00810109 0.292163 0.012578
0.0435298 -0.00538597 0.317765 0.0155435
0.0371912 -0.00295745 0.251976 0.00992659
0.049103 -0.00535446 0.343214 -0.439898
0.0337723 -0.00665805 0.300293 -0.311549
0.0395403 -0.00424744 0.28015 0.0121453
0.0448029 -0.00547678 0.332679 -0.309978
0.0422516 -0.00160533 0.264893 0.0110426
0.0413743 -0.00213804 0.268048 0.0113634
0.0421849 -0.00614507 0.322827 -0.392401
0.0594342 -0.0103299 0.435076 -1.11586
0.0370117 -0.00492453 0.273713 0.0115138
0.0511095 -0.00790703 0.370408 -0.460187
0.049103 -0.00535446 0.343214 -0.439898
0.0372518 -0.0057885 0.287782 0.0127458
0.0361347 -0.00545752 0.276875 0.0117742
0.0443696 -0.0114147 0.375612 -0.91413
0.0511095 -0.00790703 0.370408 -0.460187
0.0574951 -0.00937081 0.404259 -1.24537
0.0450206 -0.00179235 0.2854 0.0129377
0.0337723 -0.00665805 0.300293 -0.311549
0.0456357 -0.00574962 0.333083 -0.417043
0.050975 -0.00498556 0.347108 -0.812984
0.050975 -0.00498556 0.347108 -0.812984
0.0422516 -0.00160533 0.264893 0.0110426
0.0363143 -0.00349049 0.255139 0.0102179
0.0654212 -0.00876632 0.437607 -0.901038
0.0657699 -0.0130055 0.492475 -1.36925
0.0622047 -0.0092158 0.426398 -0.882364
0.0650356 -0.00904217 0.451346 -1.10467
0.0410043 -0.00606509 0.311371 0.0148148
0.0469686 -0.0082513 0.357111 -0.510127
0.0513669 -0.0107694 0.404591 -1.00804
0.0457112 -0.00322202 0.303886 0.0144466
0.038663 -0.00478018 0.283305 0.0124324
0.0437189 -0.00342507 0.296159 0.0137067
0.0183218 -0.000143783 0.170222 0.712198
0.0395403 -0.00424744 0.28015 0.0121453
0.0600635 -0.00722831 0.416379 -1.12866
0.0718616 -0.0119426 0.511274 -1.89923
0.0533226 -0.00494199 0.353444 -0.375055
0.0511095 -0.00790703 0.370408 -0.460187
0.049103 -0.00535446 0.343214 -0.439898
0.0395403 -0.00424744 0.28015 0.0121453
0.041191 -0.00410269 0.289733 0.0130785
0.041191 -0.00410269 0.289733 0.0130785
0.0451768 -0.00523884 0.327293 0.0165951
0.047507 -0.00867372 0.394844 -0.334094
0.0511095 -0.00790703 0.370408 -0.460187
0.0702602 -0.0129521 0.520202 -1.06641
0.0437189 -0.00342507 0.296159 0.0137067
0.0533226 -0.00494199 0.353444 -0.375055
0.0406319 -0.00903814 0.338689 -0.385694
0.0437189 -0.00342507 0.296159 0.0137067
0.0473595 -0.00307573 0.313434 0.0154527
0.0650356 -0.00904217 0.451346 -1.10467
0.0729055 -0.0120849 0.506093 -1.21234
0.0460551 -0.00470666 0.324155 0.0162606
0.0618659 -0.00953694 0.44116 -1.09583
0.0448029 -0.00547678 0.332679 -0.309978
0.0388048 -0.00127802 0.252764 0.301996
0.0435298 -0.00538597 0.317765 0.0155435
0.0451768 -0.00523884 0.327293 0.0165951
0.0463954 -0.00618889 0.344372 0.0181205
0.0496334 -0.00756478 0.371239 -0.360789
0.050118 -0.00325633 0.333794 0.0176436
0.0753343 -0.00926633 0.518979 -0.704358
0.0647389 -0.00244776 0.425097 -0.253889
0.0416765 -0.00536209 0.332561 0.30479
0.0634439 -0.00532143 0.438838 -0.245009
0.0525809 -0.00495882 0.353232 -0.461116
0.0718473 -0.0121591 0.531798 -2.24326
0.0575533 -0.00736637 0.391528 -0.895962
0.0422516 -0.00160533 0.264893 0.0110426
0.0729055 -0.0120849 0.506093 -1.21234
0.0485805 -0.00402744 0.330548 0.0169298
0.0634998 -0.00997632 0.460588 -0.826938
0.0510717 -0.00605864 0.378249 -0.349955
