-0.317395 0.084123 0.000429405 1.99871
0.153232 -0.0341384 0.000580507 1.99418
-11.3841 0.811708 83.3883 -6.36302
-0.107445 -0.00661015 -0.564526 -5.68527
-0.107445 -0.00661015 -0.564526 -5.68527
0.266897 -0.0343834 -0.000624726 2.99702
-1.88633 0.118442 14.5208 -5.84921
-0.869612 0.15232 0.884169 0.820017
0.850104 -0.110324 -1.21198 0.00285294
-2.48579 0.107091 22.1597 -6.82013
0.480506 -0.111343 0.0546171 3.16251
-0.107445 -0.00661015 -0.564526 -5.68527
-0.107445 -0.00661015 -0.564526 -5.68527
0.215683 -0.0312335 -0.0144553 2.87589
9.82406 -0.689002 -90.1288 -8.9343
-3.54921 0.211988 31.4228 -7.34338
-10.1242 0.656861 85.3876 -7.44149
0.0555644 -0.0130152 0.422569 -0.485016
0.0193843 -0.000567494 0.22681 0.748724
-0.222311 0.00496284 0.0159618 1.94107
-0.190361 -0.000725719 0.00110351 2.99649
0.0726367 -0.0155864 0.548303 -1.05799
8.58529 -0.658205 -71.3949 -8.05025
0.0428121 -0.000655802 0.2587 0.35411
0.070509 -0.0153076 0.541988 -1.5264
0.051156 -0.0115587 0.419924 -0.437333
-11.3753 0.788542 87.445 -6.70897
8.46066 -0.666 -66.3973 -7.54835
0.475556 -0.149283 0.305307 -3.78305
0.0468247 -0.00355072 0.314745 0.0155201
0.0580657 -0.00895629 0.449252 -0.38417
0.256933 -0.0314398 0.000369251 1.99315
0.000336809 0.0265668 -0.0919942 2.66345
-10.9459 0.742229 87.0166 -6.981
0.0609903 -0.103535 1.81085 -3.01636
-8.02052 0.872371 26.1195 -2.01645
0.362419 -0.131074 0.467719 -2.83655
0.0786172 -0.0217818 0.681556 -3.03266
0.0286114 -0.00806783 0.262768 0.26718
10.1985 -0.753551 -88.0769 -8.33022
0.246433 -0.0310731 -0.00753972 2.97822
0.0667634 -0.0090253 0.42327 -1.12908
0.274447 -0.0381342 -0.00754937 2.97861
0.0526172 -0.00861376 0.402991 -0.43834
0.360894 -0.101827 -0.0646664 3.55883
0.0997563 -0.0216888 0.884134 -4.20229
0.0502526 -0.00668849 0.375379 0.0217178
0.262021 -0.0346004 0.0502765 -0.308912
-10.4416 0.700589 84.1438 -7.09076
0.0335896 -0.00161282 0.221517 0.494181
7.32583 -0.60915 -52.903 -6.87889
3.47833 -0.359109 -20.3047 -5.5871
-7.99955 0.507256 72.026 -8.10973
0.0277113 0.000460012 0.214825 0.685069
0.197528 -0.0312267 -0.00726324 2.97552
0.0495986 -0.00821663 0.37269 -0.989144
-10.9663 0.730971 89.2792 -7.16397
0.0477912 -0.00505701 0.34467 -0.341252
10.8626 -0.822098 -88.7638 -7.81232
-10.3244 0.702224 81.6432 -6.93771
-9.74613 0.985061 38.3589 -2.82188
11.3437 -0.800847 -105.495 -9.03312
0.0393035 -0.000741734 0.243279 0.420012
11.9089 -0.871376 -102.298 -8.23626
-10.8693 0.705015 92.1936 -7.53315
0.0275544 -0.00462218 0.269592 0.453066
0.0450052 -0.0104847 0.341324 -0.443354
-10.3557 1.02486 42.5998 -3.01604
0.0438086 -0.00327779 0.307214 -0.402996
0.221499 -0.0244788 -0.0245374 2.9279
0.0291886 -0.00328773 0.228216 0.225817
0.0709411 -0.0154037 0.550801 -1.73761
0.0603699 -0.0097144 0.417358 -0.513449
0.210872 -0.020524 -0.0145049 2.95763
0.23349 -0.0304672 0.0489407 -0.251788
0.0740317 -0.0190274 0.627116 -1.90279
11.8556 -0.822131 -112.533 -9.2134
0.0645185 -0.0124794 0.47129 -1.58334
0.0435298 -0.00538597 0.317765 0.0155435
0.603398 -0.176021 0.0376413 2.36223
0.0846626 -0.0177992 0.698949 -3.03688
0.0727589 -0.0141601 0.519917 -1.52161
12.053 -0.855413 -109.933 -8.81914
-11.0919 0.749074 88.5542 -6.99226
0.0700421 -0.0131993 0.53205 -1.36501
0.082575 -0.014789 0.611298 -2.18246
12.3058 -0.826001 -124.149 -9.86125
0.0418192 -0.00461287 0.314475 0.193205
14.0522 -0.941547 -138.736 -9.57117
0.056714 -0.00820974 0.414361 -0.387761
0.0827196 -0.0150707 0.634971 -2.52185
11.5681 -0.842242 -100.933 -8.39986
-10.8629 0.712741 90.753 -7.3695
-10.0172 0.67362 79.2789 -6.88541
-10.9593 0.71012 93.3562 -7.5452
-10.5359 0.709807 84.369 -7.018
0.0692027 -0.010984 0.472976 -1.83711
0.325919 -0.0438095 -0.203963 -0.293494
-9.74806 0.640149 80.7911 -7.31742
12.2725 -0.8337 -121.352 -9.6605
0.0361347 -0.00545752 0.276875 0.0117742
0.242029 -0.0341004 0.00260838 3.08102
0.0267433 -0.00559056 0.240821 0.301746
0.00980139 0.00291654 0.1785 0.85763
0.210085 -0.0227579 -0.0192138 2.94261
0.0747027 -0.015142 0.580279 -2.61391
0.0267592 0.00392521 0.213866 0.650135
9.61373 -0.747404 -75.7978 -7.51601
-0.23428 0.00713375 0.0217886 1.94705
11.5681 -0.842242 -100.933 -8.39986
0.0408043 -0.00333094 0.270959 0.350436
0.0718473 -0.0121591 0.531798 -2.24326
9.65922 -0.739178 -78.3825 -7.76334
8.48971 -0.695926 -61.1227 -6.78257
6.93671 -0.589603 -48.13 -6.5619
-10.4416 0.700589 84.1438 -7.09076
0.0531743 -0.00793708 0.388633 -1.04901
0.218323 -0.0266901 0.00765676 -0.162075
0.0183413 -0.00586616 0.238744 0.551012
9.67379 -0.739198 -78.8383 -7.81024
0.217551 -0.0304993 0.00326038 -0.200745
0.040497 -0.00267107 0.271207 0.0116701
0.0356659 -0.0020422 0.242423 0.271504
8.06652 -0.675471 -56.0553 -6.52787
0.0938716 -0.0215109 0.877438 -4.496
0.0253481 -0.00129283 0.20448 0.621663
0.0305828 -0.00282233 0.230607 0.613722
-9.6968 0.98109 37.8426 -2.77391
8.71546 -0.738858 -58.1642 -6.19244
0.0454693 -0.0112066 0.374772 -0.509352
-0.519844 0.126046 8.12385e-05 1.99982
0.301993 -0.0598435 -0.0007415 -0.49419
-0.0907015 0.0204549 0.36228 0.164092
0.362419 -0.131074 0.467719 -2.83655
0.0120654 -0.00180395 0.173535 0.832233
0.022588 0.00478067 0.166328 0.860118
0.00232187 0.00797703 0.266612 0.673214
0.0790685 -0.0150967 0.594243 -2.14739
0.0466254 -0.00704658 0.358295 0.019633
0.32709 -0.0532695 -0.0851691 -0.42865
12.1999 -0.84495 -115.632 -9.19022
0.055641 -0.0100669 0.402808 -0.833142
0.244309 -0.0338663 -0.0294307 -0.221674
10.9303 -0.798867 -95.5448 -8.44252
11.1696 -0.803515 -99.512 -8.58066
0.362419 -0.131074 0.467719 -2.83655
-10.5768 0.701637 86.1159 -7.15734
0.280867 -0.0367082 -0.00573324 2.98424
6.80616 -0.584757 -46.1943 -6.41819
0.0433204 -0.000655012 0.262266 0.0108472
0.0319537 -0.00627818 0.260829 0.0102227
-10.7263 0.717176 87.3771 -7.19433
0.0755125 -0.0118311 0.546017 -2.26234
0.0448029 -0.00547678 0.332679 -0.309978
0.0593411 -0.0126394 0.469278 -1.24704
-0.331082 -0.0654141 3.66309 -3.49547
12.379 -0.858545 -116.356 -9.08386
-10.258 0.680066 84.3118 -7.25317
0.0416145 -0.00300243 0.282121 0.0126356
-1.21235 0.0982107 6.81331 -3.65621
0.0455315 -0.0093915 0.383407 -0.401203
0.0401267 -0.0065978 0.314522 0.0150978
0.247735 -0.0359657 -0.0995525 -0.219507
-11.3604 0.740391 95.6025 -7.44563
0.334637 -0.0687061 0.0367591 3.11418
11.5681 -0.842242 -100.933 -8.39986
0.187973 -0.0237291 -0.0216821 2.92997
0.0645185 -0.0124794 0.47129 -1.58334
0.0594342 -0.0103299 0.435076 -1.11586
12.4062 -0.863816 -116.426 -9.08916
11.1006 -0.804396 -98.123 -8.52765
0.0437637 -0.00624617 0.331745 0.0169664
-1.60186 0.116902 11.237 -5.31877
0.051883 -0.0097382 0.363465 -0.496717
11.2354 -0.817095 -98.3042 -8.42329
-10.6658 0.725026 84.2639 -6.93015
0.225473 -0.0276597 -0.014375 2.95715
0.0399648 -0.0031474 0.272548 0.0115375
-10.525 0.70312 85.4287 -7.15202
12.2304 -0.833942 -119.226 -9.48484
0.0315573 -0.00505224 0.249086 0.00949924
0.191545 -0.0231992 -0.00531119 2.98313
0.0319537 -0.00627818 0.260829 0.0102227
0.0361347 -0.00545752 0.276875 0.0117742
0.0433749 -0.00499107 0.298035 -0.531373
10.1069 -0.747196 -87.0119 -8.29131
0.0608591 -0.0129038 0.467875 -1.80874
7.76839 -0.670517 -51.0207 -6.1115
-10.3708 0.719534 79.3916 -6.68565
0.038715 -0.00760592 0.318993 0.0153931
0.195965 -0.0237208 -0.00810359 2.97449
10.2363 -0.785851 -81.7069 -7.60458
-0.225864 0.00563457 0.0172231 1.95358
0.180522 -0.0178072 -0.0241885 2.92436
-0.232844 0.00675777 0.0216365 1.94448
0.477295 -0.143654 0.0714976 -4.33631
0.0563916 0.0100035 -0.0745214 2.7332
-13.2235 0.930819 103.448 -6.93474
8.37947 -0.656076 -66.8964 -7.67554
-10.4954 0.679552 89.7643 -7.6244
0.0335099 -0.00273845 0.229407 0.00837933
0.0495986 -0.00821663 0.37269 -0.989144
8.44711 -0.700054 -59.5015 -6.61896
5.18546 -0.48397 -31.6467 -5.77655
11.6468 -0.859288 -98.6298 -8.10814
0.0589471 -0.00965054 0.41482 -0.859961
11.2354 -0.817095 -98.3042 -8.42329
13.3684 -0.884582 -136.903 -10.0043
9.29645 -0.73777 -70.4939 -7.19069
0.228781 -0.0338746 0.0579096 -0.254859
-1.45844 0.133732 8.30405 -4.13237
0.210872 -0.020524 -0.0145049 2.95763
0.0490883 0.00707017 0.000401144 1.9965
0.413428 -0.0539196 -0.33935 -0.451127
0.0779999 -0.0234101 0.879648 -5.9378
0.0370117 -0.00492453 0.273713 0.0115138
0.278412 -0.0857004 -0.0643586 3.49928
0.0324272 0.00451065 0.189765 0.616145
0.0337823 -0.000572751 0.245875 0.392397
0.0487833 -0.00687691 0.335648 -0.361535
0.16809 -0.0157866 -0.0192179 2.93869
10.1918 -0.792756 -79.3231 -7.38313
0.118899 -0.105979 1.36849 -2.56774
-9.80076 0.646779 79.9744 -7.1597
-0.603596 0.153872 -0.00605508 2.01143
0.0788533 -0.0152793 0.612701 -2.44661
0.0855222 -0.0176807 0.644904 -1.78001
0.516197 -0.152026 0.0741248 -4.07644
-4.91352 0.313078 42.3944 -7.4501
-0.435669 0.0759044 0.705948 0.473557
0.0647772 -0.0222781 0.613449 -2.4496
0.0400635 8.71108e-05 0.225522 0.357087
0.630148 -0.180064 0.121363 3.42834
0.0464824 -0.00360875 0.316589 0.015706
-0.519462 0.135486 -0.0444181 2.09897
8.65944 -0.723559 -59.6721 -6.44094
-0.218263 0.00433106 0.0133276 1.96561
-9.93359 0.999405 39.2019 -2.81928
15.326 -1.0341 -146.796 -9.22273
-0.271792 0.0461741 0.600976 0.408857
-0.0316424 -0.0313758 0.316461 0.766326
-0.157455 0.000292727 0.00075601 1.99689
-11.0308 0.73747 90.519 -7.24699
-0.242456 0.00839296 0.02725 1.93881
-8.5629 0.586732 67.4686 -6.79586
0.774773 -0.120868 -0.942821 -1.81054
-1.22614 0.173928 0.967095 1.11368
-0.224291 0.00525267 0.0172253 1.9621
-2.05982 0.179407 5.97647 -1.18055
7.76717 -0.762574 -37.4681 -4.06463
-10.937 0.717943 90.6644 -7.2996
0.0994476 -0.0123484 -0.0188901 2.1349
2.83253 -0.329 -13.5656 -4.51386
0.64419 -0.179764 0.093148 3.52535
-8.25725 0.546186 72.2569 -7.93115
4.57196 -0.293612 -34.6154 -6.47925
