0.0161389 -0.00516641 0.203828 0.589372
0.033681 -0.0120472 0.345092 -0.342674
0.0270758 -0.0110939 0.290172 0.0114073
-1.12177 0.0606464 5.09969 -3.24868
-0.107445 -0.00661015 -0.564526 -5.68527
0.0367015 -0.0116271 0.35685 -0.371365
0.029953 -0.0119046 0.316945 0.0136358
0.028788 -0.0135612 0.354786 -0.276005
0.03699 -0.0148969 0.370901 -0.461871
0.028788 -0.0135612 0.354786 -0.276005
0.0281927 -0.0114246 0.301078 0.012352
-1.25786 0.152632 2.00095 -0.329468
-0.0190944 0.0156128 -0.330003 -2.16959
0.0245494 -0.0117724 0.283767 0.0105716
0.0281927 -0.0114246 0.301078 0.012352
0.033681 -0.0120472 0.345092 -0.342674
0.0270758 -0.0110939 0.290172 0.0114073
0.0258442 -0.0101351 0.272915 0.0102708
0.0405346 -0.017621 0.427904 -1.24739
0.0345596 -0.0141193 0.336241 -0.571039
0.0332908 -0.0128891 0.349485 0.0168163
0.0367015 -0.0116271 0.35685 -0.371365
0.0453189 -0.0173205 0.4356 -1.11745
0.0541287 -0.0192666 0.497924 -1.87728
0.0281289 -0.00859169 0.265226 0.00998844
0.0405346 -0.017621 0.427904 -1.24739
0.0368131 -0.0156358 0.398396 -0.74166
-3.64332 0.243461 27.59 -6.3444
0.0243102 -0.00950295 0.277473 0.328466
0.0516586 -0.0199968 0.49305 -1.371
0.033681 -0.0120472 0.345092 -0.342674
0.0332425 -0.0100657 0.313848 0.014058
0.0504553 -0.0195855 0.483466 -1.84742
0.0368131 -0.0156358 0.398396 -0.74166
0.0315201 -0.0127391 0.333519 -0.418554
0.0434402 -0.0143549 0.391959 -0.897238
0.0390597 -0.0149263 0.389103 -1.05049
0.0280666 -0.0131343 0.323275 -0.394009
0.0319805 -0.0155413 0.359598 -0.949177
0.024793 -0.0121524 0.287611 -0.490379
0.03699 -0.0148969 0.370901 -0.461871
0.0453189 -0.0173205 0.4356 -1.11745
0.028788 -0.0135612 0.354786 -0.276005
0.0159759 -0.00775088 0.233163 0.449331
0.0577758 -0.0189386 0.511903 -1.90169
0.0294201 -0.0123806 0.318277 0.013584
0.0459936 -0.0173815 0.449723 -0.80669
0.0509125 -0.0160266 0.451683 -1.105
0.0354842 -0.0152065 0.373178 -0.990811
0.0280666 -0.0131343 0.323275 -0.394009
0.0245494 -0.0117724 0.283767 0.0105716
0.0453189 -0.0173205 0.4356 -1.11745
0.043166 -0.01684 0.423263 -1.53925
0.0354842 -0.0152065 0.373178 -0.990811
0.0224772 -0.0131714 0.311931 -0.340753
0.0207881 -0.0114899 0.260059 0.00868952
0.0315201 -0.0127391 0.333519 -0.418554
0.0256002 -0.00926871 0.258789 0.00926612
0.0315201 -0.0127391 0.333519 -0.418554
0.0233163 -0.0108126 0.26649 0.0094848
0.0232819 -0.00985867 0.24109 0.267025
0.0245494 -0.0117724 0.283767 0.0105716
0.0256002 -0.00926871 0.258789 0.00926612
0.0315201 -0.0127391 0.333519 -0.418554
0.0228981 -0.0119166 0.274171 0.00962824
0.0280666 -0.0131343 0.323275 -0.394009
0.0234305 -0.0114403 0.272834 0.00969181
0.0283717 -0.00945732 0.279336 0.0110481
0.0281289 -0.00859169 0.265226 0.00998844
0.0315201 -0.0127391 0.333519 -0.418554
0.0345596 -0.0141193 0.336241 -0.571039
0.0280145 -0.0116955 0.297246 -0.508677
0.0296019 -0.0104151 0.296573 0.0122338
0.0306894 -0.0124664 0.333103 -0.311431
0.0270758 -0.0110939 0.290172 0.0114073
0.0256673 -0.0121038 0.294686 0.0114867
0.0232819 -0.00985867 0.24109 0.267025
0.0245494 -0.0117724 0.283767 0.0105716
0.0315201 -0.0127391 0.333519 -0.418554
0.0464728 -0.0164434 0.437923 -1.57731
0.0269628 -0.010467 0.283844 0.0111713
0.0273166 -0.0119584 0.304255 0.0124967
0.0368131 -0.0156358 0.398396 -0.74166
0.0468694 -0.0139686 0.404622 -0.930441
0.0323658 -0.010599 0.317014 0.0142523
0.0552123 -0.0196755 0.506488 -1.39616
0.03699 -0.0148969 0.370901 -0.461871
0.0245494 -0.0117724 0.283767 0.0105716
0.0315201 -0.0127391 0.333519 -0.418554
0.0439092 -0.0172505 0.441824 -1.28149
0.0173889 -0.00747688 0.225612 0.54149
0.0233163 -0.0108126 0.26649 0.0094848
0.0368131 -0.0156358 0.398396 -0.74166
0.0285439 -0.0129142 0.32145 0.0137306
0.0368131 -0.0156358 0.398396 -0.74166
0.0355192 -0.0145551 0.371709 -0.362377
0.0233163 -0.0108126 0.26649 0.0094848
0.0354842 -0.0152065 0.373178 -0.990811
0.0233163 -0.0108126 0.26649 0.0094848
0.0300225 -0.0093129 0.288925 0.0120028
0.0280145 -0.0116955 0.297246 -0.508677
0.0219082 -0.0090634 0.236372 0.00767946
0.0111344 -0.00757312 0.188863 0.504153
0.0180707 -0.0113783 0.240819 0.0071884
0.0230712 -0.00994551 0.252347 0.00853553
0.0370448 -0.014169 0.362849 -1.20587
0.0170791 -0.0067887 0.211159 0.412815
0.024793 -0.0121524 0.287611 -0.490379
0.043166 -0.01684 0.423263 -1.53925
0.023255 -0.0134099 0.294624 0.0108152
0.0245494 -0.0117724 0.283767 0.0105716
0.0258442 -0.0101351 0.272915 0.0102708
0.0197633 -0.0112521 0.250627 0.00803243
0.0206043 -0.0107098 0.247437 0.00796707
0.0206043 -0.0107098 0.247437 0.00796707
0.0211463 -0.00848381 0.240447 0.353233
0.04822 -0.0169161 0.448876 -1.8699
0.0256002 -0.00926871 0.258789 0.00926612
0.0207881 -0.0114899 0.260059 0.00868952
0.0230712 -0.00994551 0.252347 0.00853553
0.0230712 -0.00994551 0.252347 0.00853553
0.0206043 -0.0107098 0.247437 0.00796707
0.0219082 -0.0090634 0.236372 0.00767946
0.0180707 -0.0113783 0.240819 0.0071884
0.0180118 -0.00891311 0.230526 0.388808
0.0224772 -0.0131714 0.311931 -0.340753
0.0220227 -0.0124506 0.277357 0.00972631
0.0280666 -0.0131343 0.323275 -0.394009
0.0224772 -0.0131714 0.311931 -0.340753
0.0319805 -0.0155413 0.359598 -0.949177
0.0245494 -0.0117724 0.283767 0.0105716
0.0315201 -0.0127391 0.333519 -0.418554
0.0300962 -0.00890647 0.281855 -0.534611
0.0230712 -0.00994551 0.252347 0.00853553
0.0207881 -0.0114899 0.260059 0.00868952
0.0224772 -0.0131714 0.311931 -0.340753
0.0306894 -0.0124664 0.333103 -0.311431
0.0328462 -0.0152408 0.357617 -0.51193
0.0211463 -0.00848381 0.240447 0.353233
0.0180118 -0.00891311 0.230526 0.388808
0.0180118 -0.00891311 0.230526 0.388808
0.0254251 -0.0112386 0.280586 0.0104483
0.0280666 -0.0131343 0.323275 -0.394009
0.0258442 -0.0101351 0.272915 0.0102708
0.0150892 -0.00678623 0.191767 0.572387
0.0504209 -0.019472 0.471808 -1.58501
0.0283717 -0.00945732 0.279336 0.0110481
0.0204451 -0.00441002 0.20523 0.652494
0.0256519 -0.00726694 0.229787 0.256167
0.0219082 -0.0090634 0.236372 0.00767946
0.0137441 -0.00701983 0.196258 0.492186
0.0205669 -0.0106397 0.284702 -0.307679
0.0258442 -0.0101351 0.272915 0.0102708
0.0247245 -0.0098025 0.261971 0.00940595
0.0293712 -0.0156434 0.347889 -0.49371
0.0207881 -0.0114899 0.260059 0.00868952
0.0280666 -0.0131343 0.323275 -0.394009
0.0254251 -0.0112386 0.280586 0.0104483
0.0233163 -0.0108126 0.26649 0.0094848
0.0232819 -0.00985867 0.24109 0.267025
0.0102372 -0.00865784 0.212506 0.520305
0.0241919 -0.0102786 0.263304 0.0093634
0.0180118 -0.00891311 0.230526 0.388808
0.0256002 -0.00926871 0.258789 0.00926612
0.0256002 -0.00926871 0.258789 0.00926612
-0.00703752 -0.00202409 0.181975 0.761006
0.0207881 -0.0114899 0.260059 0.00868952
0.0197633 -0.0112521 0.250627 0.00803243
0.0230712 -0.00994551 0.252347 0.00853553
0.0221957 -0.0104795 0.255534 0.00865035
0.0137441 -0.00701983 0.196258 0.492186
0.0207881 -0.0114899 0.260059 0.00868952
0.0180707 -0.0113783 0.240819 0.0071884
0.0183697 -0.0122684 0.25519 0.00801043
0.0137441 -0.00701983 0.196258 0.492186
0.0158667 -0.00831549 0.196892 0.399631
0.020134 -0.00829425 0.208572 0.335933
0.0221957 -0.0104795 0.255534 0.00865035
0.0230712 -0.00994551 0.252347 0.00853553
0.0215449 -0.00903035 0.24278 0.27015
0.020134 -0.00829425 0.208572 0.335933
0.0216089 -0.00817455 0.222015 0.00683166
0.0193746 -0.0097328 0.229764 0.00696563
0.0215772 -0.0126074 0.277836 -0.469942
0.0182345 -0.00938615 0.218597 0.00624629
0.024793 -0.0121524 0.287611 -0.490379
0.0175651 -0.0075733 0.175854 0.325864
0.0180707 -0.0113783 0.240819 0.0071884
0.0167426 -0.0103457 0.22672 0.302077
0.0180707 -0.0113783 0.240819 0.0071884
0.0227561 -0.0117048 0.288245 -0.355361
0.0170791 -0.0067887 0.211159 0.412815
0.016773 -0.00895711 0.20046 0.277529
0.0221957 -0.0104795 0.255534 0.00865035
0.0137441 -0.00701983 0.196258 0.492186
0.0327997 -0.0115889 0.30829 -0.554716
0.0280145 -0.0116955 0.297246 -0.508677
0.0230712 -0.00994551 0.252347 0.00853553
0.0326391 -0.0143961 0.352773 -1.35986
0.0180707 -0.0113783 0.240819 0.0071884
0.0215772 -0.0126074 0.277836 -0.469942
0.0182345 -0.00938615 0.218597 0.00624629
0.0182345 -0.00938615 0.218597 0.00624629
0.0143076 -0.0110703 0.216535 0.00551439
0.0258442 -0.0101351 0.272915 0.0102708
0.0245494 -0.0117724 0.283767 0.0105716
0.040676 -0.0173995 0.418689 -1.04665
0.0256002 -0.00926871 0.258789 0.00926612
0.0148544 -0.00933645 0.220587 0.42639
0.0221957 -0.0104795 0.255534 0.00865035
0.0280666 -0.0131343 0.323275 -0.394009
0.0161389 -0.00516641 0.203828 0.589372
0.022072 -0.00707078 0.214143 0.00660315
0.0207681 -0.00871656 0.225202 0.00692622
0.0127622 -0.00877716 0.187484 0.439855
0.0215772 -0.0126074 0.277836 -0.469942
0.0224772 -0.0131714 0.311931 -0.340753
0.0224772 -0.0131714 0.311931 -0.340753
0.0242344 -0.0103437 0.296677 -0.353527
0.0111344 -0.00757312 0.188863 0.504153
0.0206043 -0.0107098 0.247437 0.00796707
0.0192108 -0.0117261 0.252001 0.0079655
0.0197633 -0.0112521 0.250627 0.00803243
0.0206043 -0.0107098 0.247437 0.00796707
0.0245494 -0.0117724 0.283767 0.0105716
0.0245494 -0.0117724 0.283767 0.0105716
0.0206372 -0.00589367 0.213076 0.493587
0.0536423 -0.0190393 0.482842 -1.58699
0.0233016 -0.00804657 0.231802 0.00759945
0.0216634 -0.0109557 0.256869 0.00859342
0.0182345 -0.00938615 0.218597 0.00624629
0.0111344 -0.00757312 0.188863 0.504153
0.0207881 -0.0114899 0.260059 0.00868952
0.0319805 -0.0155413 0.359598 -0.949177
0.0233163 -0.0108126 0.26649 0.0094848
0.0196573 -0.0136478 0.300733 -0.313247
0.0137441 -0.00701983 0.196258 0.492186
0.0206043 -0.0107098 0.247437 0.00796707
0.016773 -0.00895711 0.20046 0.277529
0.0207881 -0.0114899 0.260059 0.00868952
0.0228981 -0.0119166 0.274171 0.00962824
0.0247245 -0.0098025 0.261971 0.00940595
0.0246795 -0.00826485 0.253113 0.300767
0.0268963 -0.0130608 0.311907 0.012669
0.051156 -0.0115587 0.419924 -0.437333
0.0368795 -0.0097141 0.331073 0.0159673
0.0155247 -0.00473419 0.2265 0.733634
0.0334793 -0.0109279 0.327873 0.0152989
0.0215772 -0.0126074 0.277836 -0.469942
0.0168411 -0.0104018 0.223152 0.00624437
0.0111344 -0.00757312 0.188863 0.504153
0.00987012 -0.00649603 0.145797 0.684176
0.0245494 -0.0117724 0.283767 0.0105716
0.0258442 -0.0101351 0.272915 0.0102708
0.0280666 -0.0131343 0.323275 -0.394009
0.0136978 -0.00567883 0.191194 0.64442
