0.0230773 -0.015378 0.316384 0.0119452
0.0452217 -0.0196312 0.469877 -1.24885
0.0172621 -0.00935252 0.239693 0.263045
0.135362 -0.0702667 -0.00110092 1.98397
-0.220328 0.0046081 0.015496 1.93395
0.0511534 -0.0199877 0.498336 -1.5435
0.0452217 -0.0196312 0.469877 -1.24885
0.0145289 -0.0106728 0.248364 0.420184
0.0257802 -0.0127306 0.301013 0.0117099
0.0348499 -0.0178108 0.385403 -0.53031
0.0247915 -0.0126377 0.297868 0.0116066
-0.107445 -0.00661015 -0.564526 -5.68527
0.0808162 -0.0609806 0.0436989 3.5093
0.016144 -0.00893673 0.210541 0.541674
0.0231415 -0.0127826 0.288288 0.0106117
0.0280666 -0.0131343 0.323275 -0.394009
0.0321072 -0.0145531 0.326866 -0.45786
0.0180118 -0.00891311 0.230526 0.388808
0.0236738 -0.0123064 0.286952 0.0106851
0.213951 -0.0387906 -0.028667 -0.215699
0.0540622 -0.0194708 0.517212 -2.21657
0.0562277 -0.0220691 0.544522 -2.11033
0.0354842 -0.0152065 0.373178 -0.990811
0.0224772 -0.0131714 0.311931 -0.340753
0.0221957 -0.0104795 0.255534 0.00865035
0.060053 -0.0257801 0.692176 -4.00131
0.0205792 -0.0104735 0.233594 0.281782
0.00341226 -0.0105708 0.214184 0.613494
-7.17132 0.451213 61.5623 -7.57016
0.0334772 -0.0152732 0.360463 -0.438819
0.0268963 -0.0130608 0.311907 0.012669
0.0317659 -0.0131932 0.368571 -0.316371
0.0228981 -0.0119166 0.274171 0.00962824
0.0504553 -0.0195855 0.483466 -1.84742
0.0372475 -0.0177597 0.405118 -1.0097
0.0541287 -0.0192666 0.497924 -1.87728
0.0219082 -0.0090634 0.236372 0.00767946
0.016773 -0.00895711 0.20046 0.277529
0.0215772 -0.0126074 0.277836 -0.469942
0.0155371 -0.0120463 0.234195 0.00640083
0.0245494 -0.0117724 0.283767 0.0105716
0.0280666 -0.0131343 0.323275 -0.394009
0.0372475 -0.0177597 0.405118 -1.0097
0.0293712 -0.0156434 0.347889 -0.49371
0.023564 -0.0112785 0.266562 0.28916
0.0268963 -0.0130608 0.311907 0.012669
0.0294201 -0.0123806 0.318277 0.013584
0.0425498 -0.0177753 0.437894 -0.780955
0.0194642 -0.0103624 0.23626 0.00719525
0.0224772 -0.0131714 0.311931 -0.340753
0.0337266 -0.0180573 0.389512 -0.955003
0.0300645 -0.0120178 0.300194 -0.438285
0.024793 -0.0121524 0.287611 -0.490379
0.0196573 -0.0136478 0.300733 -0.313247
0.0167667 -0.0130235 0.25187 0.00735379
0.0167667 -0.0130235 0.25187 0.00735379
0.0206043 -0.0107098 0.247437 0.00796707
0.0224772 -0.0131714 0.311931 -0.340753
0.0209028 -0.012118 0.266411 0.00887652
0.0102372 -0.00865784 0.212506 0.520305
0.0203707 -0.0125944 0.26775 0.00879816
0.0224772 -0.0131714 0.311931 -0.340753
0.0293712 -0.0156434 0.347889 -0.49371
0.0280666 -0.0131343 0.323275 -0.394009
0.024793 -0.0121524 0.287611 -0.490379
0.0224772 -0.0131714 0.311931 -0.340753
0.0216634 -0.0109557 0.256869 0.00859342
0.0247245 -0.0098025 0.261971 0.00940595
0.0244418 -0.00839358 0.242974 0.00838665
0.0396195 -0.0171089 0.404072 -1.45765
0.0158667 -0.00831549 0.196892 0.399631
0.0172297 -0.0119202 0.244004 0.00722724
0.0245494 -0.0117724 0.283767 0.0105716
0.0233163 -0.0108126 0.26649 0.0094848
0.0293712 -0.0156434 0.347889 -0.49371
0.0220227 -0.0124506 0.277357 0.00972631
0.0319805 -0.0155413 0.359598 -0.949177
0.0228981 -0.0119166 0.274171 0.00962824
0.0299799 -0.0156497 0.349903 -0.414112
0.0245494 -0.0117724 0.283767 0.0105716
0.023255 -0.0134099 0.294624 0.0108152
0.0293712 -0.0156434 0.347889 -0.49371
0.0299799 -0.0156497 0.349903 -0.414112
0.0306894 -0.0124664 0.333103 -0.311431
0.0306894 -0.0124664 0.333103 -0.311431
0.0270758 -0.0110939 0.290172 0.0114073
0.052645 -0.0224211 0.531309 -2.09747
0.0218475 -0.0144204 0.299151 0.0108102
0.0167426 -0.0103457 0.22672 0.302077
0.0224772 -0.0131714 0.311931 -0.340753
0.0207881 -0.0114899 0.260059 0.00868952
0.0194956 -0.0131286 0.270942 0.00887044
0.0299799 -0.0156497 0.349903 -0.414112
0.0245494 -0.0117724 0.283767 0.0105716
0.0274521 -0.0131347 0.32131 -0.480327
0.0254251 -0.0112386 0.280586 0.0104483
0.0276866 -0.0149137 0.315918 -0.528337
0.0319805 -0.0155413 0.359598 -0.949177
0.024793 -0.0121524 0.287611 -0.490379
0.0215449 -0.00903035 0.24278 0.27015
0.016773 -0.00895711 0.20046 0.277529
0.0111344 -0.00757312 0.188863 0.504153
0.0146962 -0.0125877 0.237374 0.00641236
0.0152073 -0.0135216 0.257951 -0.423194
0.0180707 -0.0113783 0.240819 0.0071884
0.0196573 -0.0136478 0.300733 -0.313247
0.0194642 -0.0103624 0.23626 0.00719525
0.0145017 -0.0116706 0.215272 0.260565
0.0220227 -0.0124506 0.277357 0.00972631
0.0118267 -0.0098568 0.212742 0.450392
0.0319805 -0.0155413 0.359598 -0.949177
0.0337266 -0.0180573 0.389512 -0.955003
0.0167667 -0.0130235 0.25187 0.00735379
0.0234246 -0.0159834 0.333476 -0.839524
0.0183697 -0.0122684 0.25519 0.00801043
0.0233163 -0.0108126 0.26649 0.0094848
0.0206043 -0.0107098 0.247437 0.00796707
0.0207881 -0.0114899 0.260059 0.00868952
0.0178429 -0.013272 0.261325 0.00795696
0.0234443 -0.0151061 0.304754 -0.488651
0.0215772 -0.0126074 0.277836 -0.469942
0.0155371 -0.0120463 0.234195 0.00640083
0.0183697 -0.0122684 0.25519 0.00801043
0.0143971 -0.0116993 0.223024 0.00569627
0.0337266 -0.0180573 0.389512 -0.955003
0.0105374 -0.0100074 0.217165 0.357834
0.0196573 -0.0136478 0.300733 -0.313247
0.0203707 -0.0125944 0.26775 0.00879816
0.0118267 -0.0098568 0.212742 0.450392
0.0180707 -0.0113783 0.240819 0.0071884
0.024793 -0.0121524 0.287611 -0.490379
0.0230712 -0.00994551 0.252347 0.00853553
0.0206043 -0.0107098 0.247437 0.00796707
0.0183697 -0.0122684 0.25519 0.00801043
0.0145017 -0.0116706 0.215272 0.260565
0.0169681 -0.0138064 0.264522 0.0080027
0.0228981 -0.0119166 0.274171 0.00962824
0.0224772 -0.0131714 0.311931 -0.340753
0.0220227 -0.0124506 0.277357 0.00972631
0.0194956 -0.0131286 0.270942 0.00887044
0.0220227 -0.0124506 0.277357 0.00972631
0.0311206 -0.0145167 0.32612 -0.550485
0.0196573 -0.0136478 0.300733 -0.313247
0.0216634 -0.0109557 0.256869 0.00859342
0.0220227 -0.0124506 0.277357 0.00972631
0.0311206 -0.0145167 0.32612 -0.550485
0.0256673 -0.0121038 0.294686 0.0114867
0.0256002 -0.00926871 0.258789 0.00926612
0.0129004 -0.00611706 0.15786 0.615162
0.0141883 -0.00953224 0.190744 0.313588
0.0185573 -0.0130979 0.268171 -0.451673
0.00609034 -0.00815865 0.164307 0.686502
0.0197633 -0.0112521 0.250627 0.00803243
0.0111344 -0.00757312 0.188863 0.504153
0.0215772 -0.0126074 0.277836 -0.469942
0.0178429 -0.013272 0.261325 0.00795696
0.00898864 -0.0076937 0.173498 0.647228
0.0216634 -0.0109557 0.256869 0.00859342
0.0203707 -0.0125944 0.26775 0.00879816
0.0167426 -0.0103457 0.22672 0.302077
0.0169681 -0.0138064 0.264522 0.0080027
0.0396195 -0.0171089 0.404072 -1.45765
0.0194956 -0.0131286 0.270942 0.00887044
0.0337266 -0.0180573 0.389512 -0.955003
0.0158667 -0.00831549 0.196892 0.399631
0.0180707 -0.0113783 0.240819 0.0071884
0.0145017 -0.0116706 0.215272 0.260565
0.011305 -0.0143451 0.279959 -0.345753
0.0180707 -0.0113783 0.240819 0.0071884
0.0180707 -0.0113783 0.240819 0.0071884
0.00609034 -0.00815865 0.164307 0.686502
0.0145017 -0.0116706 0.215272 0.260565
0.0145017 -0.0116706 0.215272 0.260565
0.0201648 -0.0155423 0.294673 -0.466182
0.0118267 -0.0098568 0.212742 0.450392
0.0127622 -0.00877716 0.187484 0.439855
0.0192108 -0.0117261 0.252001 0.0079655
0.0215772 -0.0126074 0.277836 -0.469942
0.0203707 -0.0125944 0.26775 0.00879816
0.0210672 -0.00960594 0.239564 0.00776941
0.0215772 -0.0126074 0.277836 -0.469942
0.0168411 -0.0104018 0.223152 0.00624437
0.0166772 -0.0123939 0.245374 0.00714433
0.0130036 -0.0127137 0.227565 0.00560216
0.00953951 -0.00974515 0.185305 0.337465
0.0155371 -0.0120463 0.234195 0.00640083
0.00538315 -0.00603637 0.144851 0.737192
0.0118026 -0.0121925 0.204519 0.302926
0.022484 -0.0160195 0.337045 -1.00011
0.0155371 -0.0120463 0.234195 0.00640083
0.0215772 -0.0126074 0.277836 -0.469942
0.0206043 -0.0107098 0.247437 0.00796707
0.0155371 -0.0120463 0.234195 0.00640083
0.0180707 -0.0113783 0.240819 0.0071884
0.00898864 -0.0076937 0.173498 0.647228
0.0158667 -0.00831549 0.196892 0.399631
0.0168411 -0.0104018 0.223152 0.00624437
0.0215772 -0.0126074 0.277836 -0.469942
0.0143076 -0.0110703 0.216535 0.00551439
0.0121628 -0.0132547 0.230739 0.00558508
0.0106343 -0.0113923 0.198752 0.00415383
0.00953951 -0.00974515 0.185305 0.337465
0.00651019 -0.00699126 0.140589 0.700125
0.00572397 -0.0099131 0.173192 0.409153
0.0220227 -0.0124506 0.277357 0.00972631
0.0265041 -0.016027 0.3392 -0.387561
0.0112149 -0.0082773 0.204769 0.62067
0.0233163 -0.0108126 0.26649 0.0094848
0.0180707 -0.0113783 0.240819 0.0071884
0.00270272 -0.00446292 0.150593 0.827389
0.0205792 -0.0104735 0.233594 0.281782
0.0224772 -0.0131714 0.311931 -0.340753
0.0168411 -0.0104018 0.223152 0.00624437
0.0168411 -0.0104018 0.223152 0.00624437
0.0130036 -0.0127137 0.227565 0.00560216
0.011475 -0.0108517 0.195583 0.00416634
0.0167667 -0.0130235 0.25187 0.00735379
0.0145017 -0.0116706 0.215272 0.260565
0.0167426 -0.0103457 0.22672 0.302077
0.0118026 -0.0121925 0.204519 0.302926
0.00702021 -0.0103738 0.208416 0.38584
0.0155371 -0.0120463 0.234195 0.00640083
0.00999643 -0.00907796 0.173802 0.502564
0.0155371 -0.0120463 0.234195 0.00640083
0.0337266 -0.0180573 0.389512 -0.955003
0.0203707 -0.0125944 0.26775 0.00879816
0.0280666 -0.0131343 0.323275 -0.394009
0.0245494 -0.0117724 0.283767 0.0105716
0.0175651 -0.0075733 0.175854 0.325864
0.0168411 -0.0104018 0.223152 0.00624437
0.0201648 -0.0155423 0.294673 -0.466182
0.00396813 -0.00865161 0.172916 0.497249
0.0200087 -0.0163221 0.320329 -0.79803
0.0145017 -0.0116706 0.215272 0.260565
0.0268447 -0.0156438 0.346585 -0.878775
0.0274033 -0.0152499 0.31352 -0.999777
0.00912022 -0.0101661 0.197699 0.516816
0.0183697 -0.0122684 0.25519 0.00801043
0.0145017 -0.0116706 0.215272 0.260565
0.0169306 -0.0110311 0.229644 0.00645038
0.0186205 -0.0136631 0.274137 0.00893242
0.0154277 -0.0137198 0.276089 0.232929
0.0405346 -0.017621 0.427904 -1.24739
-0.120916 0.00980105 0.444353 0.120987
0.0431333 -0.0119887 0.397947 -0.30101
0.0332425 -0.0100657 0.313848 0.014058
0.0183413 -0.00586616 0.238744 0.551012
0.031251 -0.0102695 0.306136 0.0132401
0.0118026 -0.0121925 0.204519 0.302926
0.00572397 -0.0099131 0.173192 0.409153
0.0148602 -0.0105968 0.215167 0.00559036
0.00131683 -0.00561654 0.142034 0.799093
0.0102372 -0.00865784 0.212506 0.520305
0.0319805 -0.0155413 0.359598 -0.949177
0.0148544 -0.00933645 0.220587 0.42639
0.0224772 -0.0131714 0.311931 -0.340753
