0.0503363 -0.0197685 0.50033 -2.17087
0.0253115 -0.0106112 0.274247 0.0102272
0.0223796 -0.0139439 0.297811 0.0109051
-1.78275 0.203811 4.89148 -2.11751
-0.0864619 -0.0203608 0.000910069 1.99367
0.0615599 -0.0227179 0.602643 -2.46732
0.0293523 -0.0153551 0.347657 -0.301864
0.0417017 -0.0201678 0.464541 -1.41455
0.0120424 -0.0105902 0.229208 0.560331
0.0265041 -0.016027 0.3392 -0.387561
0.0205792 -0.0104735 0.233594 0.281782
-0.795212 0.0808986 0.915493 0.524606
1.22639 -0.119166 -7.98485 -5.05851
0.00922469 -0.0109928 0.217815 0.599954
0.0288209 -0.016394 0.3781 -0.811907
0.0270758 -0.0110939 0.290172 0.0114073
0.0211474 -0.0129849 0.280547 0.00981432
0.0244429 -0.0171749 0.364174 -0.362684
0.0337266 -0.0180573 0.389512 -0.955003
-7.54547 0.742169 30.1877 -2.85897
0.016144 -0.00893673 0.210541 0.541674
0.0260786 -0.0143131 0.348658 -0.371098
0.0490034 -0.0227532 0.517199 -2.07606
0.0361192 -0.0205525 0.417439 -0.960676
0.0180887 -0.0141395 0.275478 0.00882871
0.00691905 -0.0102477 0.181214 0.660826
0.0629127 -0.0287829 0.75288 -4.29522
0.18054 -0.0840194 0.390652 -1.66345
3.57188 -0.314675 -26.555 -7.39496
-0.420529 0.0252212 2.23306 -2.33206
0.05942 -0.0254619 0.610694 -2.29758
0.03699 -0.0148969 0.370901 -0.461871
-0.115667 0.00377829 0.578819 -0.293348
0.0299799 -0.0156497 0.349903 -0.414112
0.0152944 -0.0120351 0.251448 0.267035
0.0345596 -0.0141193 0.336241 -0.571039
0.0180707 -0.0113783 0.240819 0.0071884
0.0196739 -0.0138211 0.304197 -0.443465
0.0146962 -0.0125877 0.237374 0.00641236
0.0130036 -0.0127137 0.227565 0.00560216
0.0312058 -0.0190482 0.408924 -0.838443
0.0209723 -0.0149547 0.302342 0.0108808
0.0244429 -0.0171749 0.364174 -0.362684
0.0182728 -0.0176042 0.317759 0.0108872
0.0214396 -0.0170731 0.329085 0.0122662
0.0347255 -0.018698 0.421643 -0.871327
0.0348499 -0.0178108 0.385403 -0.53031
0.0270758 -0.0110939 0.290172 0.0114073
0.0126217 -0.0125796 0.241203 0.300259
0.0234443 -0.0151061 0.304754 -0.488651
0.0182035 -0.0147677 0.281831 0.00899167
0.0206043 -0.0107098 0.247437 0.00796707
0.0183697 -0.0122684 0.25519 0.00801043
0.0167667 -0.0130235 0.25187 0.00735379
0.0133922 -0.0142314 0.248407 0.0064814
0.0118026 -0.0121925 0.204519 0.302926
0.0337166 -0.0183608 0.400144 -1.17203
0.0183697 -0.0122684 0.25519 0.00801043
0.00679255 -0.00899397 0.202564 0.560002
0.0268447 -0.0156438 0.346585 -0.878775
0.0178429 -0.013272 0.261325 0.00795696
0.0194956 -0.0131286 0.270942 0.00887044
0.00679255 -0.00899397 0.202564 0.560002
0.0124488 -0.0106066 0.251546 0.352356
0.0234443 -0.0151061 0.304754 -0.488651
0.0196573 -0.0136478 0.300733 -0.313247
0.0196573 -0.0136478 0.300733 -0.313247
0.0220227 -0.0124506 0.277357 0.00972631
0.0239475 -0.013535 0.31156 -0.458906
0.0183697 -0.0122684 0.25519 0.00801043
0.0302415 -0.0187054 0.38594 -1.12888
0.0105374 -0.0100074 0.217165 0.357834
0.0218475 -0.0144204 0.299151 0.0108102
0.0224772 -0.0131714 0.311931 -0.340753
0.0371473 -0.0179997 0.414167 -1.21175
0.0203707 -0.0125944 0.26775 0.00879816
0.0453636 -0.0228446 0.483917 -1.72599
0.0172297 -0.0119202 0.244004 0.00722724
0.0194956 -0.0131286 0.270942 0.00887044
0.0337266 -0.0180573 0.389512 -0.955003
0.0152944 -0.0120351 0.251448 0.267035
0.0293712 -0.0156434 0.347889 -0.49371
0.0296861 -0.0174632 0.343226 -0.544262
0.0530981 -0.0224819 0.520199 -1.32372
0.0346382 -0.0189012 0.42728 -1.02702
0.0347255 -0.018698 0.421643 -0.871327
0.0223796 -0.0139439 0.297811 0.0109051
0.0186205 -0.0136631 0.274137 0.00893242
0.0194956 -0.0131286 0.270942 0.00887044
0.0431265 -0.0202144 0.453064 -1.77017
0.0276866 -0.0149137 0.315918 -0.528337
0.0224386 -0.0164476 0.328195 -0.453164
0.0152944 -0.0120351 0.251448 0.267035
0.0278227 -0.0185802 0.365277 -0.491602
0.0207294 -0.0140889 0.28823 0.00990959
0.0265041 -0.016027 0.3392 -0.387561
0.0145017 -0.0116706 0.215272 0.260565
0.0178429 -0.013272 0.261325 0.00795696
0.0183748 -0.0127954 0.259984 0.00805066
0.0258442 -0.0101351 0.272915 0.0102708
0.00609034 -0.00815865 0.164307 0.686502
0.0159258 -0.0135651 0.255051 0.00736643
0.0116102 -0.0137277 0.2321 0.00546713
0.0161287 -0.015928 0.282196 -0.537866
0.0167667 -0.0130235 0.25187 0.00735379
0.0153732 -0.0140385 0.256418 0.00726036
0.0166772 -0.0123939 0.245374 0.00714433
0.00999643 -0.00907796 0.173802 0.502564
0.0227939 -0.0150058 0.307827 -0.391789
0.0180422 -0.0165742 0.318382 -0.320861
0.0169681 -0.0138064 0.264522 0.0080027
0.0178429 -0.013272 0.261325 0.00795696
0.00691905 -0.0102477 0.181214 0.660826
0.0142331 -0.0136904 0.245232 0.00649736
0.022484 -0.0160195 0.337045 -1.00011
0.0268447 -0.0156438 0.346585 -0.878775
0.0196739 -0.0138211 0.304197 -0.443465
0.0268447 -0.0156438 0.346585 -0.878775
0.0167667 -0.0130235 0.25187 0.00735379
0.0167667 -0.0130235 0.25187 0.00735379
0.0234246 -0.0159834 0.333476 -0.839524
0.0130036 -0.0127137 0.227565 0.00560216
0.0234246 -0.0159834 0.333476 -0.839524
0.0130036 -0.0127137 0.227565 0.00560216
0.0296861 -0.0174632 0.343226 -0.544262
0.0133922 -0.0142314 0.248407 0.0064814
0.00498185 -0.00921235 0.188604 0.67683
0.0169681 -0.0138064 0.264522 0.0080027
0.0153732 -0.0140385 0.256418 0.00726036
0.0167667 -0.0130235 0.25187 0.00735379
0.0206153 -0.0134612 0.281886 0.00972607
0.0118703 -0.00713583 0.180453 0.626015
0.0180707 -0.0113783 0.240819 0.0071884
0.0267612 -0.0187394 0.362532 -0.873868
0.00630208 -0.010695 0.189635 0.542497
0.0167667 -0.0130235 0.25187 0.00735379
0.0206153 -0.0134612 0.281886 0.00972607
0.0278227 -0.0185802 0.365277 -0.491602
0.0211474 -0.0129849 0.280547 0.00981432
0.00826051 -0.00882683 0.197939 0.638892
0.0152944 -0.0120351 0.251448 0.267035
0.0184476 -0.0156343 0.295961 0.00990727
0.0178429 -0.013272 0.261325 0.00795696
0.0296861 -0.0174632 0.343226 -0.544262
0.0302481 -0.0184055 0.376173 -0.916125
0.0207294 -0.0140889 0.28823 0.00990959
0.0231415 -0.0127826 0.288288 0.0106117
0.0109176 -0.00585047 0.183617 0.721357
0.00898864 -0.0076937 0.173498 0.647228
0.0169306 -0.0110311 0.229644 0.00645038
0.0169306 -0.0110311 0.229644 0.00645038
0.0155371 -0.0120463 0.234195 0.00640083
0.0172297 -0.0119202 0.244004 0.00722724
0.0180707 -0.0113783 0.240819 0.0071884
0.0159258 -0.0135651 0.255051 0.00736643
0.0234246 -0.0159834 0.333476 -0.839524
0.00912022 -0.0101661 0.197699 0.516816
0.0129306 -0.0120296 0.23245 0.420899
0.0302481 -0.0184055 0.376173 -0.916125
0.0145017 -0.0116706 0.215272 0.260565
0.0185573 -0.0130979 0.268171 -0.451673
0.0209527 -0.0161324 0.330145 -0.351298
0.0255125 -0.015571 0.34861 -1.01838
0.0201975 -0.0145656 0.289573 0.00980849
0.0145017 -0.0116706 0.215272 0.260565
0.00702021 -0.0103738 0.208416 0.38584
0.0143971 -0.0116993 0.223024 0.00569627
0.00728931 -0.012395 0.197964 0.333005
0.0145017 -0.0116706 0.215272 0.260565
0.0145017 -0.0116706 0.215272 0.260565
-0.125037 0.00866858 0.412045 0.149479
0.0267612 -0.0187394 0.362532 -0.873868
0.0118636 -0.012367 0.216397 0.00493032
0.0200087 -0.0163221 0.320329 -0.79803
0.00609034 -0.00815865 0.164307 0.686502
0.0141436 -0.0130611 0.23874 0.00631265
0.0105374 -0.0100074 0.217165 0.357834
0.0224386 -0.0164476 0.328195 -0.453164
0.0224386 -0.0164476 0.328195 -0.453164
0.0189116 -0.0108365 0.237635 0.00713844
0.016378 -0.0115049 0.231016 0.00637776
0.0274033 -0.0152499 0.31352 -0.999777
0.0130036 -0.0127137 0.227565 0.00560216
0.00728931 -0.012395 0.197964 0.333005
0.0292408 -0.0205124 0.40222 -1.54067
0.0200087 -0.0163221 0.320329 -0.79803
0.0121628 -0.0132547 0.230739 0.00558508
0.0152073 -0.0135216 0.257951 -0.423194
0.0142331 -0.0136904 0.245232 0.00649736
0.0118026 -0.0121925 0.204519 0.302926
0.0155371 -0.0120463 0.234195 0.00640083
0.00855361 -0.00509198 0.149235 0.789827
0.0145322 -0.0145799 0.259596 0.00725099
0.0166772 -0.0123939 0.245374 0.00714433
0.0136527 -0.0109006 0.208448 0.396304
0.0326391 -0.0143961 0.352773 -1.35986
0.00591414 -0.0080676 0.18569 0.437799
0.0167667 -0.0130235 0.25187 0.00735379
0.0161287 -0.015928 0.282196 -0.537866
0.00572397 -0.0099131 0.173192 0.409153
0.00962944 -0.0139211 0.224096 0.00474029
0.011305 -0.0143451 0.279959 -0.345753
0.005289 -0.00845828 0.168277 0.596823
0.00270012 -0.00892042 0.155715 0.663014
0.00640094 -0.00772081 0.202325 0.673507
0.0209527 -0.0161324 0.330145 -0.351298
0.0167426 -0.0103457 0.22672 0.302077
0.0218475 -0.0144204 0.299151 0.0108102
0.0196573 -0.0136478 0.300733 -0.313247
0.0239475 -0.013535 0.31156 -0.458906
0.0148544 -0.00933645 0.220587 0.42639
-0.181986 0.00804145 0.941651 -1.10537
0.0146962 -0.0125877 0.237374 0.00641236
0.0135623 -0.0115141 0.261263 -0.336719
0.011311 -0.0128402 0.217761 0.00482312
0.0104702 -0.0133806 0.220928 0.00478835
0.022484 -0.0160195 0.337045 -1.00011
0.0145017 -0.0116706 0.215272 0.260565
0.0180707 -0.0113783 0.240819 0.0071884
0.0167667 -0.0130235 0.25187 0.00735379
0.0166772 -0.0123939 0.245374 0.00714433
-0.00228475 -0.00791214 0.152611 0.792917
0.025439 -0.018839 0.36969 -1.03468
0.0167667 -0.0130235 0.25187 0.00735379
0.0112149 -0.0082773 0.204769 0.62067
0.0213203 -0.0110137 0.258724 0.0087553
0.0195532 -0.0100418 0.274001 0.268336
0.016144 -0.00893673 0.210541 0.541674
0.0166772 -0.0123939 0.245374 0.00714433
0.0167667 -0.0130235 0.25187 0.00735379
0.0130036 -0.0127137 0.227565 0.00560216
0.0161287 -0.015928 0.282196 -0.537866
0.0146962 -0.0125877 0.237374 0.00641236
0.0231336 -0.0190764 0.348961 -0.820524
0.0243315 -0.0189377 0.354266 -0.464845
0.0136527 -0.0109006 0.208448 0.396304
0.00702021 -0.0103738 0.208416 0.38584
0.0453436 -0.0230352 0.514564 -2.71831
0.00953951 -0.00974515 0.185305 0.337465
0.0155371 -0.0120463 0.234195 0.00640083
0.0206043 -0.0107098 0.247437 0.00796707
0.0112149 -0.0082773 0.204769 0.62067
0.0624376 -0.0252262 0.644666 -2.62107
0.00982475 -0.00474086 0.185019 0.39714
0.044043 -0.0141433 0.391475 -0.503626
0.012319 -0.00513297 0.217141 0.766465
0.0368131 -0.0156358 0.398396 -0.74166
0.020508 -0.00696529 0.232927 0.520757
0.00728931 -0.012395 0.197964 0.333005
-0.109736 0.00567811 0.378738 0.10058
0.0201648 -0.0155423 0.294673 -0.466182
0.0145611 -0.00970943 0.200829 0.00491212
0.0368246 -0.0230371 0.452847 -1.11079
0.045619 -0.0234361 0.517864 -1.88082
0.0218475 -0.0144204 0.299151 0.0108102
0.0220227 -0.0124506 0.277357 0.00972631
