0.0385249 -0.00956611 0.340582 0.017076
0.0546838 -0.0138388 0.461159 -0.904384
0.070141 -0.0188515 0.595757 -2.28096
-9.39562 0.581673 81.3923 -7.61466
-0.0942459 0.00989317 0.271933 0.200876
0.075335 -0.0117734 0.529867 -1.4136
0.0708654 -0.0151777 0.532688 -1.34555
0.0603699 -0.0097144 0.417358 -0.513449
0.056714 -0.00820974 0.414361 -0.387761
0.0841197 -0.0175118 0.658844 -2.37654
0.0528648 -0.00828161 0.399575 -0.262741
-0.215065 0.00375295 0.0121517 1.9577
-1.28655 0.176729 1.33936 0.601852
0.0399366 -0.00855799 0.336112 0.0168182
0.0438722 -0.00686963 0.338012 0.0173287
0.0434203 -0.00476166 0.311483 0.0151814
0.0735204 -0.01847 0.610122 -2.2961
0.0414135 -0.00951472 0.371702 -0.282082
0.0526954 -0.013449 0.443564 -1.19504
0.0891099 -0.0244075 0.7984 -3.51964
0.0458574 -0.00393449 0.317961 0.254768
0.0634998 -0.00997632 0.460588 -0.826938
0.0593411 -0.0126394 0.469278 -1.24704
0.0435298 -0.00538597 0.317765 0.0155435
0.0546294 -0.00753021 0.380753 -0.481831
0.0437637 -0.00624617 0.331745 0.0169664
0.081984 -0.0205036 0.689248 -2.52975
0.0374026 -0.00286947 0.240701 0.268607
0.0606171 -0.0133841 0.466129 -0.484697
0.0583398 -0.0108208 0.440126 -0.474221
0.0649851 -0.0122688 0.481982 -0.788456
0.0682672 -0.0118315 0.492893 -0.804897
0.070141 -0.0188515 0.595757 -2.28096
0.0414135 -0.00951472 0.371702 -0.282082
0.0454693 -0.0112066 0.374772 -0.509352
0.0568168 -0.0100867 0.407098 -0.494403
0.0756387 -0.0157208 0.601613 -2.46176
0.0682127 -0.0122704 0.49729 -1.87465
0.0406319 -0.00903814 0.338689 -0.385694
0.0608591 -0.0129038 0.467875 -1.80874
0.0460551 -0.00470666 0.324155 0.0162606
0.069327 -0.0126858 0.505968 -1.39483
0.0566668 -0.0107834 0.437329 -0.779151
0.0532705 -0.0104576 0.396727 -0.474037
0.0855222 -0.0176807 0.644904 -1.78001
0.0603699 -0.0097144 0.417358 -0.513449
0.0649851 -0.0122688 0.481982 -0.788456
0.056714 -0.00820974 0.414361 -0.387761
0.0478464 -0.0110662 0.38895 -0.953043
0.0406319 -0.00903814 0.338689 -0.385694
0.0426991 -0.0115642 0.364824 -0.403603
0.0686288 -0.0145624 0.51694 -1.71077
0.0594342 -0.0103299 0.435076 -1.11586
0.0476001 -0.00828368 0.359961 -0.437061
0.0348361 -0.0070923 0.287675 0.0123458
0.0735896 -0.0184412 0.648785 -3.3545
0.0756387 -0.0157208 0.601613 -2.46176
0.0511095 -0.00790703 0.370408 -0.460187
0.0532705 -0.0104576 0.396727 -0.474037
0.0401267 -0.0065978 0.314522 0.0150978
0.047507 -0.00867372 0.394844 -0.334094
0.0531412 -0.011123 0.423675 -0.739978
0.0531412 -0.011123 0.423675 -0.739978
0.0496334 -0.00756478 0.371239 -0.360789
0.0400289 -0.00905642 0.33755 -0.472132
0.0302862 -0.00462705 0.241853 0.387089
0.0526954 -0.013449 0.443564 -1.19504
0.0756387 -0.0157208 0.601613 -2.46176
0.0448339 -0.00375473 0.307038 0.0147156
0.0594342 -0.0103299 0.435076 -1.11586
0.0625308 -0.0155671 0.499231 -1.74809
0.0441056 -0.00866055 0.349395 -0.412294
0.0460551 -0.00470666 0.324155 0.0162606
0.0531522 -0.00857342 0.403802 -0.365202
0.0460551 -0.00470666 0.324155 0.0162606
0.077051 -0.0181326 0.625272 -2.31726
0.0511095 -0.00790703 0.370408 -0.460187
0.0598852 -0.012163 0.449229 -1.00414
0.0465392 -0.00796613 0.359336 -0.331772
0.0511095 -0.00790703 0.370408 -0.460187
0.0414135 -0.00951472 0.371702 -0.282082
0.0380919 -0.00634539 0.287214 0.272269
0.0635825 -0.0158036 0.506243 -1.29598
0.0488111 -0.00488547 0.34448 0.0185021
0.075335 -0.0117734 0.529867 -1.4136
0.0792557 -0.0149736 0.574624 -1.62302
0.0437637 -0.00624617 0.331745 0.0169664
0.0655914 -0.0126899 0.478779 -1.15092
0.047507 -0.00867372 0.394844 -0.334094
0.0546294 -0.00753021 0.380753 -0.481831
0.0418192 -0.00461287 0.314475 0.193205
0.0593411 -0.0126394 0.469278 -1.24704
0.0528648 -0.00828161 0.399575 -0.262741
0.0475212 -0.00984679 0.413936 -0.230254
0.0568168 -0.0100867 0.407098 -0.494403
0.0531522 -0.00857342 0.403802 -0.365202
0.0291555 -0.00629659 0.274984 0.302058
0.0406319 -0.00903814 0.338689 -0.385694
0.0302862 -0.00462705 0.241853 0.387089
0.0546294 -0.00753021 0.380753 -0.481831
0.0521125 -0.00673104 0.345844 -0.588583
0.0448029 -0.00547678 0.332679 -0.309978
0.0438116 -0.0104733 0.342663 -0.542005
0.0630559 -0.0157498 0.516366 -2.07138
0.0645366 -0.0125888 0.482821 -1.84454
0.0547944 -0.0104095 0.418174 -1.0451
0.0399648 -0.0031474 0.272548 0.0115375
0.0625308 -0.0155671 0.499231 -1.74809
0.047507 -0.00867372 0.394844 -0.334094
0.03989 -0.00573588 0.300501 0.0137686
0.0531412 -0.011123 0.423675 -0.739978
0.0412395 -0.00692617 0.325372 0.0161839
0.0321961 -0.00714366 0.274933 0.0113451
0.0319537 -0.00627818 0.260829 0.0102227
0.0350714 -0.00914261 0.329659 -0.34946
0.0645366 -0.0125888 0.482821 -1.84454
0.0448029 -0.00547678 0.332679 -0.309978
0.0521125 -0.00673104 0.345844 -0.588583
0.0350714 -0.00914261 0.329659 -0.34946
0.0608591 -0.0129038 0.467875 -1.80874
0.0546793 -0.0106546 0.427821 -1.24793
0.0608591 -0.0129038 0.467875 -1.80874
0.0441056 -0.00866055 0.349395 -0.412294
0.0336062 -0.00613466 0.27044 0.011108
0.0429032 -0.00657143 0.354343 -0.27455
0.0535021 -0.01311 0.428041 -0.977826
0.0489817 -0.0108215 0.384817 -0.528219
0.0476001 -0.00828368 0.359961 -0.437061
0.0334258 -0.00810109 0.292163 0.012578
0.0443696 -0.0114147 0.375612 -0.91413
0.0434968 -0.00865419 0.347368 -0.491794
0.0476001 -0.00828368 0.359961 -0.437061
0.0594342 -0.0103299 0.435076 -1.11586
0.0763935 -0.0159382 0.645752 -3.41441
0.0344829 -0.00560145 0.267273 0.0108722
0.0608591 -0.0129038 0.467875 -1.80874
0.0546294 -0.00753021 0.380753 -0.481831
0.0568168 -0.0100867 0.407098 -0.494403
0.0568168 -0.0100867 0.407098 -0.494403
0.0635825 -0.0158036 0.506243 -1.29598
0.0657699 -0.0130055 0.492475 -1.36925
0.0593411 -0.0126394 0.469278 -1.24704
0.0593411 -0.0126394 0.469278 -1.24704
0.0531412 -0.011123 0.423675 -0.739978
0.0371778 -0.00837739 0.315745 0.0146649
0.0462079 -0.0111961 0.375607 -0.428801
0.0434716 -0.00836576 0.347189 -0.300219
0.0497132 -0.00866645 0.387482 -0.233572
0.04084 -0.00261328 0.269363 0.0114406
0.0537052 -0.0101158 0.403567 -1.45543
0.0319537 -0.00627818 0.260829 0.0102227
0.036592 -0.0061817 0.311493 -0.33913
0.0594342 -0.0103299 0.435076 -1.11586
0.0594342 -0.0103299 0.435076 -1.11586
0.0593411 -0.0126394 0.469278 -1.24704
0.0384785 -0.00674398 0.304973 0.0140773
0.0511095 -0.00790703 0.370408 -0.460187
0.0410043 -0.00606509 0.311371 0.0148148
0.0476001 -0.00828368 0.359961 -0.437061
0.0476001 -0.00828368 0.359961 -0.437061
0.0438116 -0.0104733 0.342663 -0.542005
0.0359523 -0.00742265 0.29857 0.0133315
0.0666636 -0.0192044 0.578183 -2.23768
0.0765336 -0.018234 0.644119 -2.61982
0.0546294 -0.00753021 0.380753 -0.481831
0.0593411 -0.0126394 0.469278 -1.24704
0.0373632 -0.0064142 0.29409 0.0130613
0.0560283 -0.0130482 0.456538 -1.22251
0.0580282 -0.0102616 0.441326 -1.28014
0.0435298 -0.00538597 0.317765 0.0155435
0.0476001 -0.00828368 0.359961 -0.437061
0.0611795 -0.01286 0.458883 -1.56995
0.0441056 -0.00866055 0.349395 -0.412294
0.0454693 -0.0112066 0.374772 -0.509352
0.0523396 -0.0113474 0.433712 -0.90055
0.0384785 -0.00674398 0.304973 0.0140773
0.0302862 -0.00462705 0.241853 0.387089
0.0302862 -0.00462705 0.241853 0.387089
0.0336062 -0.00613466 0.27044 0.011108
0.0469686 -0.0082513 0.357111 -0.510127
0.057247 -0.00984409 0.422663 -1.53634
0.0679929 -0.012397 0.530681 -2.92882
0.0633894 -0.0158628 0.538608 -2.82627
0.041805 -0.00792388 0.31543 -0.526382
0.0451184 -0.00831216 0.355651 -0.908224
0.0441056 -0.00866055 0.349395 -0.412294
0.0452364 -0.00752662 0.325643 -0.548645
0.0336062 -0.00613466 0.27044 0.011108
0.0486726 -0.00712901 0.335777 -0.569322
0.0347241 -0.00646618 0.28136 0.0120494
0.0321397 -0.00192705 0.230194 0.389998
0.0547944 -0.0104095 0.418174 -1.0451
0.0443696 -0.0114147 0.375612 -0.91413
0.0400289 -0.00905642 0.33755 -0.472132
0.0336062 -0.00613466 0.27044 0.011108
0.0410043 -0.00606509 0.311371 0.0148148
0.0399648 -0.0031474 0.272548 0.0115375
0.0521125 -0.00673104 0.345844 -0.588583
0.0443696 -0.0114147 0.375612 -0.91413
0.0572035 -0.0132171 0.452365 -1.76642
0.0346604 -0.00363309 0.245509 0.00939006
0.0451184 -0.00831216 0.355651 -0.908224
0.0452364 -0.00752662 0.325643 -0.548645
0.0383993 -0.00829433 0.304225 -0.495507
0.0546294 -0.00753021 0.380753 -0.481831
0.0476001 -0.00828368 0.359961 -0.437061
0.0531412 -0.011123 0.423675 -0.739978
0.0435298 -0.00538597 0.317765 0.0155435
0.0535021 -0.01311 0.428041 -0.977826
0.0372518 -0.0057885 0.287782 0.0127458
0.0513669 -0.0107694 0.404591 -1.00804
0.049103 -0.00535446 0.343214 -0.439898
0.0362386 -0.000553781 0.21909 0.299007
0.0395403 -0.00424744 0.28015 0.0121453
0.0308337 -0.00594545 0.249881 0.00935369
0.0503379 -0.0104961 0.389077 -1.41371
0.0476001 -0.00828368 0.359961 -0.437061
0.0547944 -0.0104095 0.418174 -1.0451
0.0594342 -0.0103299 0.435076 -1.11586
0.0361347 -0.00545752 0.276875 0.0117742
0.0395403 -0.00424744 0.28015 0.0121453
0.0434968 -0.00865419 0.347368 -0.491794
0.0441056 -0.00866055 0.349395 -0.412294
0.0389018 -0.00564359 0.297358 0.0137157
0.0497331 -0.0108274 0.386236 -0.452221
0.0531412 -0.011123 0.423675 -0.739978
0.0437637 -0.00624617 0.331745 0.0169664
0.054141 -0.00540106 0.385714 -0.272506
0.049103 -0.00535446 0.343214 -0.439898
0.0477912 -0.00505701 0.34467 -0.341252
0.0348361 -0.0070923 0.287675 0.0123458
0.0441056 -0.00866055 0.349395 -0.412294
0.0423063 -0.00443252 0.300616 0.0141132
0.0435298 -0.00538597 0.317765 0.0155435
0.0435298 -0.00538597 0.317765 0.0155435
0.0547944 -0.0104095 0.418174 -1.0451
0.0435298 -0.00538597 0.317765 0.0155435
0.0395403 -0.00424744 0.28015 0.0121453
0.0397792 -0.00511061 0.294201 0.0134343
0.0476001 -0.00828368 0.359961 -0.437061
0.0435298 -0.00538597 0.317765 0.0155435
0.077051 -0.0181326 0.625272 -2.31726
0.0459463 -0.00408285 0.317882 0.0158746
0.0745299 -0.0148676 0.545847 -1.36882
0.0910499 -0.00807665 0.549644 -0.93646
0.0730839 -0.00376411 0.439449 -0.399827
0.0800889 -0.0149978 0.575138 -1.11255
0.0753343 -0.00926633 0.518979 -0.704358
0.0421849 -0.00614507 0.322827 -0.392401
0.0546793 -0.0106546 0.427821 -1.24793
0.0531743 -0.00793708 0.388633 -1.04901
0.0395403 -0.00424744 0.28015 0.0121453
0.0502257 -0.00387911 0.340049 0.0180413
0.069327 -0.0126858 0.505968 -1.39483
0.069327 -0.0126858 0.505968 -1.39483
0.0546294 -0.00753021 0.380753 -0.481831
