0.0363006 -0.00891031 0.318902 0.0149013
0.03619 -0.00828542 0.312609 0.014594
0.0476299 -0.0146527 0.436993 -0.845794
-7.62966 0.525617 57.4013 -6.61629
-0.0122736 -0.00759032 -0.0607187 3.60109
0.0531522 -0.00857342 0.403802 -0.365202
0.0532705 -0.0104576 0.396727 -0.474037
0.0635825 -0.0158036 0.506243 -1.29598
0.0433376 -0.00734475 0.339326 0.0173659
0.217053 -0.0333683 0.0793187 -0.23383
0.0532705 -0.0104576 0.396727 -0.474037
-0.530717 0.0678739 0.717179 -0.187072
-2.71714 0.166964 19.9975 -6.45769
0.0502221 -0.0135528 0.41665 -0.95721
0.0434968 -0.00865419 0.347368 -0.491794
0.0639793 -0.0161069 0.518914 -1.51432
0.0357668 -0.00938587 0.320225 0.014898
0.0426991 -0.0115642 0.364824 -0.403603
0.0468694 -0.0139686 0.404622 -0.930441
0.247104 -0.0453181 0.0374618 -0.324291
0.0394345 -0.00565885 0.36228 -0.377886
0.047507 -0.00867372 0.394844 -0.334094
0.0382908 -0.00870576 0.326597 0.0157292
0.0497331 -0.0108274 0.386236 -0.452221
0.0497331 -0.0108274 0.386236 -0.452221
0.0489817 -0.0108215 0.384817 -0.528219
0.0639793 -0.0161069 0.518914 -1.51432
0.0400376 -0.0127136 0.387579 -0.448105
0.552623 -0.0860097 -0.555699 -0.820841
0.0532705 -0.0104576 0.396727 -0.474037
0.0672154 -0.0154895 0.519495 -1.32134
0.0708654 -0.0151777 0.532688 -1.34555
0.0493372 -0.013839 0.430322 -1.16421
0.0357668 -0.00938587 0.320225 0.014898
0.044043 -0.0141433 0.391475 -0.503626
0.0475786 -0.0119284 0.409728 -0.41744
0.057247 -0.00984409 0.422663 -1.53634
0.0513669 -0.0107694 0.404591 -1.00804
0.0403579 -0.0108612 0.332273 -0.519366
0.0493372 -0.013839 0.430322 -1.16421
0.0410043 -0.00606509 0.311371 0.0148148
0.0399366 -0.00855799 0.336112 0.0168182
0.0523396 -0.0113474 0.433712 -0.90055
0.0462079 -0.0111961 0.375607 -0.428801
0.258306 -0.0374505 0.00626857 -0.286119
0.0426906 -0.00873572 0.35641 0.0191033
0.0613496 -0.0129473 0.482569 -0.935591
0.0708654 -0.0151777 0.532688 -1.34555
0.0459482 -0.014216 0.416806 -1.12978
0.038472 -0.0119487 0.353637 -0.462405
0.038472 -0.0119487 0.353637 -0.462405
0.0368293 -0.00688974 0.295411 0.0130877
0.0608591 -0.0129038 0.467875 -1.80874
0.0478464 -0.0110662 0.38895 -0.953043
0.0321607 -0.00958459 0.317905 -0.319019
0.0365693 -0.00945868 0.327653 -0.451053
0.0560283 -0.0130482 0.456538 -1.22251
0.0489817 -0.0108215 0.384817 -0.528219
0.0384785 -0.00674398 0.304973 0.0140773
0.0406319 -0.00903814 0.338689 -0.385694
0.0462079 -0.0111961 0.375607 -0.428801
0.03619 -0.00828542 0.312609 0.014594
0.0535021 -0.01311 0.428041 -0.977826
0.0489817 -0.0108215 0.384817 -0.528219
0.0308989 -0.00877932 0.285752 0.0118171
0.038472 -0.0119487 0.353637 -0.462405
0.0308989 -0.00877932 0.285752 0.0118171
0.0372518 -0.0057885 0.287782 0.0127458
0.0395403 -0.00424744 0.28015 0.0121453
0.0441056 -0.00866055 0.349395 -0.412294
0.0493372 -0.013839 0.430322 -1.16421
0.0344829 -0.00560145 0.267273 0.0108722
0.0444436 -0.00909321 0.383353 -0.308928
0.0410043 -0.00606509 0.311371 0.0148148
0.0549474 -0.0135226 0.448161 -0.727296
0.0374134 -0.00923862 0.329751 0.0159718
0.0454693 -0.0112066 0.374772 -0.509352
0.0666636 -0.0192044 0.578183 -2.23768
0.0441056 -0.00866055 0.349395 -0.412294
0.0535021 -0.01311 0.428041 -0.977826
0.0400257 -0.0123904 0.38614 -0.273766
0.0357668 -0.00938587 0.320225 0.014898
0.0476299 -0.0146527 0.436993 -0.845794
0.0672154 -0.0154895 0.519495 -1.32134
0.0555291 -0.00748152 0.379194 -0.392002
0.0568168 -0.0100867 0.407098 -0.494403
0.0489817 -0.0108215 0.384817 -0.528219
0.0497331 -0.0108274 0.386236 -0.452221
0.0313047 -0.00301566 0.253994 0.414442
0.0401267 -0.0065978 0.314522 0.0150978
0.0549474 -0.0135226 0.448161 -0.727296
0.0294956 -0.00572912 0.265677 0.4104
0.0408144 -0.00802539 0.332964 0.0165518
0.0286993 -0.00425532 0.260768 0.542367
0.0549474 -0.0135226 0.448161 -0.727296
0.0672779 -0.0157073 0.530735 -1.5235
0.0403579 -0.0108612 0.332273 -0.519366
0.0459482 -0.014216 0.416806 -1.12978
0.0286114 -0.00806783 0.262768 0.26718
0.0547944 -0.0104095 0.418174 -1.0451
0.0513669 -0.0107694 0.404591 -1.00804
0.0441056 -0.00866055 0.349395 -0.412294
0.0296678 -0.00782093 0.268501 0.0106333
0.0459482 -0.014216 0.416806 -1.12978
0.0478464 -0.0110662 0.38895 -0.953043
0.0630559 -0.0157498 0.516366 -2.07138
0.0406319 -0.00903814 0.338689 -0.385694
0.0319537 -0.00627818 0.260829 0.0102227
0.0598921 -0.0160865 0.492182 -1.26419
0.0346528 -0.00905687 0.309359 0.0138627
0.0406319 -0.00903814 0.338689 -0.385694
0.0535021 -0.01311 0.428041 -0.977826
0.0368334 -0.0119353 0.346061 -0.802401
0.0283717 -0.00945732 0.279336 0.0110481
0.0296678 -0.00782093 0.268501 0.0106333
0.0478464 -0.0110662 0.38895 -0.953043
0.038663 -0.00478018 0.283305 0.0124324
0.0513669 -0.0107694 0.404591 -1.00804
0.0459482 -0.014216 0.416806 -1.12978
0.0350714 -0.00914261 0.329659 -0.34946
0.0344829 -0.00560145 0.267273 0.0108722
0.0591711 -0.0159771 0.496689 -1.99868
0.0336062 -0.00613466 0.27044 0.011108
0.0285482 -0.00748835 0.257558 0.00975283
0.0526954 -0.013449 0.443564 -1.19504
0.0308989 -0.00877932 0.285752 0.0118171
0.0594397 -0.0158467 0.483269 -1.72305
0.0312185 -0.00746818 0.271396 0.248156
0.033681 -0.0120472 0.345092 -0.342674
0.0408616 -0.0117511 0.362143 -0.872325
0.0365693 -0.00945868 0.327653 -0.451053
0.0359523 -0.00742265 0.29857 0.0133315
0.0513669 -0.0107694 0.404591 -1.00804
0.0478464 -0.0110662 0.38895 -0.953043
0.0321607 -0.00958459 0.317905 -0.319019
0.0337723 -0.00665805 0.300293 -0.311549
0.0410043 -0.00606509 0.311371 0.0148148
0.038715 -0.00760592 0.318993 0.0153931
0.0489817 -0.0108215 0.384817 -0.528219
0.0454693 -0.0112066 0.374772 -0.509352
0.0535021 -0.01311 0.428041 -0.977826
0.0406319 -0.00903814 0.338689 -0.385694
0.0426991 -0.0115642 0.364824 -0.403603
0.0454693 -0.0112066 0.374772 -0.509352
0.0367015 -0.0116271 0.35685 -0.371365
0.0334258 -0.00810109 0.292163 0.012578
0.0454693 -0.0112066 0.374772 -0.509352
0.038715 -0.00760592 0.318993 0.0153931
0.0346604 -0.00363309 0.245509 0.00939006
0.0383993 -0.00829433 0.304225 -0.495507
0.0294243 -0.00695472 0.254382 0.0095658
0.0450175 -0.0103749 0.37225 -1.32218
0.0625308 -0.0155671 0.499231 -1.74809
0.0454693 -0.0112066 0.374772 -0.509352
0.0406319 -0.00903814 0.338689 -0.385694
0.0312185 -0.00746818 0.271396 0.248156
0.03619 -0.00828542 0.312609 0.014594
0.0526954 -0.013449 0.443564 -1.19504
0.0348361 -0.0070923 0.287675 0.0123458
0.0502221 -0.0135528 0.41665 -0.95721
0.0296019 -0.0104151 0.296573 0.0122338
0.0317754 -0.00824598 0.282582 0.0116219
0.0308989 -0.00877932 0.285752 0.0118171
0.0454693 -0.0112066 0.374772 -0.509352
0.038663 -0.00478018 0.283305 0.0124324
0.0406319 -0.00903814 0.338689 -0.385694
0.0350714 -0.00914261 0.329659 -0.34946
0.0321961 -0.00714366 0.274933 0.0113451
0.0526954 -0.013449 0.443564 -1.19504
0.0441056 -0.00866055 0.349395 -0.412294
0.0400289 -0.00905642 0.33755 -0.472132
0.0321961 -0.00714366 0.274933 0.0113451
0.0334258 -0.00810109 0.292163 0.012578
0.0408616 -0.0117511 0.362143 -0.872325
0.0348361 -0.0070923 0.287675 0.0123458
0.0310773 -0.0068116 0.264001 0.0104342
0.0310773 -0.0068116 0.264001 0.0104342
0.0308989 -0.00877932 0.285752 0.0118171
0.0365693 -0.00945868 0.327653 -0.451053
0.0359523 -0.00742265 0.29857 0.0133315
0.0344829 -0.00560145 0.267273 0.0108722
0.0337723 -0.00665805 0.300293 -0.311549
0.0331234 -0.00986181 0.31767 -0.428465
0.0349666 -0.00871721 0.294689 -0.476067
0.0308337 -0.00594545 0.249881 0.00935369
0.0319537 -0.00627818 0.260829 0.0102227
0.0308337 -0.00594545 0.249881 0.00935369
0.0294243 -0.00695472 0.254382 0.0095658
0.0350714 -0.00914261 0.329659 -0.34946
0.0331234 -0.00986181 0.31767 -0.428465
0.041805 -0.00792388 0.31543 -0.526382
0.0344829 -0.00560145 0.267273 0.0108722
0.0294243 -0.00695472 0.254382 0.0095658
0.0321607 -0.00958459 0.317905 -0.319019
0.0408616 -0.0117511 0.362143 -0.872325
0.036592 -0.0061817 0.311493 -0.33913
0.0289833 -0.00235058 0.22026 0.427589
0.0357804 -0.0039659 0.256457 0.0102779
0.0331234 -0.00986181 0.31767 -0.428465
0.0310773 -0.0068116 0.264001 0.0104342
0.027761 -0.00443324 0.211922 0.296702
0.0308337 -0.00594545 0.249881 0.00935369
0.0308337 -0.00594545 0.249881 0.00935369
0.0368334 -0.0119353 0.346061 -0.802401
0.038715 -0.00760592 0.318993 0.0153931
0.0359523 -0.00742265 0.29857 0.0133315
0.0560283 -0.0130482 0.456538 -1.22251
0.0441056 -0.00866055 0.349395 -0.412294
0.038472 -0.0119487 0.353637 -0.462405
0.0323087 -0.00777018 0.281256 0.0116227
0.0493372 -0.013839 0.430322 -1.16421
0.0611795 -0.01286 0.458883 -1.56995
0.0332502 -0.00464194 0.249999 0.00968731
0.0572035 -0.0132171 0.452365 -1.76642
0.0368334 -0.0119353 0.346061 -0.802401
0.0485531 -0.013649 0.420269 -1.64315
0.0348361 -0.0070923 0.287675 0.0123458
0.0347241 -0.00646618 0.28136 0.0120494
0.0370117 -0.00492453 0.273713 0.0115138
0.038472 -0.0119487 0.353637 -0.462405
0.0347241 -0.00646618 0.28136 0.0120494
0.0321607 -0.00958459 0.317905 -0.319019
0.0321961 -0.00714366 0.274933 0.0113451
0.0319537 -0.00627818 0.260829 0.0102227
0.0360023 -0.0102471 0.334231 0.016192
0.0302862 -0.00462705 0.241853 0.387089
0.0399366 -0.00855799 0.336112 0.0168182
0.0404179 -0.00374024 0.275717 0.265009
0.0421849 -0.00614507 0.322827 -0.392401
0.0349037 -0.00449918 0.259625 0.0105378
0.029781 -0.00844784 0.274832 0.0108918
0.0310773 -0.0068116 0.264001 0.0104342
0.0361347 -0.00545752 0.276875 0.0117742
0.0368293 -0.00688974 0.295411 0.0130877
0.0513669 -0.0107694 0.404591 -1.00804
0.0302862 -0.00462705 0.241853 0.387089
0.0359523 -0.00742265 0.29857 0.0133315
0.0336062 -0.00613466 0.27044 0.011108
0.0336062 -0.00613466 0.27044 0.011108
0.0478464 -0.0110662 0.38895 -0.953043
0.0371778 -0.00837739 0.315745 0.0146649
0.0625308 -0.0155671 0.499231 -1.74809
0.0476001 -0.00828368 0.359961 -0.437061
0.0580453 -0.0134031 0.472114 -0.92208
0.0711077 -0.00675811 0.455596 -0.466421
0.0707733 -0.00892422 0.47199 -0.712185
0.0589839 -0.0107551 0.439822 -0.400775
0.0638892 -0.00748436 0.435162 -0.429254
0.0337723 -0.00665805 0.300293 -0.311549
0.0324871 -0.00580247 0.259505 0.010202
0.0406319 -0.00903814 0.338689 -0.385694
0.0322063 -0.00438593 0.240487 0.00900964
0.0414285 -0.00496527 0.303767 0.0144205
0.0384785 -0.00674398 0.304973 0.0140773
0.0384785 -0.00674398 0.304973 0.0140773
0.0412395 -0.00692617 0.325372 0.0161839
