0.0406319 -0.00903814 0.338689 -0.385694
0.0297146 -0.00312309 0.2348 0.544288
0.0502221 -0.0135528 0.41665 -0.95721
-1.81264 0.0711355 12.3724 -4.93911
0.177037 -0.0852931 0.0755232 3.66155
0.280272 -0.0384988 -0.00824335 -0.32174
0.0566668 -0.0107834 0.437329 -0.779151
0.0613496 -0.0129473 0.482569 -0.935591
0.0737444 -0.0148545 0.552305 -1.52605
0.044982 -0.00719594 0.348818 0.018485
0.047507 -0.00867372 0.394844 -0.334094
0.279636 -0.104998 0.0788004 3.49946
-0.623247 0.0535195 0.83457 -0.0228475
0.0639793 -0.0161069 0.518914 -1.51432
0.0250003 0.000286322 0.205524 0.76159
0.0421174 -0.00639353 0.322224 0.0158951
0.0359523 -0.00742265 0.29857 0.0133315
0.0371778 -0.00837739 0.315745 0.0146649
0.0502221 -0.0135528 0.41665 -0.95721
0.0718965 -0.024242 0.614277 -1.48909
0.297872 -0.0411111 -0.0740387 -0.298498
0.0497132 -0.00866645 0.387482 -0.233572
0.0497331 -0.0108274 0.386236 -0.452221
0.077051 -0.0181326 0.625272 -2.31726
0.0672779 -0.0157073 0.530735 -1.5235
0.0635825 -0.0158036 0.506243 -1.29598
0.0792643 -0.0207903 0.65631 -2.24598
0.0193825 -0.000637802 0.186669 0.829326
0.075163 -0.0121392 0.631324 -4.18937
0.0708654 -0.0151777 0.532688 -1.34555
0.0477324 -0.00737119 0.369062 0.0208553
0.0560456 -0.00789668 0.411463 -0.289993
0.0359523 -0.00742265 0.29857 0.0133315
0.0565313 -0.0164814 0.480599 -1.25057
0.0476299 -0.0146527 0.436993 -0.845794
0.0580453 -0.0134031 0.472114 -0.92208
0.0496607 -0.00718573 0.337335 -0.483602
0.0486726 -0.00712901 0.335777 -0.569322
0.0350714 -0.00914261 0.329659 -0.34946
0.0478464 -0.0110662 0.38895 -0.953043
0.0672779 -0.0157073 0.530735 -1.5235
0.0598852 -0.012163 0.449229 -1.00414
0.0435298 -0.00538597 0.317765 0.0155435
0.0497331 -0.0108274 0.386236 -0.452221
0.0649851 -0.0122688 0.481982 -0.788456
0.0684529 -0.0160739 0.545668 -1.1887
0.0601089 -0.0103896 0.449163 -0.804931
0.0745299 -0.0148676 0.545847 -1.36882
0.0443696 -0.0114147 0.375612 -0.91413
0.0312185 -0.00746818 0.271396 0.248156
0.0334258 -0.00810109 0.292163 0.012578
0.0469686 -0.0082513 0.357111 -0.510127
0.0476001 -0.00828368 0.359961 -0.437061
0.0441056 -0.00866055 0.349395 -0.412294
0.0319537 -0.00627818 0.260829 0.0102227
0.0493372 -0.013839 0.430322 -1.16421
0.0476001 -0.00828368 0.359961 -0.437061
0.0410043 -0.00606509 0.311371 0.0148148
0.0735204 -0.01847 0.610122 -2.2961
0.0625308 -0.0155671 0.499231 -1.74809
0.0424595 -0.0078771 0.342468 0.0176559
0.0560283 -0.0130482 0.456538 -1.22251
0.0410043 -0.00606509 0.311371 0.0148148
0.0598852 -0.012163 0.449229 -1.00414
0.0350714 -0.00914261 0.329659 -0.34946
0.0350714 -0.00914261 0.329659 -0.34946
0.0333557 -0.0102732 0.351328 -0.311953
0.0243487 5.38104e-05 0.20652 0.713762
0.0509321 -0.00864631 0.397915 -0.740203
0.0476001 -0.00828368 0.359961 -0.437061
0.0361347 -0.00545752 0.276875 0.0117742
0.0512886 -0.0110299 0.413962 -1.21131
0.0566668 -0.0107834 0.437329 -0.779151
0.047507 -0.00867372 0.394844 -0.334094
0.0566668 -0.0107834 0.437329 -0.779151
0.0408144 -0.00802539 0.332964 0.0165518
0.0363739 -0.00518619 0.289332 0.327903
0.0441056 -0.00866055 0.349395 -0.412294
0.0401267 -0.0065978 0.314522 0.0150978
0.0476001 -0.00828368 0.359961 -0.437061
0.0374134 -0.00923862 0.329751 0.0159718
0.0535021 -0.01311 0.428041 -0.977826
0.0368293 -0.00688974 0.295411 0.0130877
0.0655914 -0.0126899 0.478779 -1.15092
0.0634998 -0.00997632 0.460588 -0.826938
0.0745299 -0.0148676 0.545847 -1.36882
0.0765336 -0.018234 0.644119 -2.61982
0.0593411 -0.0126394 0.469278 -1.24704
0.0421174 -0.00639353 0.322224 0.0158951
0.0566668 -0.0107834 0.437329 -0.779151
0.0410163 -0.00591718 0.299569 0.231654
0.0431333 -0.0119887 0.397947 -0.30101
0.0613496 -0.0129473 0.482569 -0.935591
0.0598852 -0.012163 0.449229 -1.00414
0.0433376 -0.00734475 0.339326 0.0173659
0.0568168 -0.0100867 0.407098 -0.494403
0.0312185 -0.00746818 0.271396 0.248156
0.0476299 -0.0146527 0.436993 -0.845794
0.0334258 -0.00810109 0.292163 0.012578
0.224369 -0.0307835 0.0180209 -0.208474
0.0547944 -0.0104095 0.418174 -1.0451
0.0547944 -0.0104095 0.418174 -1.0451
0.0321275 -0.00973608 0.302968 0.0130521
0.0350714 -0.00914261 0.329659 -0.34946
0.0608591 -0.0129038 0.467875 -1.80874
0.0513669 -0.0107694 0.404591 -1.00804
0.0372518 -0.0057885 0.287782 0.0127458
0.0503379 -0.0104961 0.389077 -1.41371
0.0531412 -0.011123 0.423675 -0.739978
0.0382908 -0.00870576 0.326597 0.0157292
0.0489817 -0.0108215 0.384817 -0.528219
0.0441056 -0.00866055 0.349395 -0.412294
0.0192006 -0.00481707 0.21541 0.543751
0.0321607 -0.00958459 0.317905 -0.319019
0.0308337 -0.00594545 0.249881 0.00935369
0.0338142 -0.00446664 0.255691 0.328892
0.0352731 -0.00149757 0.240113 0.354406
0.0486726 -0.00712901 0.335777 -0.569322
0.0350714 -0.00914261 0.329659 -0.34946
0.0406319 -0.00903814 0.338689 -0.385694
0.0452364 -0.00752662 0.325643 -0.548645
0.0478464 -0.0110662 0.38895 -0.953043
0.0512886 -0.0110299 0.413962 -1.21131
0.0319537 -0.00627818 0.260829 0.0102227
0.0635825 -0.0158036 0.506243 -1.29598
0.0359523 -0.00742265 0.29857 0.0133315
0.0601713 -0.016238 0.497995 -1.43898
0.0441056 -0.00866055 0.349395 -0.412294
0.0350714 -0.00914261 0.329659 -0.34946
0.038472 -0.0119487 0.353637 -0.462405
0.0347241 -0.00646618 0.28136 0.0120494
0.0441056 -0.00866055 0.349395 -0.412294
0.0395403 -0.00424744 0.28015 0.0121453
0.0513669 -0.0107694 0.404591 -1.00804
0.0443696 -0.0114147 0.375612 -0.91413
0.035601 -0.00593302 0.278195 0.0118074
0.0686288 -0.0145624 0.51694 -1.71077
0.0703027 -0.0150705 0.543826 -2.10735
0.0598852 -0.012163 0.449229 -1.00414
0.0560283 -0.0130482 0.456538 -1.22251
0.0410043 -0.00606509 0.311371 0.0148148
0.0388248 -0.00823034 0.325277 0.0157189
0.0395925 -0.00707304 0.315839 0.0151281
0.0395925 -0.00707304 0.315839 0.0151281
0.0419616 -0.0115918 0.364672 -0.489362
0.0587136 -0.0155631 0.470249 -1.45634
0.0441056 -0.00866055 0.349395 -0.412294
0.0593411 -0.0126394 0.469278 -1.24704
0.0433749 -0.00499107 0.298035 -0.531373
0.041805 -0.00792388 0.31543 -0.526382
0.0319537 -0.00627818 0.260829 0.0102227
0.0332502 -0.00464194 0.249999 0.00968731
0.0531412 -0.011123 0.423675 -0.739978
0.0547944 -0.0104095 0.418174 -1.0451
0.0601713 -0.016238 0.497995 -1.43898
0.0373632 -0.0064142 0.29409 0.0130613
0.0653347 -0.0149758 0.506321 -1.71472
0.0489817 -0.0108215 0.384817 -0.528219
0.0384785 -0.00674398 0.304973 0.0140773
0.0373632 -0.0064142 0.29409 0.0130613
0.0286114 -0.00806783 0.262768 0.26718
0.0347241 -0.00646618 0.28136 0.0120494
0.0417878 -0.0123996 0.395596 -0.802044
0.0397792 -0.00511061 0.294201 0.0134343
0.0448029 -0.00547678 0.332679 -0.309978
0.0489817 -0.0108215 0.384817 -0.528219
0.0344829 -0.00560145 0.267273 0.0108722
0.0594397 -0.0158467 0.483269 -1.72305
0.0507356 -0.00969402 0.363125 -0.58231
0.0547944 -0.0104095 0.418174 -1.0451
0.0361347 -0.00545752 0.276875 0.0117742
0.0336214 -0.0048581 0.259237 0.242567
0.0526954 -0.013449 0.443564 -1.19504
0.0348361 -0.0070923 0.287675 0.0123458
0.0472712 -0.0100842 0.352942 -0.562918
0.0344829 -0.00560145 0.267273 0.0108722
0.0347241 -0.00646618 0.28136 0.0120494
0.0321961 -0.00714366 0.274933 0.0113451
0.0350714 -0.00914261 0.329659 -0.34946
0.0361347 -0.00545752 0.276875 0.0117742
0.0452364 -0.00752662 0.325643 -0.548645
0.0452364 -0.00752662 0.325643 -0.548645
0.0383993 -0.00829433 0.304225 -0.495507
0.0319537 -0.00627818 0.260829 0.0102227
0.0319537 -0.00627818 0.260829 0.0102227
0.0308616 -0.00335705 0.226367 0.303494
0.0336062 -0.00613466 0.27044 0.011108
0.0365693 -0.00945868 0.327653 -0.451053
0.0359523 -0.00742265 0.29857 0.0133315
0.0225008 -0.00432604 0.222351 0.521676
0.036592 -0.0061817 0.311493 -0.33913
0.0370117 -0.00492453 0.273713 0.0115138
0.0321607 -0.00958459 0.317905 -0.319019
0.0403579 -0.0108612 0.332273 -0.519366
0.0321961 -0.00714366 0.274933 0.0113451
0.064398 -0.0127654 0.499382 -2.1651
0.0374333 -0.00382276 0.266074 0.0111446
0.0441056 -0.00866055 0.349395 -0.412294
0.0307198 -0.00531782 0.243538 0.00908811
0.0322063 -0.00438593 0.240487 0.00900964
0.0323737 -0.00517544 0.253172 0.00992152
0.0336062 -0.00613466 0.27044 0.011108
0.041805 -0.00792388 0.31543 -0.526382
0.0294243 -0.00695472 0.254382 0.0095658
0.0509321 -0.00864631 0.397915 -0.740203
0.038715 -0.00760592 0.318993 0.0153931
0.0547944 -0.0104095 0.418174 -1.0451
0.0410043 -0.00606509 0.311371 0.0148148
0.0493372 -0.013839 0.430322 -1.16421
0.0336062 -0.00613466 0.27044 0.011108
0.0406319 -0.00903814 0.338689 -0.385694
0.0408942 -0.00544033 0.305081 0.0144716
0.0342588 -0.0013075 0.208234 0.337325
0.0452364 -0.00752662 0.325643 -0.548645
0.0408616 -0.0117511 0.362143 -0.872325
0.0443696 -0.0114147 0.375612 -0.91413
0.0370117 -0.00492453 0.273713 0.0115138
0.0336214 -0.0048581 0.259237 0.242567
0.0547944 -0.0104095 0.418174 -1.0451
0.041805 -0.00792388 0.31543 -0.526382
0.0513669 -0.0107694 0.404591 -1.00804
0.0443696 -0.0114147 0.375612 -0.91413
0.0336062 -0.00613466 0.27044 0.011108
0.0370117 -0.00492453 0.273713 0.0115138
0.0385249 -0.00956611 0.340582 0.017076
0.038715 -0.00760592 0.318993 0.0153931
0.0444436 -0.00909321 0.383353 -0.308928
0.0454641 -0.00972783 0.416108 -0.299144
0.04108 -0.00347733 0.283431 0.0127226
0.0399648 -0.0031474 0.272548 0.0115375
0.0350714 -0.00914261 0.329659 -0.34946
0.0502221 -0.0135528 0.41665 -0.95721
0.038663 -0.00478018 0.283305 0.0124324
0.0384785 -0.00674398 0.304973 0.0140773
0.0448029 -0.00547678 0.332679 -0.309978
0.0434968 -0.00865419 0.347368 -0.491794
0.0476001 -0.00828368 0.359961 -0.437061
0.0372518 -0.0057885 0.287782 0.0127458
0.0373632 -0.0064142 0.29409 0.0130613
0.038663 -0.00478018 0.283305 0.0124324
0.0410043 -0.00606509 0.311371 0.0148148
0.0645778 -0.0121872 0.454552 -1.31416
0.0384353 -0.0025148 0.277098 0.329709
0.0392976 -0.00466471 0.298574 0.303787
0.0863397 -0.0113061 0.549279 -0.87512
0.0773618 -0.00808181 0.494752 -0.751721
0.086018 -0.0172499 0.613565 -1.48712
0.0830381 -0.0148239 0.598233 -1.28158
0.0452364 -0.00752662 0.325643 -0.548645
0.0309091 -0.00083322 0.187102 0.528643
0.0421849 -0.00614507 0.322827 -0.392401
0.0344829 -0.00560145 0.267273 0.0108722
0.0916937 -0.0184035 0.768455 -3.855
0.0756387 -0.0157208 0.601613 -2.46176
0.043955 -0.00428676 0.310172 0.0151145
0.0655914 -0.0126899 0.478779 -1.15092
