0.0508693 -0.0096921 0.4294 -0.34697
0.0899705 -0.0178584 0.710987 -2.84907
0.0462734 -0.011588 0.409564 -0.326466
-0.107445 -0.00661015 -0.564526 -5.68527
-4.12233 0.175624 39.3017 -7.97006
0.0839311 -0.0111791 0.546668 -1.29453
0.0873271 -0.0241048 0.767158 -2.95138
0.0765735 -0.0117827 0.519659 -1.2409
0.0541886 -0.00499998 0.377281 0.0221004
0.067438 -0.00933248 0.460377 -0.689721
0.056714 -0.00820974 0.414361 -0.387761
0.0358916 -0.0490259 -7.98378e-05 1.99939
-3.47287 0.415952 7.98926 -0.936191
0.0485805 -0.00402744 0.330548 0.0169298
0.102386 -0.0205636 0.813945 -3.38174
0.0656406 -0.00692642 0.435994 -0.700857
0.0485805 -0.00402744 0.330548 0.0169298
0.0737444 -0.0148545 0.552305 -1.52605
0.0497331 -0.0108274 0.386236 -0.452221
-5.18413 0.27802 48.1001 -7.89013
-7.92706 0.498534 70.1568 -7.79112
0.0524114 -0.00171807 0.326235 0.0167726
0.0414135 -0.00951472 0.371702 -0.282082
0.0634998 -0.00997632 0.460588 -0.826938
0.0725736 -0.0122786 0.517476 -1.40315
0.0636218 -0.0104962 0.47654 -1.02518
0.0601089 -0.0103896 0.449163 -0.804931
-9.38192 0.85183 45.5726 -3.77652
6.21412 -0.486259 -50.878 -8.12858
0.0513365 -0.00420616 0.35087 0.0190954
0.0948193 -0.0164778 0.702094 -2.419
0.0818696 -0.0118352 0.548816 -0.995112
0.0460551 -0.00470666 0.324155 0.0162606
0.0806337 -0.0178352 0.64233 -2.34975
0.0321865 -0.00277975 0.250209 0.487961
0.0602943 -0.00784691 0.424813 -0.409089
0.0594342 -0.0103299 0.435076 -1.11586
0.0618659 -0.00953694 0.44116 -1.09583
0.0417878 -0.0123996 0.395596 -0.802044
0.0580282 -0.0102616 0.441326 -1.28014
0.0729055 -0.0120849 0.506093 -1.21234
0.0745299 -0.0148676 0.545847 -1.36882
0.0792557 -0.0149736 0.574624 -1.62302
0.0496334 -0.00756478 0.371239 -0.360789
0.0513365 -0.00420616 0.35087 0.0190954
0.0500259 -0.00583284 0.361504 0.0201158
0.0912061 -0.0167917 0.685673 -2.39157
0.311568 -0.0418006 -0.0168721 -0.394913
0.0429032 -0.00657143 0.354343 -0.27455
0.0594342 -0.0103299 0.435076 -1.11586
0.0749166 -0.0211259 0.655482 -2.47602
0.0827196 -0.0150707 0.634971 -2.52185
0.0505858 -0.00885596 0.404997 -0.899338
0.0846838 -0.0175644 0.702259 -3.4264
0.0509125 -0.0160266 0.451683 -1.105
0.0410043 -0.00606509 0.311371 0.0148148
0.0590423 -0.00711944 0.390173 -0.417469
0.0654212 -0.00876632 0.437607 -0.901038
0.069327 -0.0126858 0.505968 -1.39483
0.0434203 -0.00476166 0.311483 0.0151814
0.0460551 -0.00470666 0.324155 0.0162606
0.0613496 -0.0129473 0.482569 -0.935591
0.0601089 -0.0103896 0.449163 -0.804931
0.082575 -0.014789 0.611298 -2.18246
0.0594342 -0.0103299 0.435076 -1.11586
0.0465392 -0.00796613 0.359336 -0.331772
0.0373632 -0.0064142 0.29409 0.0130613
0.0745299 -0.0148676 0.545847 -1.36882
0.069327 -0.0126858 0.505968 -1.39483
0.0650356 -0.00904217 0.451346 -1.10467
0.0806107 -0.0214879 0.769591 -4.29003
0.0434203 -0.00476166 0.311483 0.0151814
0.059751 -0.00789026 0.423744 -0.47957
0.075335 -0.0117734 0.529867 -1.4136
0.0782073 -0.0145588 0.558969 -1.39121
0.0561789 -0.00826643 0.413789 -0.46173
0.0528648 -0.00828161 0.399575 -0.262741
0.0613496 -0.0129473 0.482569 -0.935591
0.069327 -0.0126858 0.505968 -1.39483
0.0460551 -0.00470666 0.324155 0.0162606
0.0634998 -0.00997632 0.460588 -0.826938
0.0785846 -0.0180999 0.595484 -1.60657
0.0583284 -0.0131162 0.459653 -0.749978
0.0638892 -0.00748436 0.435162 -0.429254
0.0640725 -0.00973048 0.448582 -0.665175
0.097762 -0.0174 0.748506 -2.92281
0.0497331 -0.0108274 0.386236 -0.452221
0.0489929 -0.00692682 0.39749 -0.22617
0.0702881 -0.013192 0.529448 -1.23005
0.054141 -0.00540106 0.385714 -0.272506
0.0782073 -0.0145588 0.558969 -1.39121
0.0566668 -0.0107834 0.437329 -0.779151
0.0888108 -0.017548 0.6765 -2.02857
0.0820201 -0.0180344 0.63072 -1.75864
0.0625949 -0.0103982 0.4503 -0.421086
0.0765735 -0.0117827 0.519659 -1.2409
0.0613422 -0.00985307 0.454446 -1.30794
0.0672154 -0.0154895 0.519495 -1.32134
0.0376012 -0.00727693 0.30813 0.0143361
0.0737011 -0.0118793 0.492183 -1.02612
0.0521125 -0.00673104 0.345844 -0.588583
0.046246 -0.002747 0.302575 0.0143657
0.0243036 -0.00575518 0.227484 0.422693
0.238472 -0.0343231 -0.0104523 -0.242275
0.0575533 -0.00736637 0.391528 -0.895962
0.0618659 -0.00953694 0.44116 -1.09583
0.0388048 -0.00127802 0.252764 0.301996
0.0352731 -0.00149757 0.240113 0.354406
0.056714 -0.00820974 0.414361 -0.387761
0.0429032 -0.00657143 0.354343 -0.27455
0.069327 -0.0126858 0.505968 -1.39483
0.0646301 -0.0094325 0.467202 -1.33176
0.0476001 -0.00828368 0.359961 -0.437061
0.0414135 -0.00951472 0.371702 -0.282082
0.0370672 -0.00775231 0.309449 0.0143529
0.0725736 -0.0122786 0.517476 -1.40315
0.0448029 -0.00547678 0.332679 -0.309978
0.0737444 -0.0148545 0.552305 -1.52605
0.0443696 -0.0114147 0.375612 -0.91413
0.0594342 -0.0103299 0.435076 -1.11586
0.0575533 -0.00736637 0.391528 -0.895962
0.0422516 -0.00160533 0.264893 0.0110426
0.0756387 -0.0157208 0.601613 -2.46176
0.0441056 -0.00866055 0.349395 -0.412294
0.0455201 -0.00518165 0.325466 0.0163299
0.0444436 -0.00909321 0.383353 -0.308928
0.0435298 -0.00538597 0.317765 0.0155435
0.0511095 -0.00790703 0.370408 -0.460187
0.0414285 -0.00496527 0.303767 0.0144205
0.0593411 -0.0126394 0.469278 -1.24704
0.0284553 -0.000923485 0.215861 0.574406
0.0790685 -0.0150967 0.594243 -2.14739
0.0437189 -0.00342507 0.296159 0.0137067
0.045368 -0.00327941 0.305719 0.0146995
0.0598765 -0.018405 0.521096 -1.85859
0.0594342 -0.0103299 0.435076 -1.11586
0.0515324 -0.00224981 0.329361 0.0171685
0.0545894 -0.0056829 0.388677 -0.373171
0.0745299 -0.0148676 0.545847 -1.36882
0.0460551 -0.00470666 0.324155 0.0162606
0.0841197 -0.0175118 0.658844 -2.37654
0.0566668 -0.0107834 0.437329 -0.779151
0.0708654 -0.0151777 0.532688 -1.34555
0.0692451 -0.0123874 0.492473 -1.18243
0.0546294 -0.00753021 0.380753 -0.481831
0.0657699 -0.0130055 0.492475 -1.36925
0.0532705 -0.0104576 0.396727 -0.474037
0.0861242 -0.0144547 0.626364 -2.20511
0.0718616 -0.0119426 0.511274 -1.89923
0.0525809 -0.00495882 0.353232 -0.461116
0.0347241 -0.00646618 0.28136 0.0120494
0.0510188 -0.00425753 0.321354 -0.49337
0.0735308 -0.00885251 0.482693 -1.72088
0.0827196 -0.0150707 0.634971 -2.52185
0.0545502 -0.00832401 0.4108 -0.776391
0.0677304 -0.0120434 0.48224 -1.58465
0.0460551 -0.00470666 0.324155 0.0162606
0.0568168 -0.0100867 0.407098 -0.494403
0.0462876 -0.00556593 0.338115 0.0177397
0.0788533 -0.0152793 0.612701 -2.44661
0.0754331 -0.0153767 0.576853 -2.10669
0.0613496 -0.0129473 0.482569 -0.935591
0.0546838 -0.0138388 0.461159 -0.904384
0.0725736 -0.0122786 0.517476 -1.40315
0.0622047 -0.0092158 0.426398 -0.882364
0.0581568 -0.00715288 0.391004 -0.502112
0.0630559 -0.0157498 0.516366 -2.07138
0.0431843 -0.00390019 0.297472 0.0137799
0.0533226 -0.00494199 0.353444 -0.375055
0.048773 -0.00206887 0.30899 0.0149999
0.0788533 -0.0152793 0.612701 -2.44661
0.0545502 -0.00832401 0.4108 -0.776391
0.0756387 -0.0157208 0.601613 -2.46176
0.0686288 -0.0145624 0.51694 -1.71077
0.0477912 -0.00505701 0.34467 -0.341252
0.0657699 -0.0130055 0.492475 -1.36925
0.0546294 -0.00753021 0.380753 -0.481831
0.0593411 -0.0126394 0.469278 -1.24704
0.0469686 -0.0082513 0.357111 -0.510127
0.0790685 -0.0150967 0.594243 -2.14739
0.0395403 -0.00424744 0.28015 0.0121453
0.0422516 -0.00160533 0.264893 0.0110426
0.0535767 -0.0135252 0.436234 -1.71704
0.0645366 -0.0125888 0.482821 -1.84454
0.0486726 -0.00712901 0.335777 -0.569322
0.0575533 -0.00736637 0.391528 -0.895962
0.0475886 -0.00464329 0.31066 -0.466349
0.0681855 -0.0122337 0.507843 -2.48646
0.0682127 -0.0122704 0.49729 -1.87465
0.0476001 -0.00828368 0.359961 -0.437061
0.0718473 -0.0121591 0.531798 -2.24326
0.0525809 -0.00495882 0.353232 -0.461116
0.0594342 -0.0103299 0.435076 -1.11586
0.0397215 -0.00228141 0.258435 0.0104972
0.0560283 -0.0130482 0.456538 -1.22251
0.0558975 -0.00541041 0.395182 -0.800844
0.0580282 -0.0102616 0.441326 -1.28014
0.0525809 -0.00495882 0.353232 -0.461116
0.0443511 -0.0117159 0.385447 -1.127
0.0448029 -0.00547678 0.332679 -0.309978
0.0521125 -0.00673104 0.345844 -0.588583
0.050975 -0.00498556 0.347108 -0.812984
0.0580282 -0.0102616 0.441326 -1.28014
0.0346992 -0.00348455 0.233222 0.283293
0.0706372 -0.00949164 0.480209 -1.24988
0.0448339 -0.00375473 0.307038 0.0147156
0.0581548 -0.00799656 0.423685 -0.811228
0.082575 -0.014789 0.611298 -2.18246
0.0618659 -0.00953694 0.44116 -1.09583
0.0460551 -0.00470666 0.324155 0.0162606
0.0344184 -0.00258672 0.263965 0.382011
0.0686043 -0.00830547 0.448514 -0.916662
0.0422516 -0.00160533 0.264893 0.0110426
0.046246 -0.002747 0.302575 0.0143657
0.027761 -0.00443324 0.211922 0.296702
0.0547944 -0.0104095 0.418174 -1.0451
0.0618659 -0.00953694 0.44116 -1.09583
0.0609858 -0.00698212 0.404245 -0.929584
0.069327 -0.0126858 0.505968 -1.39483
0.041191 -0.00410269 0.289733 0.0130785
0.0565797 -0.00642545 0.358633 -0.531636
0.0509321 -0.00864631 0.397915 -0.740203
0.0424918 -0.00246934 0.278962 0.012344
0.0575533 -0.00736637 0.391528 -0.895962
0.067438 -0.00933248 0.460377 -0.689721
0.0502257 -0.00387911 0.340049 0.0180413
0.0488111 -0.00488547 0.34448 0.0185021
0.0822401 -0.0110898 0.50454 -0.917969
0.353716 -0.0480206 -0.189039 -0.396973
0.0595695 -0.00421538 0.374386 -0.508183
0.0347241 -0.00646618 0.28136 0.0120494
0.0710414 -0.0116361 0.49352 -1.58898
0.0545894 -0.0056829 0.388677 -0.373171
0.0678996 -0.00900384 0.479661 -1.35227
0.246265 -0.030709 0.0025373 -0.243048
0.0457112 -0.00322202 0.303886 0.0144466
0.0484718 -0.00340374 0.324276 0.0165693
0.0581568 -0.00715288 0.391004 -0.502112
0.0950455 -0.0183908 0.862007 -4.72161
0.0650356 -0.00904217 0.451346 -1.10467
0.0661158 -0.00639117 0.41164 -0.463254
0.0652622 -0.00456816 0.41952 -0.436231
0.0538572 -0.00352378 0.357195 0.0200083
0.0549052 -9.25971e-05 0.31943 0.284635
0.0666853 -0.000965763 0.402657 0.0255501
0.0910499 -0.00807665 0.549644 -0.93646
0.066218 -0.0100403 0.460662 -0.440252
0.0664662 -0.000115309 0.388902 0.0236415
0.0427366 -0.00108071 0.262413 0.26838
0.0609858 -0.00698212 0.404245 -0.929584
0.0462729 -0.00259524 0.317514 -0.317712
0.0510188 -0.00425753 0.321354 -0.49337
0.0690613 -0.00653479 0.447775 -0.72643
0.0789107 -0.0114332 0.542298 -1.43085
0.070144 -0.00910189 0.482354 -0.861114
0.0529766 -0.00158124 0.31121 0.237075
