0.255438 -0.0373744 0.0390666 -0.275703
-3.63355 0.226573 31.5373 -7.26306
0.0655914 -0.0126899 0.478779 -1.15092
-0.107445 -0.00661015 -0.564526 -5.68527
-0.221726 0.00491862 0.0156964 1.95663
0.0948193 -0.0164778 0.702094 -2.419
0.072039 -0.0177572 0.567522 -1.46464
0.0815822 -0.014133 0.569684 -1.39719
0.0393296 -0.00150302 0.30494 0.459525
0.0782073 -0.0145588 0.558969 -1.39121
0.0530994 -0.00747851 0.401708 0.0246784
-0.107445 -0.00661015 -0.564526 -5.68527
0.28099 -0.101171 -0.00967016 1.96446
0.0790685 -0.0150967 0.594243 -2.14739
0.0502257 -0.00387911 0.340049 0.0180413
0.054141 -0.00540106 0.385714 -0.272506
0.0471661 -0.00503382 0.33498 0.0174015
0.0547439 -0.0111896 0.430055 -0.456243
0.0784737 -0.0208231 0.672569 -2.50475
-12.1879 0.762678 109.818 -8.05836
13.2507 -0.905415 -128.512 -9.4261
0.0581305 -0.00530974 0.399028 -0.395257
0.0489817 -0.0108215 0.384817 -0.528219
0.0745299 -0.0148676 0.545847 -1.36882
0.0654212 -0.00876632 0.437607 -0.901038
0.0533226 -0.00494199 0.353444 -0.375055
0.047507 -0.00867372 0.394844 -0.334094
5.09357 -0.44456 -34.6009 -6.5672
-12.3799 0.909787 87.2122 -6.05864
0.0528648 -0.00828161 0.399575 -0.262741
0.0828499 -0.0141754 0.562184 -1.2552
0.057796 -0.00183733 0.359141 0.0202064
0.0487084 -0.0067904 0.407773 -0.803411
0.0547439 -0.0111896 0.430055 -0.456243
0.0417291 -0.0103087 0.365294 0.0194649
-10.7984 0.689589 92.834 -7.60204
0.220999 -0.029145 -0.0197647 2.88074
0.0575533 -0.00736637 0.391528 -0.895962
0.0259502 -0.00286714 0.212343 0.45216
0.0441056 -0.00866055 0.349395 -0.412294
0.0485805 -0.00402744 0.330548 0.0169298
0.056714 -0.00820974 0.414361 -0.387761
0.0435965 -0.00267802 0.320853 0.303713
0.0528648 -0.00828161 0.399575 -0.262741
0.0970247 -0.0206872 0.772305 -2.86069
0.0491468 -0.00636461 0.364628 0.0204679
0.264975 -0.03703 0.0695385 -0.326558
0.0527493 -0.00319864 0.346415 0.0187828
0.0448029 -0.00547678 0.332679 -0.309978
0.0509321 -0.00864631 0.397915 -0.740203
0.0371778 -0.00837739 0.315745 0.0146649
0.0293791 0.000729752 0.227741 0.591096
0.0448029 -0.00547678 0.332679 -0.309978
0.0496334 -0.00756478 0.371239 -0.360789
0.0614402 -0.0188323 0.546912 -2.26692
0.0593411 -0.0126394 0.469278 -1.24704
0.0833313 -0.0174425 0.669252 -2.61064
0.069327 -0.0126858 0.505968 -1.39483
0.0601089 -0.0103896 0.449163 -0.804931
0.047507 -0.00867372 0.394844 -0.334094
0.255438 -0.0373744 0.0390666 -0.275703
0.0778188 -0.0186937 0.647781 -2.20565
0.0708654 -0.0151777 0.532688 -1.34555
0.0531522 -0.00857342 0.403802 -0.365202
0.0429952 -0.00586114 0.319079 0.0155966
0.0511095 -0.00790703 0.370408 -0.460187
0.0338142 -0.00446664 0.255691 0.328892
-0.336176 0.0330332 1.84249 -1.90672
0.0629748 -0.00582553 0.385556 -1.06464
0.0650356 -0.00904217 0.451346 -1.10467
0.0526954 -0.013449 0.443564 -1.19504
0.0511095 -0.00790703 0.370408 -0.460187
0.229694 -0.0301463 0.0697309 -0.243323
0.0640725 -0.00973048 0.448582 -0.665175
0.236149 -0.0333041 0.1056 -0.294861
0.0920535 -0.0206455 0.762113 -3.05298
0.0450477 -0.0076643 0.392499 -0.384219
0.0526172 -0.00861376 0.402991 -0.43834
0.0526172 -0.00861376 0.402991 -0.43834
0.0790685 -0.0150967 0.594243 -2.14739
-11.3025 0.747533 93.008 -7.24855
0.0547439 -0.0111896 0.430055 -0.456243
0.0494464 -0.0111885 0.420997 -0.350274
0.0776303 -0.0123396 0.546565 -1.12035
0.0725736 -0.0122786 0.517476 -1.40315
0.0815822 -0.014133 0.569684 -1.39719
0.0497331 -0.0108274 0.386236 -0.452221
0.047397 -0.00589216 0.348917 0.0189169
0.0654212 -0.00876632 0.437607 -0.901038
0.0890019 -0.0141285 0.654745 -2.47343
0.0662098 -0.00858165 0.425239 -0.724059
0.234988 -0.0337799 0.0600806 -0.264606
0.0485992 -0.00837294 0.387841 0.0227981
0.0575035 -0.0114643 0.472101 -0.734335
0.052341 -0.00710023 0.389202 0.023054
0.0491468 -0.00636461 0.364628 0.0204679
0.0511095 -0.00790703 0.370408 -0.460187
0.0531412 -0.011123 0.423675 -0.739978
0.0440155 -0.0122993 0.399462 -0.396512
0.0590423 -0.00711944 0.390173 -0.417469
0.0645778 -0.0121872 0.454552 -1.31416
0.0862061 -0.0178265 0.688098 -3.11635
0.0443696 -0.0114147 0.375612 -0.91413
0.0544252 -0.00987722 0.393347 -1.23362
0.242328 -0.0319284 -0.0288702 -0.235539
0.0613422 -0.00985307 0.454446 -1.30794
0.0575533 -0.00736637 0.391528 -0.895962
0.0270785 0.000190992 0.215158 0.639132
0.0590423 -0.00711944 0.390173 -0.417469
0.0862061 -0.0178265 0.688098 -3.11635
0.0833313 -0.0174425 0.669252 -2.61064
0.0555291 -0.00748152 0.379194 -0.392002
-9.94724 0.65758 81.1668 -7.17736
0.0373632 -0.0064142 0.29409 0.0130613
0.0377568 -0.0091813 0.327919 0.0157332
0.0458803 -0.00620336 0.368127 -0.314954
0.0790171 -0.0150772 0.628367 -3.13191
0.0689551 -0.0126766 0.511693 -1.57158
0.0334258 -0.00810109 0.292163 0.012578
0.0509321 -0.00864631 0.397915 -0.740203
0.0486889 -0.00536196 0.340195 -0.518607
0.0765336 -0.018234 0.644119 -2.61982
0.0521125 -0.00673104 0.345844 -0.588583
0.0373632 -0.0064142 0.29409 0.0130613
0.0431645 -0.00319727 0.285344 0.239961
0.0469686 -0.0082513 0.357111 -0.510127
0.0594342 -0.0103299 0.435076 -1.11586
0.0496334 -0.00756478 0.371239 -0.360789
0.0486726 -0.00712901 0.335777 -0.569322
0.0488507 -0.0117076 0.421074 -0.869558
0.0598921 -0.0160865 0.492182 -1.26419
0.0431645 -0.00319727 0.285344 0.239961
0.040661 -0.00612268 0.313207 0.015061
0.0393035 -0.000741734 0.243279 0.420012
0.0334258 -0.00810109 0.292163 0.012578
0.236057 -0.0312437 -0.00300292 0.662711
0.0634998 -0.00997632 0.460588 -0.826938
0.0488111 -0.00488547 0.34448 0.0185021
0.0792557 -0.0149736 0.574624 -1.62302
0.0566668 -0.0107834 0.437329 -0.779151
0.0455201 -0.00518165 0.325466 0.0163299
0.0451768 -0.00523884 0.327293 0.0165951
0.0511095 -0.00790703 0.370408 -0.460187
0.0677304 -0.0120434 0.48224 -1.58465
0.0435298 -0.00538597 0.317765 0.0155435
0.0546294 -0.00753021 0.380753 -0.481831
0.0672154 -0.0154895 0.519495 -1.32134
0.0616895 -0.00677487 0.401176 -0.521168
0.069568 -0.00929453 0.480887 -1.96146
0.0477912 -0.00505701 0.34467 -0.341252
0.0478464 -0.0110662 0.38895 -0.953043
0.0436201 -0.00691346 0.357944 -0.389671
0.0833313 -0.0174425 0.669252 -2.61064
0.0852751 -0.0142758 0.675455 -3.50148
0.0657699 -0.0130055 0.492475 -1.36925
0.0490695 -0.00900255 0.393236 -0.420305
0.0475212 -0.00984679 0.413936 -0.230254
0.254397 -0.0352471 0.0235016 -0.297771
0.0460551 -0.00470666 0.324155 0.0162606
0.0511095 -0.00790703 0.370408 -0.460187
0.0448029 -0.00547678 0.332679 -0.309978
0.0455201 -0.00518165 0.325466 0.0163299
0.0441056 -0.00866055 0.349395 -0.412294
0.0488111 -0.00488547 0.34448 0.0185021
0.0819278 -0.0146832 0.662656 -3.52597
0.0581548 -0.00799656 0.423685 -0.811228
0.0565313 -0.0164814 0.480599 -1.25057
0.0404179 -0.00374024 0.275717 0.265009
0.0601089 -0.0103896 0.449163 -0.804931
0.0510717 -0.00605864 0.378249 -0.349955
0.0471138 -0.00651546 0.36775 -0.409822
0.0594342 -0.0103299 0.435076 -1.11586
0.0392976 -0.00466471 0.298574 0.303787
-0.281154 0.0269993 1.50992 -1.64777
0.0546294 -0.00753021 0.380753 -0.481831
0.0346409 1.99737e-05 0.232601 0.521856
0.0293791 0.000729752 0.227741 0.591096
0.0645185 -0.0124794 0.47129 -1.58334
0.0608591 -0.0129038 0.467875 -1.80874
0.0568168 -0.0100867 0.407098 -0.494403
0.0715267 -0.0155787 0.566945 -2.6152
0.0424918 -0.00246934 0.278962 0.012344
0.205311 -0.0308105 0.000733559 -0.183642
0.0608591 -0.0129038 0.467875 -1.80874
0.04084 -0.00261328 0.269363 0.0114406
0.0566382 -0.00758995 0.402593 -1.09045
0.0399648 -0.0031474 0.272548 0.0115375
0.0667085 -0.0154198 0.530537 -2.09363
0.066195 -0.00948412 0.453504 -1.65079
0.0507356 -0.00969402 0.363125 -0.58231
0.0594342 -0.0103299 0.435076 -1.11586
0.0437189 -0.00342507 0.296159 0.0137067
0.0476001 -0.00828368 0.359961 -0.437061
0.055641 -0.0100669 0.402808 -0.833142
0.0558684 -0.0132191 0.464945 -1.41841
0.0453433 -0.000480701 0.271026 0.249413
0.0531145 -0.00680644 0.348065 -0.50864
0.0439039 -0.00146157 0.274498 0.0119255
0.0365693 -0.00945868 0.327653 -0.451053
0.0395403 -0.00424744 0.28015 0.0121453
0.0679929 -0.012397 0.530681 -2.92882
0.0456357 -0.00574962 0.333083 -0.417043
0.0399648 -0.0031474 0.272548 0.0115375
0.0512224 -0.0103297 0.380846 -1.20625
0.229694 -0.0301463 0.0697309 -0.243323
0.0448339 -0.00375473 0.307038 0.0147156
0.0581548 -0.00799656 0.423685 -0.811228
0.0477014 -0.00455907 0.333673 0.0173252
0.0393035 -0.000741734 0.243279 0.420012
0.0754331 -0.0153767 0.576853 -2.10669
0.0346409 1.99737e-05 0.232601 0.521856
-0.606602 0.0596752 2.7133 -1.86109
0.0413743 -0.00213804 0.268048 0.0113634
0.069327 -0.0126858 0.505968 -1.39483
0.0450175 -0.0103749 0.37225 -1.32218
0.0476001 -0.00828368 0.359961 -0.437061
0.0477912 -0.00505701 0.34467 -0.341252
0.0575533 -0.00736637 0.391528 -0.895962
0.0448339 -0.00375473 0.307038 0.0147156
0.0476001 -0.00828368 0.359961 -0.437061
0.0646301 -0.0094325 0.467202 -1.33176
0.0456357 -0.00574962 0.333083 -0.417043
0.0435298 -0.00538597 0.317765 0.0155435
0.041191 -0.00410269 0.289733 0.0130785
0.0588985 -0.00864412 0.458694 -0.764046
0.056714 -0.00820974 0.414361 -0.387761
0.056714 -0.00820974 0.414361 -0.387761
0.054937 -0.00103898 0.33263 0.0174181
-1.14488 0.0924324 6.45623 -3.5767
0.0411333 -0.00233784 0.287904 0.23994
0.0174521 0.00174987 0.167133 0.88612
0.0462729 -0.00259524 0.317514 -0.317712
0.0473595 -0.00307573 0.313434 0.0154527
0.0807001 -0.0121946 0.576654 -2.2277
0.0616895 -0.00677487 0.401176 -0.521168
0.045368 -0.00327941 0.305719 0.0146995
0.0485805 -0.00402744 0.330548 0.0169298
0.0458984 -0.00125993 0.282254 0.0125863
0.0473595 -0.00307573 0.313434 0.0154527
0.246896 -0.0339721 0.0151551 -0.254757
0.0511435 0.00205598 0.273505 0.0116665
0.086018 -0.0172499 0.613565 -1.48712
0.0802489 -0.0114809 0.533181 -1.26825
3.25812 -0.331666 -13.7187 -3.6541
0.051907 0.00206414 0.354741 0.39201
0.111469 -0.0156326 0.755399 -1.98476
0.0800889 -0.0149978 0.575138 -1.11255
0.0551953 0.00443969 0.300066 0.42845
0.0589471 -0.00965054 0.41482 -0.859961
0.0575533 -0.00736637 0.391528 -0.895962
0.0742964 -0.0112232 0.504405 -1.58884
-0.18008 0.0332925 0.502371 0.265203
0.0820894 -0.0111651 0.562002 -1.61749
0.066843 -0.00954606 0.471632 -0.845497
0.0535217 -0.00204474 0.337048 0.0179535
1.32914 -0.151414 -4.88381 -3.95989
