-0.23428 0.00713375 0.0217886 1.94705
-0.377438 -0.070601 4.56255 -4.12989
0.517668 -0.061091 -0.744179 0.196306
-0.107445 -0.00661015 -0.564526 -5.68527
-0.107445 -0.00661015 -0.564526 -5.68527
12.6435 -0.921821 -107.952 -8.15031
4.05419 -0.363007 -32.577 -8.33011
0.50468 -0.142756 0.030249 3.11243
-9.67539 0.943772 41.2751 -3.21671
0.627074 -0.120421 -0.41567 -0.453768
-11.0919 0.749074 88.5542 -6.99226
-0.107445 -0.00661015 -0.564526 -5.68527
-0.107445 -0.00661015 -0.564526 -5.68527
-3.51615 0.444776 6.98248 -0.514919
-0.229354 0.0062621 0.0188636 1.9546
5.78852 -0.466813 -49.6873 -8.58215
0.477295 -0.143654 0.0714976 -4.33631
-0.963814 -0.0280943 8.57216 -4.78311
0.0189773 -0.00169122 0.206618 0.829416
-0.107445 -0.00661015 -0.564526 -5.68527
0.361037 -0.117299 0.0602807 3.28433
-10.7509 0.724937 86.502 -7.07427
0.0652708 -0.0129983 0.497826 -1.54233
0.184092 -0.0184386 -0.00967671 2.96992
-10.3557 1.02486 42.5998 -3.01604
9.71732 -0.759945 -75.5531 -7.38693
-0.514351 0.132897 0.000109894 1.99976
-0.221263 0.00478346 0.015748 1.95178
-0.214936 0.00366885 0.0121337 1.95877
-9.89734 1.00244 38.6063 -2.77047
0.697133 -0.192378 0.117057 3.37375
-0.228345 0.0059292 0.0195711 1.9558
-0.192413 -0.000214088 0.000571671 2.99833
0.063431 -0.0114745 0.447783 -0.833099
10.7359 -0.789394 -93.4597 -8.41252
-0.107445 -0.00661015 -0.564526 -5.68527
-0.217787 0.00417668 0.0135291 1.96794
0.0399648 -0.0031474 0.272548 0.0115375
-7.42008 0.796647 25.0255 -2.1818
12.4958 -0.849745 -121.228 -9.39012
14.5248 -0.985052 -139.368 -9.25558
0.618052 -0.176187 0.11272 3.39817
-0.289014 -0.0768157 3.65599 -3.27542
-6.64154 0.743462 19.9042 -1.72259
-0.223827 0.00533557 0.0155981 1.9651
-11.5003 0.766736 93.6263 -7.1644
-8.36677 0.928572 26.3726 -1.90211
-0.190953 -0.000598022 0.000966655 2.99729
-0.218263 0.00433106 0.0133276 1.96561
0.0366573 -0.00343297 0.253295 0.0099964
-9.3546 0.629254 74.1326 -6.93163
0.0600614 -0.10605 1.83687 -2.7294
10.7445 -0.792427 -92.5127 -8.29423
0.435123 -0.141031 0.318726 -3.94003
-0.92377 -0.0225663 8.26567 -5.16432
0.176943 -0.0219461 -0.00245205 2.99195
0.630248 -0.178638 0.11262 3.3919
0.589075 -0.1716 0.118371 3.44272
0.641127 -0.180054 0.10943 3.36817
0.477295 -0.143654 0.0714976 -4.33631
0.697133 -0.192378 0.117057 3.37375
13.5029 -0.873258 -143.449 -10.4049
-10.9841 0.713157 93.1795 -7.52267
-11.0268 0.723016 92.3441 -7.4123
0.594793 -0.15706 -0.305035 -1.85685
9.56402 -0.655644 -79.4079 -7.36263
-0.233611 0.00696748 0.0214544 1.94404
0.280867 -0.0367082 -0.00573324 2.98424
0.00701748 -0.0915251 1.64409 -2.39358
10.2363 -0.785851 -81.7069 -7.60458
0.0988145 0.00682103 -0.0541837 2.82648
-9.73933 0.634774 81.8804 -7.44004
13.182 -0.886296 -131.464 -9.72743
0.660198 -0.162643 -0.591264 -2.2391
-0.54185 0.14211 -0.0435407 2.09107
13.4345 -0.923405 -128.018 -9.23464
-0.217042 0.00405612 0.0128333 1.96739
0.0412395 -0.00692617 0.325372 0.0161839
-8.70831 0.91271 31.2601 -2.41755
-0.107445 -0.00661015 -0.564526 -5.68527
-8.41649 0.897618 28.95 -2.24035
-10.2608 0.685202 83.5514 -7.17361
0.0684153 -0.0180893 0.555122 -1.44834
-0.217787 0.00417668 0.0135291 1.96794
16.5875 -1.04162 -180.798 -10.646
0.759394 -0.0765309 -2.14994 -3.12595
0.614045 -0.174936 0.109687 3.38801
0.630248 -0.178638 0.11262 3.3919
15.1327 -0.937223 -170.65 -11.0669
0.0827196 -0.0150707 0.634971 -2.52185
-8.0606 0.884337 25.9255 -1.97661
-11.3578 0.749844 94.4189 -7.35201
-8.58896 0.933 28.7273 -2.14409
0.070509 -0.0153076 0.541988 -1.5264
0.0495835 -0.00373146 0.335111 0.0176572
-0.0852697 -0.000109458 4.63665e-05 1.99983
-10.9024 0.73281 88.2625 -7.14958
-0.572353 0.143809 6.03152e-05 1.99986
-9.71981 0.634732 82.2959 -7.53377
-0.107445 -0.00661015 -0.564526 -5.68527
0.189092 -0.0215464 -0.0169119 2.94676
-9.22243 0.945485 35.0219 -2.66291
0.166799 -0.0212909 -0.0175726 2.94062
0.166526 -0.0165244 -0.0220188 2.92885
0.598299 -0.17152 0.107111 3.38685
0.16153 -0.0146852 -0.0168297 2.94583
-10.6214 0.715739 85.4583 -7.07183
-0.232844 0.00675777 0.0216365 1.94448
-0.242456 0.00839296 0.02725 1.93881
-10.0803 0.630564 89.9201 -7.96262
0.243511 -0.0305445 -0.0219229 2.93645
13.5029 -0.873258 -143.449 -10.4049
-0.306778 -0.0715738 3.91029 -3.94915
0.0278673 -0.0019675 0.194274 0.671895
9.0843 -0.932281 -36.6176 -2.93939
-11.659 1.12392 51.4001 -3.35962
0.302322 -0.0402799 -0.129934 -0.317325
0.0435298 -0.00538597 0.317765 0.0155435
7.85164 -0.654558 -55.5351 -6.67984
0.468848 -0.141285 0.0459762 -4.43263
-9.95745 0.642605 85.7197 -7.67833
11.3437 -0.800847 -105.495 -9.03312
0.0567191 -0.0126449 0.438863 -0.993104
0.544027 -0.157296 0.0843503 3.31597
12.2528 -0.855338 -114.426 -9.04017
-10.206 0.65418 86.9766 -7.52286
-0.539545 0.13216 0.000150757 1.99966
10.6056 -0.763766 -96.2078 -8.81873
-0.557435 0.141876 -0.113339 3.44186
-10.1651 0.690015 79.9635 -6.8893
-9.82955 0.636902 83.4016 -7.52946
-0.217042 0.00405612 0.0128333 1.96739
0.272854 -0.085014 -0.0609743 3.51516
-0.306778 -0.0715738 3.91029 -3.94915
-0.102411 9.37187e-05 0.000227814 1.99907
0.0315254 -0.000491955 0.225279 0.542622
0.641967 -0.18227 0.121146 3.41972
13.065 -0.932783 -115.768 -8.49333
0.216709 -0.0238672 -0.0215769 2.9362
-0.545274 0.13644 0.000209246 1.99954
-0.107445 -0.00661015 -0.564526 -5.68527
11.5112 -0.830234 -101.998 -8.532
-8.13948 0.881957 26.9428 -2.08863
10.7246 -0.775848 -96.146 -8.69698
-0.558693 0.142511 -0.115781 3.43319
0.0435298 -0.00538597 0.317765 0.0155435
0.649688 -0.185603 0.035661 2.30699
-10.2768 1.03557 40.8496 -2.86342
-9.96929 0.666679 81.5677 -7.23823
0.0677304 -0.0120434 0.48224 -1.58465
0.0607761 -0.0128149 0.471433 -2.3743
-0.225864 0.00563457 0.0172231 1.95358
0.0101499 -0.0995234 2.0736 -3.10844
14.2172 -0.955601 -140.221 -9.57401
-0.229354 0.0062621 0.0188636 1.9546
0.0315254 -0.000491955 0.225279 0.542622
-9.49013 0.960247 37.1777 -2.80228
-0.218263 0.00433106 0.0133276 1.96561
-11.2724 0.765249 88.6363 -6.87076
0.415373 -0.13747 0.336996 -3.74034
-10.252 0.677012 85.5728 -7.41788
10.7961 -0.7164 -115.505 -10.639
-0.600985 0.16362 -0.121384 3.50706
-0.217787 0.00417668 0.0135291 1.96794
10.0443 -0.775997 -79.3638 -7.52648
-9.77764 0.966305 40.2945 -3.03464
-9.97622 0.66435 80.0298 -7.01419
0.362419 -0.131074 0.467719 -2.83655
0.606705 -0.174104 0.11293 3.40652
13.4682 -0.945304 -122.126 -8.69016
8.34909 -0.904043 -29.9159 -2.44215
-11.3622 0.801714 87.1233 -6.74271
-0.217042 0.00405612 0.0128333 1.96739
-0.225864 0.00563457 0.0172231 1.95358
0.600295 -0.172614 0.113592 3.40616
-0.223912 0.00522663 0.0166713 1.9602
-9.49013 0.960247 37.1777 -2.80228
-9.95745 0.642605 85.7197 -7.67833
-8.82562 0.903854 33.467 -2.65941
-9.60074 0.976812 37.3753 -2.77918
0.489172 -0.150415 0.107184 3.46356
0.578749 -0.168198 0.110305 3.4128
0.333637 -0.119504 0.267052 -2.5611
-8.67107 0.902795 31.6692 -2.49501
0.406695 -0.129178 0.0744971 -3.25184
0.340143 -0.125885 0.452022 -2.8481
0.578749 -0.168198 0.110305 3.4128
-9.21424 0.922703 36.8146 -2.89542
-0.218263 0.00433106 0.0133276 1.96561
0.431875 -0.134872 0.107609 -4.69628
-0.232844 0.00675777 0.0216365 1.94448
-10.6482 1.04002 45.3783 -3.19547
0.362419 -0.131074 0.467719 -2.83655
0.195965 -0.0237208 -0.00810359 2.97449
-8.85367 0.910864 33.1199 -2.59294
-0.23428 0.00713375 0.0217886 1.94705
-9.71415 0.971099 39.1356 -2.93072
0.315529 -0.125425 0.590774 -2.51114
8.99647 -0.728647 -65.0776 -6.79722
0.548108 -0.148447 -0.249707 -1.42594
-0.539545 0.13216 0.000150757 1.99966
-17.369 1.29994 128.376 -6.56298
0.582443 -0.169451 0.113217 3.42367
0.377831 -0.128704 0.278968 -3.00212
-0.228345 0.0059292 0.0195711 1.9558
-0.0576439 0.00133821 -0.069052 2.2512
0.239187 -0.0288112 -0.0167085 2.95167
-11.8255 0.773955 100.578 -7.5728
0.583067 -0.154475 -0.27543 -1.09306
0.617095 -0.174633 0.103231 3.36081
0.0465392 -0.00796613 0.359336 -0.331772
-1.54288 -0.00181855 14.5019 -5.96791
0.405034 -0.134666 0.2928 -3.22088
-0.218263 0.00433106 0.0133276 1.96561
-10.4048 0.696034 85.0654 -7.24824
0.582325 -0.149625 -0.448072 -1.78421
-9.6968 0.98109 37.8426 -2.77391
0.218417 -0.0275833 -0.000674459 2.99795
0.226131 -0.0254711 -0.00953791 2.97217
-0.190361 -0.000725719 0.00110351 2.99649
0.618052 -0.176187 0.11272 3.39817
-0.217042 0.00405612 0.0128333 1.96739
0.118899 -0.105979 1.36849 -2.56774
-0.23428 0.00713375 0.0217886 1.94705
-10.2768 1.03557 40.8496 -2.86342
0.685433 -0.190117 0.117419 3.38054
0.25269 -0.0286617 -0.0167766 2.95333
0.0516356 -0.00441129 0.357634 0.0196913
11.9961 -0.842663 -111.784 -9.04712
0.178714 -0.0127688 -0.0290558 2.91285
0.574765 -0.167029 0.107606 3.40347
-0.585965 0.147616 0.000860886 1.99813
-10.937 0.717943 90.6644 -7.2996
-0.217042 0.00405612 0.0128333 1.96739
0.630148 -0.180064 0.121363 3.42834
-10.8268 0.723116 87.7336 -7.1138
-0.572975 0.143409 0.000141828 1.99969
12.3855 -0.875122 -113.4 -8.85245
-9.51496 0.977624 36.167 -2.66945
12.2581 -0.875462 -109.516 -8.59042
-5.54256 0.640437 17.0086 -2.01238
-5.09922 0.655537 11.1008 -0.779598
-10.6199 0.985364 50.621 -3.78794
-0.478412 -0.0735606 5.65868 -4.23441
-12.4689 0.817165 105.405 -7.46648
2.52742 -0.26161 -17.2022 -7.60577
-0.242456 0.00839296 0.02725 1.93881
0.670642 -0.0716709 -0.685657 1.04848
12.2835 -1.05967 -71.6503 -4.99474
0.605638 -0.172408 0.103609 3.36797
0.264954 -0.0871784 -0.0498065 2.7469
8.32458 -0.715133 -54.6542 -6.06735
-10.0358 1.02814 38.5424 -2.71195
-0.217787 0.00417668 0.0135291 1.96794
-0.217787 0.00417668 0.0135291 1.96794
-0.242456 0.00839296 0.02725 1.93881
