0.0684098 -0.0251035 0.67135 -3.09517
0.0461173 -0.0189094 0.436997 -0.815576
0.075023 -0.0314028 0.799114 -3.52159
-0.0168659 -0.0240108 0.0402417 2.2808
2.45494 -0.294738 -10.1239 -3.61
0.0674705 -0.0211251 0.570306 -1.39897
0.267541 -0.0457244 -0.0105469 -0.326068
0.0525033 -0.01802 0.459622 -0.852947
0.0561409 -0.0199426 0.520782 -1.06802
0.044043 -0.0141433 0.391475 -0.503626
0.211728 -0.0400278 0.125326 -0.27597
-0.488679 0.0485804 0.659987 0.814426
6.43641 -0.47723 -54.0489 -7.82041
0.0390216 -0.0181148 0.424251 -0.741867
0.0530981 -0.0224819 0.520199 -1.32372
0.0514779 -0.0196815 0.479367 -1.1528
0.0457783 -0.0191587 0.449912 -1.00678
0.0727474 -0.0287957 0.768388 -3.67513
0.0561685 -0.0255965 0.575942 -1.97866
0.0586539 -0.0211534 0.520543 -1.52366
-3.18082 0.182448 29.0173 -7.69372
0.0612322 -0.0187653 0.530357 -1.41478
0.0791559 -0.0277373 0.774333 -3.48239
0.0700122 -0.0245048 0.659562 -2.37859
0.0700122 -0.0245048 0.659562 -2.37859
0.234957 -0.0410637 0.00998052 -0.259438
0.0654042 -0.0218671 0.573643 -1.85777
0.0283295 -0.0244999 0.524936 -0.788049
0.0315943 -0.010212 0.304297 0.0130297
0.0472385 -0.0199438 0.483303 -0.938221
0.0654042 -0.0218671 0.573643 -1.85777
0.0735219 -0.0241482 0.673762 -2.39118
0.0768549 -0.0286958 0.797925 -3.7821
0.042691 -0.0170768 0.407659 -0.496287
0.0677857 -0.0274281 0.686606 -2.51083
0.226589 -0.03702 0.0256892 -0.234437
0.0367015 -0.0116271 0.35685 -0.371365
0.0739242 -0.0256757 0.751716 -3.84907
0.204256 -0.0378027 0.0156138 -0.201529
0.0625852 -0.0230225 0.6567 -3.51471
0.068465 -0.0217787 0.611818 -2.18346
0.0584648 -0.0192698 0.518001 -1.40454
0.240948 -0.0410771 0.0126235 -0.269252
0.0791559 -0.0277373 0.774333 -3.48239
0.0613161 -0.0217525 0.535316 -1.2006
0.0720709 -0.0270315 0.684991 -2.27401
0.0735219 -0.0241482 0.673762 -2.39118
0.0741946 -0.0240116 0.65394 -2.12242
0.0562277 -0.0220691 0.544522 -2.11033
0.0700556 -0.0259099 0.73 -3.80112
0.0514912 -0.0218223 0.495049 -1.48589
0.0649632 -0.0220886 0.594851 -2.14905
0.0686132 -0.0217738 0.6463 -3.15888
0.055066 -0.0214871 0.507814 -1.50518
0.043166 -0.01684 0.423263 -1.53925
0.204256 -0.0378027 0.0156138 -0.201529
0.0551332 -0.019379 0.493048 -1.1842
0.0480889 -0.0162053 0.426871 -0.883722
0.0791559 -0.0277373 0.774333 -3.48239
0.0796858 -0.0284655 0.875822 -4.47916
0.0405132 -0.0145204 0.381234 -0.483429
0.0391435 -0.0174477 0.397295 -0.475997
0.0477477 -0.0165243 0.441591 -1.09683
0.234957 -0.0410637 0.00998052 -0.259438
0.0268963 -0.0130608 0.311907 0.012669
0.050474 -0.0191792 0.45507 -1.31579
0.0545312 -0.0215553 0.517478 -1.71237
0.0649632 -0.0220886 0.594851 -2.14905
0.044043 -0.0141433 0.391475 -0.503626
0.0480889 -0.0162053 0.426871 -0.883722
0.216268 -0.0383199 -0.00670734 -0.21939
0.0700556 -0.0259099 0.73 -3.80112
0.0814588 -0.0251848 0.79161 -3.90595
0.0587956 -0.0190765 0.506651 -1.21398
0.219843 -0.0408356 0.0760523 -0.261942
0.0552123 -0.0196755 0.506488 -1.39616
0.234957 -0.0410637 0.00998052 -0.259438
0.0768549 -0.0286958 0.797925 -3.7821
0.0514779 -0.0196815 0.479367 -1.1528
0.0613372 -0.0223704 0.577465 -2.10861
0.212122 -0.0405796 0.0755679 -0.250062
0.0355906 -0.015655 0.387945 -0.234991
0.0613372 -0.0223704 0.577465 -2.10861
0.077102 -0.0237845 0.686365 -2.39351
0.0632876 -0.0185876 0.506895 -1.06248
0.270323 -0.0451062 -0.00320413 -0.331853
0.0462459 -0.0167045 0.417909 -0.515246
0.20813 -0.0369808 0.0695778 -0.233795
0.0586539 -0.0211534 0.520543 -1.52366
0.0551332 -0.019379 0.493048 -1.1842
0.0672241 -0.0247329 0.625196 -2.08548
0.0477477 -0.0165243 0.441591 -1.09683
0.0731808 -0.0270682 0.671622 -2.06306
0.0449979 -0.0196371 0.433569 -0.506287
0.0523932 -0.0216365 0.507155 -0.772845
0.219843 -0.0408356 0.0760523 -0.261942
0.221793 -0.0412191 0.00890459 -0.239193
0.0700556 -0.0259099 0.73 -3.80112
0.05942 -0.0254619 0.610694 -2.29758
0.0894196 -0.0284239 0.90506 -4.22674
0.0720893 -0.0248124 0.68849 -3.11601
0.0477477 -0.0165243 0.441591 -1.09683
0.0467797 -0.0199006 0.468533 -1.81191
0.0631159 -0.0251246 0.666686 -3.37566
0.0684098 -0.0251035 0.67135 -3.09517
0.0700556 -0.0259099 0.73 -3.80112
0.0755904 -0.0283658 0.804462 -4.05165
0.0643859 -0.0253028 0.651108 -3.0432
0.0688176 -0.0274879 0.673907 -2.28135
0.0727474 -0.0287957 0.768388 -3.67513
0.0355192 -0.0145551 0.371709 -0.362377
0.0768549 -0.0286958 0.797925 -3.7821
0.0299799 -0.0156497 0.349903 -0.414112
0.052645 -0.0224211 0.531309 -2.09747
0.0366159 -0.0166845 0.363666 -0.584362
0.0480889 -0.0162053 0.426871 -0.883722
0.0763389 -0.0250869 0.779222 -4.17335
0.0613372 -0.0223704 0.577465 -2.10861
0.0470766 -0.0198512 0.459358 -1.57124
0.0700556 -0.0259099 0.73 -3.80112
0.216268 -0.0383199 -0.00670734 -0.21939
0.040676 -0.0173995 0.418689 -1.04665
0.216268 -0.0383199 -0.00670734 -0.21939
0.0631159 -0.0251246 0.666686 -3.37566
0.0768549 -0.0286958 0.797925 -3.7821
0.0466075 -0.0229135 0.479262 -1.07056
0.0598141 -0.0253187 0.593237 -2.02027
0.0545312 -0.0215553 0.517478 -1.71237
0.0512224 -0.0219631 0.506705 -1.71512
0.0512224 -0.0219631 0.506705 -1.71512
0.0545312 -0.0215553 0.517478 -1.71237
0.0664402 -0.024805 0.642527 -2.34759
0.0569489 -0.0186302 0.494101 -1.59111
0.0536423 -0.0190393 0.482842 -1.58699
0.0470766 -0.0198512 0.459358 -1.57124
0.0504553 -0.0195855 0.483466 -1.84742
0.0551332 -0.019379 0.493048 -1.1842
0.0796858 -0.0284655 0.875822 -4.47916
0.0514779 -0.0196815 0.479367 -1.1528
0.0333878 -0.0156635 0.395337 -0.33567
0.0672241 -0.0247329 0.625196 -2.08548
0.203548 -0.0403102 0.0776281 -0.237152
0.0629536 -0.0251259 0.625902 -2.3191
0.0425498 -0.0177753 0.437894 -0.780955
0.0514912 -0.0218223 0.495049 -1.48589
0.0457783 -0.0191587 0.449912 -1.00678
0.0514779 -0.0196815 0.479367 -1.1528
0.068465 -0.0217787 0.611818 -2.18346
0.0521036 -0.0164786 0.454092 -1.65321
0.0504553 -0.0195855 0.483466 -1.84742
0.0470766 -0.0198512 0.459358 -1.57124
0.0631159 -0.0251246 0.666686 -3.37566
0.0720893 -0.0248124 0.68849 -3.11601
0.055066 -0.0214871 0.507814 -1.50518
0.0755904 -0.0283658 0.804462 -4.05165
0.0391435 -0.0174477 0.397295 -0.475997
0.0635113 -0.025012 0.60818 -2.04622
0.03699 -0.0148969 0.370901 -0.461871
0.0457783 -0.0191587 0.449912 -1.00678
0.0598141 -0.0253187 0.593237 -2.02027
0.0457848 -0.0230856 0.493091 -1.26801
0.0755904 -0.0283658 0.804462 -4.05165
0.0426155 -0.0196425 0.439603 -0.996165
0.0516586 -0.0199968 0.49305 -1.371
0.0720893 -0.0248124 0.68849 -3.11601
0.0635113 -0.025012 0.60818 -2.04622
0.0631159 -0.0251246 0.666686 -3.37566
0.0512224 -0.0219631 0.506705 -1.71512
0.0739242 -0.0256757 0.751716 -3.84907
0.223676 -0.0383791 -0.0073526 -0.230113
0.0700556 -0.0259099 0.73 -3.80112
0.0426155 -0.0196425 0.439603 -0.996165
0.0366159 -0.0166845 0.363666 -0.584362
0.0394 -0.0201091 0.428817 -0.981179
0.0504209 -0.019472 0.471808 -1.58501
0.0419088 -0.0200406 0.457157 -1.22448
0.0512224 -0.0219631 0.506705 -1.71512
0.0366159 -0.0166845 0.363666 -0.584362
0.0512224 -0.0219631 0.506705 -1.71512
0.0796858 -0.0284655 0.875822 -4.47916
0.0788398 -0.0273361 1.01026 -7.04451
0.0625852 -0.0230225 0.6567 -3.51471
0.0605093 -0.0255499 0.632534 -3.00393
0.0372475 -0.0177597 0.405118 -1.0097
0.0574785 -0.0225916 0.583824 -2.98674
0.0470766 -0.0198512 0.459358 -1.57124
0.197244 -0.0378014 0.0155375 -0.192056
0.0594605 -0.025413 0.648015 -3.34457
0.0512224 -0.0219631 0.506705 -1.71512
0.0331485 -0.0170744 0.353495 -0.565076
0.0512224 -0.0219631 0.506705 -1.71512
0.0545312 -0.0215553 0.517478 -1.71237
0.0394 -0.0201091 0.428817 -0.981179
0.0679198 -0.0288277 0.761016 -3.96849
0.0299799 -0.0156497 0.349903 -0.414112
0.044834 -0.0166415 0.415335 -0.861648
0.0380026 -0.0137217 0.346295 -0.590195
0.0541287 -0.0192666 0.497924 -1.87728
0.0490034 -0.0227532 0.517199 -2.07606
0.0594605 -0.025413 0.648015 -3.34457
0.0531744 -0.0226117 0.560298 -2.9021
0.0410476 -0.0195958 0.437853 -1.455
0.0470766 -0.0198512 0.459358 -1.57124
0.0431265 -0.0202144 0.453064 -1.77017
0.0586539 -0.0211534 0.520543 -1.52366
0.0598141 -0.0253187 0.593237 -2.02027
0.0635113 -0.025012 0.60818 -2.04622
0.0425498 -0.0177753 0.437894 -0.780955
0.0690662 -0.0290779 0.750426 -3.66024
0.0366159 -0.0166845 0.363666 -0.584362
0.0545312 -0.0215553 0.517478 -1.71237
0.0552123 -0.0196755 0.506488 -1.39616
0.0504209 -0.019472 0.471808 -1.58501
0.0415294 -0.0170592 0.403359 -0.835116
0.0453636 -0.0228446 0.483917 -1.72599
0.0483986 -0.0225478 0.499447 -1.74704
0.05942 -0.0254619 0.610694 -2.29758
0.0512224 -0.0219631 0.506705 -1.71512
0.0684098 -0.0251035 0.67135 -3.09517
0.0419088 -0.0200406 0.457157 -1.22448
0.0452217 -0.0196312 0.469877 -1.24885
0.0444647 -0.0224938 0.467913 -1.43455
0.0605093 -0.0255499 0.632534 -3.00393
0.0480141 -0.0221594 0.481032 -1.45796
0.0390216 -0.0181148 0.424251 -0.741867
0.0598141 -0.0253187 0.593237 -2.02027
0.0319435 -0.0117002 0.324642 0.0144907
0.0741946 -0.0240116 0.65394 -2.12242
0.064045 -0.0217735 0.595489 -2.62658
0.0629536 -0.0251259 0.625902 -2.3191
0.0410476 -0.0195958 0.437853 -1.455
0.0467797 -0.0199006 0.468533 -1.81191
0.05942 -0.0254619 0.610694 -2.29758
0.0562277 -0.0220691 0.544522 -2.11033
0.0768549 -0.0286958 0.797925 -3.7821
0.0700556 -0.0259099 0.73 -3.80112
0.0545312 -0.0215553 0.517478 -1.71237
0.0426155 -0.0196425 0.439603 -0.996165
0.0512224 -0.0219631 0.506705 -1.71512
0.0512224 -0.0219631 0.506705 -1.71512
0.0615042 -0.0281171 0.643112 -2.23331
0.0768549 -0.0286958 0.797925 -3.7821
0.0551332 -0.019379 0.493048 -1.1842
0.0685402 -0.0220389 0.634648 -2.51578
0.217282 -0.0353461 0.180249 -0.255079
0.0883672 -0.0226242 0.712065 -2.19493
0.0520831 -0.0170293 0.461238 -0.441905
0.229222 -0.0398324 0.14727 -0.298678
0.0631159 -0.0251246 0.666686 -3.37566
0.0483986 -0.0225478 0.499447 -1.74704
0.0504553 -0.0195855 0.483466 -1.84742
0.22679 -0.0417301 -0.0138592 -0.247233
0.0567485 -0.0221699 0.533378 -1.34779
0.0530981 -0.0224819 0.520199 -1.32372
0.0827708 -0.0308797 0.834484 -3.5599
0.0425498 -0.0177753 0.437894 -0.780955
