0.0280666 -0.0131343 0.323275 -0.394009
0.0271351 -0.013924 0.325961 0.0137914
0.0405346 -0.017621 0.427904 -1.24739
-0.751202 0.0721674 0.961661 0.258
1.82031 -0.199486 -8.97696 -3.90363
0.0300225 -0.0093129 0.288925 0.0120028
0.0246795 -0.00826485 0.253113 0.300767
0.0315201 -0.0127391 0.333519 -0.418554
0.0516586 -0.0199968 0.49305 -1.371
0.0315201 -0.0127391 0.333519 -0.418554
0.028788 -0.0135612 0.354786 -0.276005
-1.36793 0.115414 7.01289 -4.906
-0.00433496 -0.00676263 -0.00530208 2.9684
0.0254251 -0.0112386 0.280586 0.0104483
0.0257802 -0.0127306 0.301013 0.0117099
0.0380026 -0.0137217 0.346295 -0.590195
0.040676 -0.0173995 0.418689 -1.04665
0.0315201 -0.0127391 0.333519 -0.418554
0.040676 -0.0173995 0.418689 -1.04665
0.0752468 -0.031916 0.87463 -4.29212
0.034578 -0.0123518 0.340616 -0.520023
0.0298414 -0.0112788 0.310637 0.0133789
0.0258442 -0.0101351 0.272915 0.0102708
0.0334772 -0.0152732 0.360463 -0.438819
0.0309965 -0.0127404 0.330993 -0.500667
0.0280666 -0.0131343 0.323275 -0.394009
0.0233163 -0.0108126 0.26649 0.0094848
0.0670634 -0.00989526 0.00199925 1.97745
0.0574525 -0.0225762 0.567601 -2.61791
0.0306894 -0.0124664 0.333103 -0.311431
0.033681 -0.0120472 0.345092 -0.342674
0.0321275 -0.00973608 0.302968 0.0130521
0.0345596 -0.0141193 0.336241 -0.571039
0.040676 -0.0173995 0.418689 -1.04665
0.0257802 -0.0127306 0.301013 0.0117099
0.0296019 -0.0104151 0.296573 0.0122338
0.0300645 -0.0120178 0.300194 -0.438285
0.0230712 -0.00994551 0.252347 0.00853553
0.0206043 -0.0107098 0.247437 0.00796707
0.0196573 -0.0136478 0.300733 -0.313247
0.0315201 -0.0127391 0.333519 -0.418554
0.0334772 -0.0152732 0.360463 -0.438819
0.0270758 -0.0110939 0.290172 0.0114073
0.0480141 -0.0221594 0.481032 -1.45796
0.211222 -0.0381222 0.0375796 -0.240487
0.0404338 -0.0153137 0.411273 -0.77779
0.0307178 -0.0107453 0.307465 0.0132091
0.0405132 -0.0145204 0.381234 -0.483429
0.0216634 -0.0109557 0.256869 0.00859342
0.0230712 -0.00994551 0.252347 0.00853553
0.0230712 -0.00994551 0.252347 0.00853553
0.0315201 -0.0127391 0.333519 -0.418554
0.0280145 -0.0116955 0.297246 -0.508677
0.0396195 -0.0171089 0.404072 -1.45765
0.0361022 -0.0172237 0.380129 -1.32782
0.0196573 -0.0136478 0.300733 -0.313247
0.0256002 -0.00926871 0.258789 0.00926612
0.0280666 -0.0131343 0.323275 -0.394009
0.0280666 -0.0131343 0.323275 -0.394009
0.0228981 -0.0119166 0.274171 0.00962824
0.0254251 -0.0112386 0.280586 0.0104483
0.0233163 -0.0108126 0.26649 0.0094848
0.0247915 -0.0126377 0.297868 0.0116066
0.0541287 -0.0192666 0.497924 -1.87728
0.0216634 -0.0109557 0.256869 0.00859342
0.0228981 -0.0119166 0.274171 0.00962824
0.0233163 -0.0108126 0.26649 0.0094848
0.0390597 -0.0149263 0.389103 -1.05049
0.0256002 -0.00926871 0.258789 0.00926612
0.0233163 -0.0108126 0.26649 0.0094848
0.0280666 -0.0131343 0.323275 -0.394009
0.0206043 -0.0107098 0.247437 0.00796707
0.0270758 -0.0110939 0.290172 0.0114073
0.0258442 -0.0101351 0.272915 0.0102708
0.0334772 -0.0152732 0.360463 -0.438819
0.0328462 -0.0152408 0.357617 -0.51193
0.0280666 -0.0131343 0.323275 -0.394009
0.0247915 -0.0126377 0.297868 0.0116066
0.0254251 -0.0112386 0.280586 0.0104483
0.0315201 -0.0127391 0.333519 -0.418554
0.0247915 -0.0126377 0.297868 0.0116066
0.0334772 -0.0152732 0.360463 -0.438819
0.0254251 -0.0112386 0.280586 0.0104483
0.0477477 -0.0165243 0.441591 -1.09683
0.0405132 -0.0145204 0.381234 -0.483429
0.0477477 -0.0165243 0.441591 -1.09683
0.0270758 -0.0110939 0.290172 0.0114073
0.0299799 -0.0156497 0.349903 -0.414112
0.0233163 -0.0108126 0.26649 0.0094848
0.0334772 -0.0152732 0.360463 -0.438819
0.0256673 -0.0121038 0.294686 0.0114867
0.0220227 -0.0124506 0.277357 0.00972631
0.023564 -0.0112785 0.266562 0.28916
0.0273166 -0.0119584 0.304255 0.0124967
0.0324227 -0.014956 0.359806 -0.333397
0.0453189 -0.0173205 0.4356 -1.11745
0.0311206 -0.0145167 0.32612 -0.550485
0.0233163 -0.0108126 0.26649 0.0094848
0.0224772 -0.0131714 0.311931 -0.340753
0.0390041 -0.0137971 0.34852 -0.510274
0.0206043 -0.0107098 0.247437 0.00796707
0.0207881 -0.0114899 0.260059 0.00868952
0.0183697 -0.0122684 0.25519 0.00801043
0.0167667 -0.0130235 0.25187 0.00735379
0.0224772 -0.0131714 0.311931 -0.340753
0.0206043 -0.0107098 0.247437 0.00796707
0.0230712 -0.00994551 0.252347 0.00853553
0.0183697 -0.0122684 0.25519 0.00801043
0.0180118 -0.00891311 0.230526 0.388808
0.0228981 -0.0119166 0.274171 0.00962824
0.0231415 -0.0127826 0.288288 0.0106117
0.0280666 -0.0131343 0.323275 -0.394009
0.0180707 -0.0113783 0.240819 0.0071884
0.0197633 -0.0112521 0.250627 0.00803243
0.0207881 -0.0114899 0.260059 0.00868952
0.0247245 -0.0098025 0.261971 0.00940595
0.0300645 -0.0120178 0.300194 -0.438285
0.0233163 -0.0108126 0.26649 0.0094848
0.0239475 -0.013535 0.31156 -0.458906
0.0276866 -0.0149137 0.315918 -0.528337
0.024793 -0.0121524 0.287611 -0.490379
0.0196573 -0.0136478 0.300733 -0.313247
0.0206043 -0.0107098 0.247437 0.00796707
0.0169306 -0.0110311 0.229644 0.00645038
0.0228981 -0.0119166 0.274171 0.00962824
0.0206153 -0.0134612 0.281886 0.00972607
0.0207881 -0.0114899 0.260059 0.00868952
0.0233163 -0.0108126 0.26649 0.0094848
0.0206043 -0.0107098 0.247437 0.00796707
0.0206043 -0.0107098 0.247437 0.00796707
0.0230712 -0.00994551 0.252347 0.00853553
0.0280666 -0.0131343 0.323275 -0.394009
0.0230712 -0.00994551 0.252347 0.00853553
0.0319805 -0.0155413 0.359598 -0.949177
0.0180707 -0.0113783 0.240819 0.0071884
0.0268447 -0.0156438 0.346585 -0.878775
0.0211463 -0.00848381 0.240447 0.353233
0.0228981 -0.0119166 0.274171 0.00962824
0.0299799 -0.0156497 0.349903 -0.414112
0.0195059 -0.0118478 0.259599 0.241238
0.0280666 -0.0131343 0.323275 -0.394009
0.0345596 -0.0141193 0.336241 -0.571039
0.0231415 -0.0127826 0.288288 0.0106117
0.0345596 -0.0141193 0.336241 -0.571039
0.0112149 -0.0082773 0.204769 0.62067
0.0345596 -0.0141193 0.336241 -0.571039
0.0283717 -0.00945732 0.279336 0.0110481
0.0274956 -0.00999112 0.282514 0.0112094
0.0216089 -0.00817455 0.222015 0.00683166
0.0182345 -0.00938615 0.218597 0.00624629
0.0180707 -0.0113783 0.240819 0.0071884
0.0215772 -0.0126074 0.277836 -0.469942
0.0230712 -0.00994551 0.252347 0.00853553
0.0319805 -0.0155413 0.359598 -0.949177
0.0206043 -0.0107098 0.247437 0.00796707
0.0206043 -0.0107098 0.247437 0.00796707
0.0112149 -0.0082773 0.204769 0.62067
0.0280666 -0.0131343 0.323275 -0.394009
0.0220227 -0.0124506 0.277357 0.00972631
0.0233163 -0.0108126 0.26649 0.0094848
0.0183697 -0.0122684 0.25519 0.00801043
0.0230712 -0.00994551 0.252347 0.00853553
0.0207881 -0.0114899 0.260059 0.00868952
0.0180118 -0.00891311 0.230526 0.388808
0.0221957 -0.0104795 0.255534 0.00865035
0.0118703 -0.00713583 0.180453 0.626015
0.024793 -0.0121524 0.287611 -0.490379
0.0169306 -0.0110311 0.229644 0.00645038
0.024793 -0.0121524 0.287611 -0.490379
0.0207881 -0.0114899 0.260059 0.00868952
0.0167426 -0.0103457 0.22672 0.302077
0.0118267 -0.0098568 0.212742 0.450392
0.0167667 -0.0130235 0.25187 0.00735379
0.0180707 -0.0113783 0.240819 0.0071884
0.0206043 -0.0107098 0.247437 0.00796707
0.016773 -0.00895711 0.20046 0.277529
0.0284809 -0.0127553 0.330401 -0.914666
0.0206043 -0.0107098 0.247437 0.00796707
0.0206043 -0.0107098 0.247437 0.00796707
0.0219082 -0.0090634 0.236372 0.00767946
0.0206043 -0.0107098 0.247437 0.00796707
0.0193746 -0.0097328 0.229764 0.00696563
0.0190753 -0.00884446 0.215414 0.00617743
0.0155371 -0.0120463 0.234195 0.00640083
0.0141883 -0.00953224 0.190744 0.313588
0.016773 -0.00895711 0.20046 0.277529
0.0141883 -0.00953224 0.190744 0.313588
0.0155371 -0.0120463 0.234195 0.00640083
0.0180707 -0.0113783 0.240819 0.0071884
0.0183697 -0.0122684 0.25519 0.00801043
0.0206043 -0.0107098 0.247437 0.00796707
0.0205669 -0.0106397 0.284702 -0.307679
0.0127622 -0.00877716 0.187484 0.439855
0.0158667 -0.00831549 0.196892 0.399631
0.0158667 -0.00831549 0.196892 0.399631
0.0280145 -0.0116955 0.297246 -0.508677
0.0194642 -0.0103624 0.23626 0.00719525
0.0148787 -0.00610611 0.17529 0.44843
0.00875438 -0.00804749 0.175728 0.566641
0.0185573 -0.0130979 0.268171 -0.451673
0.0143076 -0.0110703 0.216535 0.00551439
0.0145017 -0.0116706 0.215272 0.260565
0.0141883 -0.00953224 0.190744 0.313588
0.0131677 -0.0107241 0.205372 0.00486222
0.0233163 -0.0108126 0.26649 0.0094848
0.0233163 -0.0108126 0.26649 0.0094848
0.0245494 -0.0117724 0.283767 0.0105716
0.0258442 -0.0101351 0.272915 0.0102708
0.0203707 -0.0125944 0.26775 0.00879816
0.0207881 -0.0114899 0.260059 0.00868952
0.0172621 -0.00935252 0.239693 0.263045
0.0232819 -0.00985867 0.24109 0.267025
0.0194642 -0.0103624 0.23626 0.00719525
0.0197633 -0.0112521 0.250627 0.00803243
0.00538315 -0.00603637 0.144851 0.737192
0.0143076 -0.0110703 0.216535 0.00551439
0.0183697 -0.0122684 0.25519 0.00801043
0.0158667 -0.00831549 0.196892 0.399631
0.0230712 -0.00994551 0.252347 0.00853553
0.0215772 -0.0126074 0.277836 -0.469942
0.0197633 -0.0112521 0.250627 0.00803243
0.0183697 -0.0122684 0.25519 0.00801043
0.0268447 -0.0156438 0.346585 -0.878775
0.0180707 -0.0113783 0.240819 0.0071884
0.0311206 -0.0145167 0.32612 -0.550485
0.0241919 -0.0102786 0.263304 0.0093634
0.0315201 -0.0127391 0.333519 -0.418554
0.0270758 -0.0110939 0.290172 0.0114073
0.020134 -0.00829425 0.208572 0.335933
0.0194642 -0.0103624 0.23626 0.00719525
0.0172297 -0.0119202 0.244004 0.00722724
0.0141883 -0.00953224 0.190744 0.313588
0.0183697 -0.0122684 0.25519 0.00801043
0.0183697 -0.0122684 0.25519 0.00801043
0.0206043 -0.0107098 0.247437 0.00796707
0.0105374 -0.0100074 0.217165 0.357834
0.0158667 -0.00831549 0.196892 0.399631
0.024793 -0.0121524 0.287611 -0.490379
0.0197633 -0.0112521 0.250627 0.00803243
0.0207881 -0.0114899 0.260059 0.00868952
0.0167426 -0.0103457 0.22672 0.302077
0.0143208 -0.00790835 0.21618 0.57328
0.0390597 -0.0149263 0.389103 -1.05049
0.0299799 -0.0156497 0.349903 -0.414112
0.0424595 -0.0078771 0.342468 0.0176559
0.0346626 -0.0104932 0.33058 0.217227
0.0332425 -0.0100657 0.313848 0.014058
0.0262992 -0.00614206 0.255758 0.44286
0.00538315 -0.00603637 0.144851 0.737192
0.0145611 -0.00970943 0.200829 0.00491212
0.016773 -0.00895711 0.20046 0.277529
0.0169306 -0.0110311 0.229644 0.00645038
0.0232819 -0.00985867 0.24109 0.267025
0.0194609 -0.0085994 0.221859 0.492872
0.0247915 -0.0126377 0.297868 0.0116066
0.0254251 -0.0112386 0.280586 0.0104483
