-0.107445 -0.00661015 -0.564526 -5.68527
-0.107445 -0.00661015 -0.564526 -5.68527
-0.107445 -0.00661015 -0.564526 -5.68527
-0.107445 -0.00661015 -0.564526 -5.68527
-0.107445 -0.00661015 -0.564526 -5.68527
-0.107445 -0.00661015 -0.564526 -5.68527
-0.107445 -0.00661015 -0.564526 -5.68527
-0.107445 -0.00661015 -0.564526 -5.68527
-0.107445 -0.00661015 -0.564526 -5.68527
-0.107445 -0.00661015 -0.564526 -5.68527
-0.107445 -0.00661015 -0.564526 -5.68527
-0.107445 -0.00661015 -0.564526 -5.68527
-0.107445 -0.00661015 -0.564526 -5.68527
-0.192763 -7.68561e-05 0.000308776 2.99929
-0.107445 -0.00661015 -0.564526 -5.68527
-0.107445 -0.00661015 -0.564526 -5.68527
-0.107445 -0.00661015 -0.564526 -5.68527
-0.107445 -0.00661015 -0.564526 -5.68527
-0.107445 -0.00661015 -0.564526 -5.68527
-0.107445 -0.00661015 -0.564526 -5.68527
-0.107445 -0.00661015 -0.564526 -5.68527
-0.107445 -0.00661015 -0.564526 -5.68527
-0.107445 -0.00661015 -0.564526 -5.68527
-0.107445 -0.00661015 -0.564526 -5.68527
-0.107445 -0.00661015 -0.564526 -5.68527
-0.107445 -0.00661015 -0.564526 -5.68527
-0.107445 -0.00661015 -0.564526 -5.68527
0.0685932 -0.0561054 -4.11089e-05 1.99972
-0.228345 0.0059292 0.0195711 1.9558
16.794 -1.14536 -137.777 -7.33626
-0.107445 -0.00661015 -0.564526 -5.68527
-0.107445 -0.00661015 -0.564526 -5.68527
-0.107445 -0.00661015 -0.564526 -5.68527
-0.107445 -0.00661015 -0.564526 -5.68527
-0.107445 -0.00661015 -0.564526 -5.68527
-0.107445 -0.00661015 -0.564526 -5.68527
13.4705 -0.923485 -110.231 -7.29003
-0.22489 0.00545979 0.0169694 1.95148
-0.107445 -0.00661015 -0.564526 -5.68527
-0.107445 -0.00661015 -0.564526 -5.68527
-0.107445 -0.00661015 -0.564526 -5.68527
-0.107445 -0.00661015 -0.564526 -5.68527
-0.107445 -0.00661015 -0.564526 -5.68527
-0.107445 -0.00661015 -0.564526 -5.68527
-0.107445 -0.00661015 -0.564526 -5.68527
-0.107445 -0.00661015 -0.564526 -5.68527
-0.107445 -0.00661015 -0.564526 -5.68527
-0.107445 -0.00661015 -0.564526 -5.68527
-0.107445 -0.00661015 -0.564526 -5.68527
-0.107445 -0.00661015 -0.564526 -5.68527
-0.107445 -0.00661015 -0.564526 -5.68527
-0.107445 -0.00661015 -0.564526 -5.68527
-0.217042 0.00405612 0.0128333 1.96739
-0.107445 -0.00661015 -0.564526 -5.68527
-0.107445 -0.00661015 -0.564526 -5.68527
-0.107445 -0.00661015 -0.564526 -5.68527
-0.107445 -0.00661015 -0.564526 -5.68527
-0.107445 -0.00661015 -0.564526 -5.68527
-0.107445 -0.00661015 -0.564526 -5.68527
-0.107445 -0.00661015 -0.564526 -5.68527
-0.107445 -0.00661015 -0.564526 -5.68527
-0.107445 -0.00661015 -0.564526 -5.68527
-0.107445 -0.00661015 -0.564526 -5.68527
-0.107445 -0.00661015 -0.564526 -5.68527
-0.107445 -0.00661015 -0.564526 -5.68527
-7.33766 0.628576 45.101 -5.64461
-0.221726 0.00491862 0.0156964 1.95663
-0.557435 0.141876 -0.113339 3.44186
-0.190361 -0.000725719 0.00110351 2.99649
-0.107445 -0.00661015 -0.564526 -5.68527
-0.107445 -0.00661015 -0.564526 -5.68527
-0.107445 -0.00661015 -0.564526 -5.68527
-0.107445 -0.00661015 -0.564526 -5.68527
-0.223912 0.00522663 0.0166713 1.9602
-0.228345 0.0059292 0.0195711 1.9558
-0.107445 -0.00661015 -0.564526 -5.68527
-0.107445 -0.00661015 -0.564526 -5.68527
-7.63369 0.666302 45.5958 -5.4487
-0.107445 -0.00661015 -0.564526 -5.68527
-0.107445 -0.00661015 -0.564526 -5.68527
-0.107445 -0.00661015 -0.564526 -5.68527
-8.438 0.695725 55.7868 -6.12443
-8.74273 0.901183 32.6097 -2.58484
-0.107445 -0.00661015 -0.564526 -5.68527
-0.107445 -0.00661015 -0.564526 -5.68527
0.635774 -0.182609 0.0442166 2.09201
-0.107445 -0.00661015 -0.564526 -5.68527
-0.107445 -0.00661015 -0.564526 -5.68527
-0.107445 -0.00661015 -0.564526 -5.68527
-0.107445 -0.00661015 -0.564526 -5.68527
-0.107445 -0.00661015 -0.564526 -5.68527
-0.107445 -0.00661015 -0.564526 -5.68527
-8.517 0.716006 54.5684 -5.90205
-0.107445 -0.00661015 -0.564526 -5.68527
-0.107445 -0.00661015 -0.564526 -5.68527
-0.217787 0.00417668 0.0135291 1.96794
-0.107445 -0.00661015 -0.564526 -5.68527
-0.107445 -0.00661015 -0.564526 -5.68527
-0.107445 -0.00661015 -0.564526 -5.68527
-0.107445 -0.00661015 -0.564526 -5.68527
0.510361 -0.15081 -4.80058e-05 1.99988
11.0252 -0.730989 -96.5591 -7.85807
-0.107445 -0.00661015 -0.564526 -5.68527
-0.107445 -0.00661015 -0.564526 -5.68527
-0.107445 -0.00661015 -0.564526 -5.68527
-0.107445 -0.00661015 -0.564526 -5.68527
0.660198 -0.162643 -0.591264 -2.2391
-0.107445 -0.00661015 -0.564526 -5.68527
-8.517 0.716006 54.5684 -5.90205
-0.107445 -0.00661015 -0.564526 -5.68527
-0.107445 -0.00661015 -0.564526 -5.68527
-0.107445 -0.00661015 -0.564526 -5.68527
-0.107445 -0.00661015 -0.564526 -5.68527
-0.107445 -0.00661015 -0.564526 -5.68527
8.67378 -0.593247 -72.805 -7.43832
-0.107445 -0.00661015 -0.564526 -5.68527
-0.56125 0.145885 -0.113071 3.47465
-0.107445 -0.00661015 -0.564526 -5.68527
-0.107445 -0.00661015 -0.564526 -5.68527
-0.107445 -0.00661015 -0.564526 -5.68527
-0.107445 -0.00661015 -0.564526 -5.68527
-0.107445 -0.00661015 -0.564526 -5.68527
-0.107445 -0.00661015 -0.564526 -5.68527
9.23218 -0.636782 -76.1644 -7.30678
-0.107445 -0.00661015 -0.564526 -5.68527
-0.107445 -0.00661015 -0.564526 -5.68527
11.0252 -0.730989 -96.5591 -7.85807
-0.221726 0.00491862 0.0156964 1.95663
-0.107445 -0.00661015 -0.564526 -5.68527
-0.107445 -0.00661015 -0.564526 -5.68527
0.359904 -0.125185 0.27763 -2.7061
-0.107445 -0.00661015 -0.564526 -5.68527
-0.221726 0.00491862 0.0156964 1.95663
8.34909 -0.904043 -29.9159 -2.44215
0.478784 -0.143869 -0.00123509 1.99678
-0.107445 -0.00661015 -0.564526 -5.68527
-0.107445 -0.00661015 -0.564526 -5.68527
-0.107445 -0.00661015 -0.564526 -5.68527
-8.24088 0.921355 25.3369 -1.80021
-0.107445 -0.00661015 -0.564526 -5.68527
-0.107445 -0.00661015 -0.564526 -5.68527
-0.107445 -0.00661015 -0.564526 -5.68527
-0.107445 -0.00661015 -0.564526 -5.68527
-0.107445 -0.00661015 -0.564526 -5.68527
-0.107445 -0.00661015 -0.564526 -5.68527
0.510617 -0.154111 0.105022 3.43478
-0.225864 0.00563457 0.0172231 1.95358
0.594793 -0.15706 -0.305035 -1.85685
-0.222548 0.00509736 0.0159505 1.9551
-0.232844 0.00675777 0.0216365 1.94448
-0.107445 -0.00661015 -0.564526 -5.68527
-0.232844 0.00675777 0.0216365 1.94448
-0.107445 -0.00661015 -0.564526 -5.68527
11.2549 -0.753374 -96.9838 -7.71723
-0.107445 -0.00661015 -0.564526 -5.68527
-5.862 0.525557 32.7345 -5.07212
-0.190361 -0.000725719 0.00110351 2.99649
-0.107445 -0.00661015 -0.564526 -5.68527
-0.107445 -0.00661015 -0.564526 -5.68527
-0.107445 -0.00661015 -0.564526 -5.68527
10.8124 -0.688939 -101.117 -8.46657
0.175753 -0.025055 -0.000198009 1.99938
0.125283 -0.00977437 -0.0215947 2.92527
-0.107445 -0.00661015 -0.564526 -5.68527
-5.20388 0.273813 42.1784 -6.63949
-0.558693 0.142511 -0.115781 3.43319
0.349166 -0.122778 0.271274 -2.71728
-0.190361 -0.000725719 0.00110351 2.99649
-0.233611 0.00696748 0.0214544 1.94404
-0.107445 -0.00661015 -0.564526 -5.68527
-0.107445 -0.00661015 -0.564526 -5.68527
-8.79586 0.73674 56.8178 -5.95392
-0.229354 0.0062621 0.0188636 1.9546
-0.107445 -0.00661015 -0.564526 -5.68527
9.23218 -0.636782 -76.1644 -7.30678
-0.107445 -0.00661015 -0.564526 -5.68527
0.510361 -0.15081 -4.80058e-05 1.99988
-0.107445 -0.00661015 -0.564526 -5.68527
0.30256 -0.0460426 -0.0659318 1.83638
-0.225864 0.00563457 0.0172231 1.95358
-10.6908 1.03355 46.4521 -3.28811
10.1454 -0.799288 -77.1469 -7.19165
-8.69959 0.879494 34.0031 -2.80325
-0.107445 -0.00661015 -0.564526 -5.68527
-0.233611 0.00696748 0.0214544 1.94404
-0.107445 -0.00661015 -0.564526 -5.68527
-0.107445 -0.00661015 -0.564526 -5.68527
-0.107445 -0.00661015 -0.564526 -5.68527
0.595334 -0.168945 -0.00048264 1.99482
-0.191379 -0.00052219 0.000965844 2.99671
-0.107445 -0.00661015 -0.564526 -5.68527
0.171426 -0.0181786 -0.000419304 1.99872
0.542775 -0.159879 0.10203 3.39834
6.41569 -0.552734 -43.9934 -6.49283
-0.233611 0.00696748 0.0214544 1.94404
-0.190361 -0.000725719 0.00110351 2.99649
-10.2046 0.704052 79.3684 -6.83455
-10.8507 0.72797 89.1161 -7.29387
-0.532492 0.134736 -0.103624 3.48084
-0.232844 0.00675777 0.0216365 1.94448
-0.222617 0.0050277 0.0161284 1.9527
-0.232844 0.00675777 0.0216365 1.94448
-0.107445 -0.00661015 -0.564526 -5.68527
-0.529792 0.132716 -0.104312 3.4622
-0.191529 -0.000405275 0.000919789 2.99714
-0.107445 -0.00661015 -0.564526 -5.68527
-0.107445 -0.00661015 -0.564526 -5.68527
-0.561756 0.140001 5.20302e-05 1.99941
-0.221726 0.00491862 0.0156964 1.95663
0.346925 -0.127953 0.468498 -2.76577
-0.540452 0.115256 0.332389 -1.39258
-9.88013 0.990917 39.1369 -2.83296
0.066542 -0.0155525 0.548189 -2.42411
0.431875 -0.134872 0.107609 -4.69628
10.8124 -0.688939 -101.117 -8.46657
10.8124 -0.688939 -101.117 -8.46657
-0.180526 -0.0036133 0.00576052 2.98277
-0.192413 -0.000214088 0.000571671 2.99833
-0.180526 -0.0036133 0.00576052 2.98277
-0.331082 -0.0654141 3.66309 -3.49547
-0.569009 0.140094 0.00014064 1.99966
9.25753 -0.930163 -39.067 -3.14569
-0.107445 -0.00661015 -0.564526 -5.68527
-7.42008 0.796647 25.0255 -2.1818
0.641127 -0.180054 0.10943 3.36817
-0.53511 0.132643 -0.109105 3.42085
0.120977 -0.00625581 -0.0517682 2.82454
-0.579799 0.151723 -0.12073 3.45096
-0.038574 -0.00724362 0.340397 0.258377
-11.096 0.743102 90.6759 -7.22149
8.13391 -0.840726 -32.5226 -2.89316
0.586138 -0.169236 0.107427 3.396
0.0498459 -0.00395319 0.321731 -0.376627
-9.60661 0.974146 37.577 -2.79847
-0.225864 0.00563457 0.0172231 1.95358
0.675439 -0.0915782 -0.577727 1.15588
9.3567 -0.644068 -96.2415 -10.2217
-0.233611 0.00696748 0.0214544 1.94404
0.460353 -0.14001 -0.000328906 1.99912
-5.67516 0.325673 53.1574 -8.28483
0.464882 -0.058817 -0.588703 -0.209842
0.045243 -0.0542154 0.0783347 2.60224
0.618052 -0.176187 0.11272 3.39817
0.679559 -0.17234 -0.420439 -2.43168
0.98422 -0.156002 -2.28571 -2.98724
4.18964 -0.480854 -14.8521 -2.67705
-0.0959576 0.000707056 0.00126207 1.99588
-0.549057 0.0994055 0.704129 0.825184
-0.123885 0.0332783 -0.0363269 2.32976
0.268684 -0.0991239 0.0899282 2.34159
-0.107445 -0.00661015 -0.564526 -5.68527
0.027644 -0.00646876 0.371447 -0.568361
0.605036 -0.0708672 -0.836969 0.270592
-4.80704 0.445828 18.1166 -2.3876
0.390402 -0.0864263 0.0195217 3.06019
0.56991 -0.155766 0.0927477 3.39867
