0.0454693 -0.0112066 0.374772 -0.509352
0.0314086 -0.00884908 0.296183 0.274587
0.0477477 -0.0165243 0.441591 -1.09683
9.42735 -0.855662 -49.0387 -4.1967
5.09676 -0.529588 -23.4886 -3.89356
0.0861242 -0.0144547 0.626364 -2.20511
0.0401267 -0.0065978 0.314522 0.0150978
0.0646052 -0.012476 0.492623 -0.945732
0.0531522 -0.00857342 0.403802 -0.365202
0.0672154 -0.0154895 0.519495 -1.32134
0.0526172 -0.00861376 0.402991 -0.43834
-0.435397 0.0870525 -0.00132486 2.00306
-0.242456 0.00839296 0.02725 1.93881
0.0826872 -0.0241851 0.758417 -3.1663
0.0583284 -0.0131162 0.459653 -0.749978
0.0580453 -0.0134031 0.472114 -0.92208
0.0672154 -0.0154895 0.519495 -1.32134
0.0546838 -0.0138388 0.461159 -0.904384
0.0537872 -0.0127963 0.414188 -0.776139
-0.574972 0.0928117 0.689771 0.869696
0.22876 -0.0335156 0.120924 -0.27873
0.0649851 -0.0122688 0.481982 -0.788456
0.0601713 -0.016238 0.497995 -1.43898
0.0598852 -0.012163 0.449229 -1.00414
0.081984 -0.0205036 0.689248 -2.52975
0.0635825 -0.0158036 0.506243 -1.29598
0.0672154 -0.0154895 0.519495 -1.32134
-2.95689 0.157328 25.4554 -6.99119
0.0740317 -0.0190274 0.627116 -1.90279
0.0583284 -0.0131162 0.459653 -0.749978
0.0603699 -0.0097144 0.417358 -0.513449
0.0561789 -0.00826643 0.413789 -0.46173
0.0839688 -0.0188569 0.726744 -3.77632
0.0531412 -0.011123 0.423675 -0.739978
0.0537872 -0.0127963 0.414188 -0.776139
0.260809 -0.0351724 0.0249083 -0.308708
0.0496607 -0.00718573 0.337335 -0.483602
0.0653347 -0.0149758 0.506321 -1.71472
0.0294243 -0.00695472 0.254382 0.0095658
0.0526954 -0.013449 0.443564 -1.19504
0.0613496 -0.0129473 0.482569 -0.935591
0.0511095 -0.00790703 0.370408 -0.460187
0.072039 -0.0177572 0.567522 -1.46464
0.0412395 -0.00692617 0.325372 0.0161839
0.073833 -0.0185036 0.595466 -1.34075
0.254992 -0.0376281 0.0625611 -0.308362
0.0616732 -0.0126976 0.470915 -0.770259
0.268383 -0.0349025 0.00111964 -0.288241
0.0472712 -0.0100842 0.352942 -0.562918
0.0371778 -0.00837739 0.315745 0.0146649
0.0537789 -0.0159896 0.480046 -1.35282
0.0813329 -0.0177391 0.62444 -2.08311
0.041191 -0.00410269 0.289733 0.0130785
0.0489817 -0.0108215 0.384817 -0.528219
0.0308989 -0.00877932 0.285752 0.0118171
0.0302862 -0.00462705 0.241853 0.387089
0.0657699 -0.0130055 0.492475 -1.36925
0.0476001 -0.00828368 0.359961 -0.437061
0.0414285 -0.00496527 0.303767 0.0144205
0.0489817 -0.0108215 0.384817 -0.528219
0.0497331 -0.0108274 0.386236 -0.452221
0.0531412 -0.011123 0.423675 -0.739978
0.0421174 -0.00639353 0.322224 0.0158951
0.0496334 -0.00756478 0.371239 -0.360789
0.0620443 -0.0151648 0.48143 -1.46226
0.0488507 -0.0117076 0.421074 -0.869558
0.0406319 -0.00903814 0.338689 -0.385694
0.069327 -0.0126858 0.505968 -1.39483
0.0477912 -0.00505701 0.34467 -0.341252
0.0825082 -0.0181128 0.670833 -3.09429
0.0350753 -0.00795582 0.301733 0.0135663
0.0441056 -0.00866055 0.349395 -0.412294
0.0806337 -0.0178352 0.64233 -2.34975
0.0657699 -0.0130055 0.492475 -1.36925
0.0605072 -0.0132369 0.495853 -1.11088
0.0490695 -0.00900255 0.393236 -0.420305
0.0444436 -0.00909321 0.383353 -0.308928
0.0735204 -0.01847 0.610122 -2.2961
0.0672779 -0.0157073 0.530735 -1.5235
0.0465392 -0.00796613 0.359336 -0.331772
0.0531412 -0.011123 0.423675 -0.739978
0.0531412 -0.011123 0.423675 -0.739978
0.0388248 -0.00823034 0.325277 0.0157189
0.0765735 -0.0117827 0.519659 -1.2409
0.0590423 -0.00711944 0.390173 -0.417469
0.0634998 -0.00997632 0.460588 -0.826938
0.0515273 -0.0139153 0.436415 -0.701945
0.0433376 -0.00734475 0.339326 0.0173659
0.0435298 -0.00538597 0.317765 0.0155435
0.0566668 -0.0107834 0.437329 -0.779151
0.0429032 -0.00657143 0.354343 -0.27455
0.0363739 -0.00518619 0.289332 0.327903
0.0553883 -0.0111114 0.429215 -0.379224
0.0613496 -0.0129473 0.482569 -0.935591
0.0616732 -0.0126976 0.470915 -0.770259
0.0689161 -0.0158805 0.534848 -1.02922
0.0414135 -0.00951472 0.371702 -0.282082
0.0370672 -0.00775231 0.309449 0.0143529
0.0526954 -0.013449 0.443564 -1.19504
0.0827196 -0.0150707 0.634971 -2.52185
0.0763935 -0.0159382 0.645752 -3.41441
0.0243487 5.38104e-05 0.20652 0.713762
0.0425233 -0.0145785 0.403045 -1.09177
0.0478464 -0.0110662 0.38895 -0.953043
0.0667085 -0.0154198 0.530537 -2.09363
0.0441056 -0.00866055 0.349395 -0.412294
0.0486726 -0.00712901 0.335777 -0.569322
0.0406319 -0.00903814 0.338689 -0.385694
0.0672779 -0.0157073 0.530735 -1.5235
0.0560283 -0.0130482 0.456538 -1.22251
0.0765336 -0.018234 0.644119 -2.61982
0.03989 -0.00573588 0.300501 0.0137686
0.0344829 -0.00560145 0.267273 0.0108722
0.0419616 -0.0115918 0.364672 -0.489362
0.0325491 -0.00863447 0.295331 0.0127883
0.049103 -0.00535446 0.343214 -0.439898
0.0717816 -0.0118903 0.522537 -2.50521
0.0598852 -0.012163 0.449229 -1.00414
0.0321275 -0.00973608 0.302968 0.0130521
0.0472712 -0.0100842 0.352942 -0.562918
0.0608591 -0.0129038 0.467875 -1.80874
0.0344829 -0.00560145 0.267273 0.0108722
0.0361347 -0.00545752 0.276875 0.0117742
0.0443696 -0.0114147 0.375612 -0.91413
0.0414135 -0.00951472 0.371702 -0.282082
0.0346528 -0.00905687 0.309359 0.0138627
0.0384785 -0.00674398 0.304973 0.0140773
0.0639793 -0.0161069 0.518914 -1.51432
0.0352578 -0.00599077 0.280039 0.0120248
0.0476299 -0.0146527 0.436993 -0.845794
0.0371778 -0.00837739 0.315745 0.0146649
0.0846838 -0.0175644 0.702259 -3.4264
0.0424918 -0.00246934 0.278962 0.012344
0.0611795 -0.01286 0.458883 -1.56995
0.0321607 -0.00958459 0.317905 -0.319019
0.0766665 -0.0181049 0.689074 -3.81208
0.0566668 -0.0107834 0.437329 -0.779151
0.0531412 -0.011123 0.423675 -0.739978
0.0435298 -0.00538597 0.317765 0.0155435
0.0395925 -0.00707304 0.315839 0.0151281
0.0593411 -0.0126394 0.469278 -1.24704
0.0414135 -0.00951472 0.371702 -0.282082
0.0410043 -0.00606509 0.311371 0.0148148
0.0476001 -0.00828368 0.359961 -0.437061
0.03989 -0.00573588 0.300501 0.0137686
0.0389018 -0.00564359 0.297358 0.0137157
0.0414135 -0.00951472 0.371702 -0.282082
0.229694 -0.0301463 0.0697309 -0.243323
0.0566382 -0.00758995 0.402593 -1.09045
0.0547944 -0.0104095 0.418174 -1.0451
0.0443696 -0.0114147 0.375612 -0.91413
0.0371912 -0.00295745 0.251976 0.00992659
0.0456357 -0.00574962 0.333083 -0.417043
0.0397792 -0.00511061 0.294201 0.0134343
0.0489817 -0.0108215 0.384817 -0.528219
0.0384785 -0.00674398 0.304973 0.0140773
0.0549474 -0.0135226 0.448161 -0.727296
0.0593411 -0.0126394 0.469278 -1.24704
0.0434716 -0.00836576 0.347189 -0.300219
0.03989 -0.00573588 0.300501 0.0137686
0.0359523 -0.00742265 0.29857 0.0133315
0.0384785 -0.00674398 0.304973 0.0140773
0.0371778 -0.00837739 0.315745 0.0146649
0.0568168 -0.0100867 0.407098 -0.494403
0.217213 -0.0279618 0.0265663 -0.216457
0.0397792 -0.00511061 0.294201 0.0134343
0.0343025 -0.00756797 0.288999 0.0123586
0.0284553 -0.000923485 0.215861 0.574406
0.0645185 -0.0124794 0.47129 -1.58334
0.0476001 -0.00828368 0.359961 -0.437061
0.0591106 -0.0127775 0.477414 -1.43806
0.0373632 -0.0064142 0.29409 0.0130613
0.0454693 -0.0112066 0.374772 -0.509352
0.0350753 -0.00795582 0.301733 0.0135663
0.038129 -0.00525556 0.284624 0.0124796
0.0372518 -0.0057885 0.287782 0.0127458
0.0476001 -0.00828368 0.359961 -0.437061
0.0406319 -0.00903814 0.338689 -0.385694
0.0259502 -0.00286714 0.212343 0.45216
0.0437189 -0.00342507 0.296159 0.0137067
0.0611795 -0.01286 0.458883 -1.56995
0.0371912 -0.00295745 0.251976 0.00992659
0.0485531 -0.013649 0.420269 -1.64315
0.0344829 -0.00560145 0.267273 0.0108722
0.041805 -0.00792388 0.31543 -0.526382
0.0451184 -0.00831216 0.355651 -0.908224
0.0357804 -0.0039659 0.256457 0.0102779
0.0321961 -0.00714366 0.274933 0.0113451
0.0513669 -0.0107694 0.404591 -1.00804
0.0336062 -0.00613466 0.27044 0.011108
0.0560283 -0.0130482 0.456538 -1.22251
0.0763935 -0.0159382 0.645752 -3.41441
0.0513669 -0.0107694 0.404591 -1.00804
0.0361347 -0.00545752 0.276875 0.0117742
0.0740222 -0.0187508 0.68927 -3.97671
0.0655914 -0.0126899 0.478779 -1.15092
0.0321397 -0.00192705 0.230194 0.389998
0.0456357 -0.00574962 0.333083 -0.417043
0.0321607 -0.00958459 0.317905 -0.319019
0.0512886 -0.0110299 0.413962 -1.21131
0.029714 -0.00123369 0.196435 0.401105
0.0344829 -0.00560145 0.267273 0.0108722
0.0349037 -0.00449918 0.259625 0.0105378
0.0535767 -0.0135252 0.436234 -1.71704
0.0437637 -0.00624617 0.331745 0.0169664
0.0765336 -0.018234 0.644119 -2.61982
0.0435298 -0.00538597 0.317765 0.0155435
0.0657699 -0.0130055 0.492475 -1.36925
0.0591106 -0.0127775 0.477414 -1.43806
0.0395403 -0.00424744 0.28015 0.0121453
0.0513669 -0.0107694 0.404591 -1.00804
0.0581568 -0.00715288 0.391004 -0.502112
0.0645366 -0.0125888 0.482821 -1.84454
0.0397215 -0.00228141 0.258435 0.0104972
0.0321607 -0.00958459 0.317905 -0.319019
0.0344829 -0.00560145 0.267273 0.0108722
0.0547944 -0.0104095 0.418174 -1.0451
0.0486726 -0.00712901 0.335777 -0.569322
0.0531412 -0.011123 0.423675 -0.739978
0.0376012 -0.00727693 0.30813 0.0143361
0.0436201 -0.00691346 0.357944 -0.389671
0.0513669 -0.0107694 0.404591 -1.00804
0.0547944 -0.0104095 0.418174 -1.0451
0.0476001 -0.00828368 0.359961 -0.437061
0.0451768 -0.00523884 0.327293 0.0165951
0.0460551 -0.00470666 0.324155 0.0162606
0.0600681 -0.0108401 0.463306 -0.99343
0.0489929 -0.00692682 0.39749 -0.22617
0.0416145 -0.00300243 0.282121 0.0126356
0.0419575 -0.00294451 0.280277 0.012414
0.0478257 -0.0113711 0.399649 -1.17025
0.0547944 -0.0104095 0.418174 -1.0451
0.0424918 -0.00246934 0.278962 0.012344
0.0465392 -0.00796613 0.359336 -0.331772
0.0589471 -0.00965054 0.41482 -0.859961
0.0476001 -0.00828368 0.359961 -0.437061
0.0594342 -0.0103299 0.435076 -1.11586
0.041191 -0.00410269 0.289733 0.0130785
0.0423063 -0.00443252 0.300616 0.0141132
0.0580282 -0.0102616 0.441326 -1.28014
0.0603699 -0.0097144 0.417358 -0.513449
0.0931704 -0.0209075 0.755644 -2.8407
0.0485805 -0.00402744 0.330548 0.0169298
0.0550247 0.00154079 0.304853 0.0147795
0.276585 -0.0340932 0.0903592 -0.329999
0.236285 -0.0300843 0.156473 -0.307458
0.0682672 -0.0118315 0.492893 -0.804897
0.0683011 -0.00702626 0.443024 -0.368348
0.0521125 -0.00673104 0.345844 -0.588583
0.0397792 -0.00511061 0.294201 0.0134343
0.0399648 -0.0031474 0.272548 0.0115375
0.0757368 -0.0156722 0.645754 -3.67023
0.075335 -0.0117734 0.529867 -1.4136
0.075335 -0.0117734 0.529867 -1.4136
0.0561789 -0.00826643 0.413789 -0.46173
0.0827196 -0.0150707 0.634971 -2.52185
