-0.107445 -0.00661015 -0.564526 -5.68527
-0.107445 -0.00661015 -0.564526 -5.68527
-0.107445 -0.00661015 -0.564526 -5.68527
-0.107445 -0.00661015 -0.564526 -5.68527
-0.107445 -0.00661015 -0.564526 -5.68527
-0.223827 0.00533557 0.0155981 1.9651
-0.107445 -0.00661015 -0.564526 -5.68527
-0.107445 -0.00661015 -0.564526 -5.68527
-0.107445 -0.00661015 -0.564526 -5.68527
-0.107445 -0.00661015 -0.564526 -5.68527
-0.107445 -0.00661015 -0.564526 -5.68527
-0.107445 -0.00661015 -0.564526 -5.68527
-0.107445 -0.00661015 -0.564526 -5.68527
-0.107445 -0.00661015 -0.564526 -5.68527
-0.107445 -0.00661015 -0.564526 -5.68527
-0.222617 0.0050277 0.0161284 1.9527
-0.107445 -0.00661015 -0.564526 -5.68527
-0.107445 -0.00661015 -0.564526 -5.68527
-0.107445 -0.00661015 -0.564526 -5.68527
-0.107445 -0.00661015 -0.564526 -5.68527
-0.795212 0.0808986 0.915493 0.524606
21.111 -1.43004 -173.737 -7.37905
-0.232844 0.00675777 0.0216365 1.94448
19.0346 -1.57494 -114.334 -5.10073
-0.107445 -0.00661015 -0.564526 -5.68527
-0.107445 -0.00661015 -0.564526 -5.68527
-0.107445 -0.00661015 -0.564526 -5.68527
-0.107445 -0.00661015 -0.564526 -5.68527
-0.107445 -0.00661015 -0.564526 -5.68527
-0.107445 -0.00661015 -0.564526 -5.68527
-0.107445 -0.00661015 -0.564526 -5.68527
-0.221726 0.00491862 0.0156964 1.95663
-0.107445 -0.00661015 -0.564526 -5.68527
-0.107445 -0.00661015 -0.564526 -5.68527
-0.107445 -0.00661015 -0.564526 -5.68527
-0.107445 -0.00661015 -0.564526 -5.68527
-0.107445 -0.00661015 -0.564526 -5.68527
-0.107445 -0.00661015 -0.564526 -5.68527
-0.107445 -0.00661015 -0.564526 -5.68527
-0.107445 -0.00661015 -0.564526 -5.68527
-0.107445 -0.00661015 -0.564526 -5.68527
-0.107445 -0.00661015 -0.564526 -5.68527
22.0001 -1.50794 -177.402 -7.21114
-0.107445 -0.00661015 -0.564526 -5.68527
-0.240988 0.00810285 0.0275506 1.89203
-0.107445 -0.00661015 -0.564526 -5.68527
-0.107445 -0.00661015 -0.564526 -5.68527
-0.218263 0.00433106 0.0133276 1.96561
-0.107445 -0.00661015 -0.564526 -5.68527
-0.107445 -0.00661015 -0.564526 -5.68527
-0.107445 -0.00661015 -0.564526 -5.68527
-0.107445 -0.00661015 -0.564526 -5.68527
0.478784 -0.143869 -0.00123509 1.99678
-0.107445 -0.00661015 -0.564526 -5.68527
-0.107445 -0.00661015 -0.564526 -5.68527
-0.107445 -0.00661015 -0.564526 -5.68527
-0.107445 -0.00661015 -0.564526 -5.68527
0.445272 -0.136787 -0.000104388 1.99971
-0.107445 -0.00661015 -0.564526 -5.68527
-0.107445 -0.00661015 -0.564526 -5.68527
-0.107445 -0.00661015 -0.564526 -5.68527
-0.107445 -0.00661015 -0.564526 -5.68527
-0.107445 -0.00661015 -0.564526 -5.68527
-0.107445 -0.00661015 -0.564526 -5.68527
-0.107445 -0.00661015 -0.564526 -5.68527
-0.107445 -0.00661015 -0.564526 -5.68527
-0.107445 -0.00661015 -0.564526 -5.68527
-0.107445 -0.00661015 -0.564526 -5.68527
-0.107445 -0.00661015 -0.564526 -5.68527
-0.107445 -0.00661015 -0.564526 -5.68527
-0.22489 0.00545979 0.0169694 1.95148
-0.107445 -0.00661015 -0.564526 -5.68527
-0.107445 -0.00661015 -0.564526 -5.68527
-0.107445 -0.00661015 -0.564526 -5.68527
-0.107445 -0.00661015 -0.564526 -5.68527
-0.107445 -0.00661015 -0.564526 -5.68527
-0.107445 -0.00661015 -0.564526 -5.68527
-0.107445 -0.00661015 -0.564526 -5.68527
8.21268 -0.564357 -68.7163 -7.40428
-0.107445 -0.00661015 -0.564526 -5.68527
-0.107445 -0.00661015 -0.564526 -5.68527
-0.107445 -0.00661015 -0.564526 -5.68527
-0.107445 -0.00661015 -0.564526 -5.68527
-0.107445 -0.00661015 -0.564526 -5.68527
-0.107445 -0.00661015 -0.564526 -5.68527
-0.189647 -0.000974099 0.00148088 2.99519
-0.233611 0.00696748 0.0214544 1.94404
-0.107445 -0.00661015 -0.564526 -5.68527
-0.107445 -0.00661015 -0.564526 -5.68527
-0.107445 -0.00661015 -0.564526 -5.68527
-0.107445 -0.00661015 -0.564526 -5.68527
-5.862 0.525557 32.7345 -5.07212
-0.107445 -0.00661015 -0.564526 -5.68527
-0.107445 -0.00661015 -0.564526 -5.68527
-0.107445 -0.00661015 -0.564526 -5.68527
-0.107445 -0.00661015 -0.564526 -5.68527
-0.107445 -0.00661015 -0.564526 -5.68527
0.371649 -0.122604 0.107975 -3.14942
-0.232737 0.0067231 0.0219384 1.93286
-0.222548 0.00509736 0.0159505 1.9551
-0.190361 -0.000725719 0.00110351 2.99649
13.3637 -0.922696 -108.39 -7.21539
-0.107445 -0.00661015 -0.564526 -5.68527
-0.107445 -0.00661015 -0.564526 -5.68527
-0.107445 -0.00661015 -0.564526 -5.68527
-0.107445 -0.00661015 -0.564526 -5.68527
-0.107445 -0.00661015 -0.564526 -5.68527
-5.862 0.525557 32.7345 -5.07212
-0.107445 -0.00661015 -0.564526 -5.68527
8.42038 -0.571739 -71.769 -7.56651
-0.107445 -0.00661015 -0.564526 -5.68527
-0.107445 -0.00661015 -0.564526 -5.68527
-0.107445 -0.00661015 -0.564526 -5.68527
-0.107445 -0.00661015 -0.564526 -5.68527
-0.107445 -0.00661015 -0.564526 -5.68527
-0.107445 -0.00661015 -0.564526 -5.68527
0.346925 -0.127953 0.468498 -2.76577
-0.107445 -0.00661015 -0.564526 -5.68527
-0.107445 -0.00661015 -0.564526 -5.68527
-0.107445 -0.00661015 -0.564526 -5.68527
-0.107445 -0.00661015 -0.564526 -5.68527
-0.107445 -0.00661015 -0.564526 -5.68527
-0.107445 -0.00661015 -0.564526 -5.68527
-0.107445 -0.00661015 -0.564526 -5.68527
-6.18168 0.556581 34.4366 -5.04726
-0.107445 -0.00661015 -0.564526 -5.68527
-0.107445 -0.00661015 -0.564526 -5.68527
0.579703 -0.165864 0.0939569 3.34096
-0.107445 -0.00661015 -0.564526 -5.68527
-0.222617 0.0050277 0.0161284 1.9527
8.67378 -0.593247 -72.805 -7.43832
-0.107445 -0.00661015 -0.564526 -5.68527
8.91491 -0.610967 -74.5889 -7.42021
-0.107445 -0.00661015 -0.564526 -5.68527
-0.222617 0.0050277 0.0161284 1.9527
-6.18168 0.556581 34.4366 -5.04726
-0.107445 -0.00661015 -0.564526 -5.68527
-7.33766 0.628576 45.101 -5.64461
-0.107445 -0.00661015 -0.564526 -5.68527
-0.107445 -0.00661015 -0.564526 -5.68527
-0.221726 0.00491862 0.0156964 1.95663
-0.107445 -0.00661015 -0.564526 -5.68527
-6.18168 0.556581 34.4366 -5.04726
-0.107445 -0.00661015 -0.564526 -5.68527
-0.22489 0.00545979 0.0169694 1.95148
8.67378 -0.593247 -72.805 -7.43832
-0.107445 -0.00661015 -0.564526 -5.68527
-0.107445 -0.00661015 -0.564526 -5.68527
8.91491 -0.610967 -74.5889 -7.42021
8.98114 -0.649569 -80.9048 -8.68665
-0.107445 -0.00661015 -0.564526 -5.68527
-0.107445 -0.00661015 -0.564526 -5.68527
8.67378 -0.593247 -72.805 -7.43832
0.510361 -0.15081 -4.80058e-05 1.99988
-0.107445 -0.00661015 -0.564526 -5.68527
-0.225979 0.00555327 0.0183302 1.94185
-0.107445 -0.00661015 -0.564526 -5.68527
-0.107445 -0.00661015 -0.564526 -5.68527
-0.107445 -0.00661015 -0.564526 -5.68527
8.67378 -0.593247 -72.805 -7.43832
-0.232737 0.0067231 0.0219384 1.93286
-0.190361 -0.000725719 0.00110351 2.99649
-5.65564 0.522174 29.9204 -4.75592
-0.191379 -0.00052219 0.000965844 2.99671
-0.107445 -0.00661015 -0.564526 -5.68527
-5.65564 0.522174 29.9204 -4.75592
-0.223065 0.00513883 0.016386 1.95097
-0.107445 -0.00661015 -0.564526 -5.68527
-0.107445 -0.00661015 -0.564526 -5.68527
-0.107445 -0.00661015 -0.564526 -5.68527
-0.107445 -0.00661015 -0.564526 -5.68527
-0.107445 -0.00661015 -0.564526 -5.68527
-0.107445 -0.00661015 -0.564526 -5.68527
6.23392 -0.698843 -21.077 -2.19051
-0.107445 -0.00661015 -0.564526 -5.68527
-0.107445 -0.00661015 -0.564526 -5.68527
-0.107445 -0.00661015 -0.564526 -5.68527
-5.862 0.525557 32.7345 -5.07212
-0.107445 -0.00661015 -0.564526 -5.68527
-0.107445 -0.00661015 -0.564526 -5.68527
-0.225979 0.00555327 0.0183302 1.94185
0.514843 -0.153947 0.0993785 3.40324
-0.107445 -0.00661015 -0.564526 -5.68527
7.95792 -0.547307 -66.7187 -7.41595
7.44617 -0.767794 -30.1286 -2.93515
-0.107445 -0.00661015 -0.564526 -5.68527
7.95792 -0.547307 -66.7187 -7.41595
0.303667 -0.112046 0.182946 -1.08094
-0.107445 -0.00661015 -0.564526 -5.68527
-5.01514 0.475235 24.9916 -4.43785
-0.107445 -0.00661015 -0.564526 -5.68527
0.460353 -0.14001 -0.000328906 1.99912
8.34961 -0.62637 -70.3731 -8.04329
-0.194019 0.000371399 -0.000790647 3.00305
-0.107445 -0.00661015 -0.564526 -5.68527
-0.107445 -0.00661015 -0.564526 -5.68527
-0.221726 0.00491862 0.0156964 1.95663
0.506718 -0.151726 0.101187 3.39272
0.126996 -0.0174594 -0.000465655 1.99837
-0.497034 0.117148 -0.0937813 3.43055
4.1234 -0.421553 -21.031 -4.61281
-0.107445 -0.00661015 -0.564526 -5.68527
-0.107445 -0.00661015 -0.564526 -5.68527
-5.862 0.525557 32.7345 -5.07212
0.52562 -0.156247 0.102885 3.40378
-0.107445 -0.00661015 -0.564526 -5.68527
-0.107445 -0.00661015 -0.564526 -5.68527
8.45141 -0.868265 -34.1579 -2.94424
-0.107445 -0.00661015 -0.564526 -5.68527
-7.87245 0.802681 29.905 -2.67998
0.188974 -0.032292 -0.0011569 1.99635
8.13391 -0.840726 -32.5226 -2.89316
7.08092 -0.770436 -25.4298 -2.43525
0.471158 -0.144605 0.0941047 3.40789
7.50955 -0.784727 -29.4691 -2.80397
0.10097 -0.0114292 -0.0267705 2.89691
0.0557582 -0.0170296 0.591619 -4.20448
8.21268 -0.564357 -68.7163 -7.40428
-0.107445 -0.00661015 -0.564526 -5.68527
6.70492 -0.737296 -23.5809 -2.34773
0.236485 -0.0418478 -0.0334744 -0.261877
-0.107445 -0.00661015 -0.564526 -5.68527
-0.107445 -0.00661015 -0.564526 -5.68527
8.45337 -0.623559 -74.7951 -8.56495
0.478784 -0.143869 -0.00123509 1.99678
0.460353 -0.14001 -0.000328906 1.99912
-0.191379 -0.00052219 0.000965844 2.99671
5.89108 -0.504815 -42.429 -6.98183
0.0209028 -0.012118 0.266411 0.00887652
0.0269982 -0.0027889 0.16214 0.5707
-7.51107 0.789677 26.4271 -2.34496
0.492412 -0.140128 -0.0938299 1.13653
-4.55027 0.297599 36.8948 -6.96288
-0.107445 -0.00661015 -0.564526 -5.68527
-0.107445 -0.00661015 -0.564526 -5.68527
0.0101705 -0.00616387 0.187428 0.645407
-0.221726 0.00491862 0.0156964 1.95663
0.497985 -0.149574 0.0902754 3.37862
-0.107445 -0.00661015 -0.564526 -5.68527
0.0154281 -0.00180593 0.118729 0.757224
6.19256 -0.38117 -57.8442 -8.23685
-7.06438 0.74423 24.5639 -2.29998
-0.52237 0.125217 -0.00195185 2.00576
0.0214276 -0.00605603 0.238924 0.222727
5.0137 -0.494241 -26.4975 -4.78994
-3.34041 0.269418 25.8718 -7.80892
-0.51503 0.122086 -0.105954 3.36296
0.40428 -0.0712707 -0.101179 1.77733
-0.339188 0.0516522 0.16648 -0.33839
6.7574 -0.538735 -51.2523 -7.1163
0.0685932 -0.0561054 -4.11089e-05 1.99972
5.38376 -0.360448 -50.1671 -8.46859
0.313615 -0.0941578 -0.168485 -0.382855
-0.1021 -0.0215988 0.0374518 2.78837
-0.107445 -0.00661015 -0.564526 -5.68527
-4.53696 0.46474 18.6895 -3.38996
