0.0520351 -0.00656881 0.411176 -0.262396
0.0912061 -0.0167917 0.685673 -2.39157
0.0601089 -0.0103896 0.449163 -0.804931
-0.798189 0.0816515 0.901645 0.567182
-0.916294 0.130728 0.556894 1.30234
0.274143 -0.0312085 0.0402047 -0.318852
0.0737444 -0.0148545 0.552305 -1.52605
0.0560463 -0.00136499 0.343429 0.0186273
0.104652 -0.0202015 0.808357 -2.91863
0.0552728 -0.00251808 0.35278 0.0195001
0.0892504 -0.0173907 0.660532 -1.81146
-0.795212 0.0808986 0.915493 0.524606
-0.232255 0.00679424 0.0206067 1.93404
0.0830674 -0.0152452 0.631255 -2.06203
0.0690613 -0.00653479 0.447775 -0.72643
0.0903207 -0.0139382 0.620372 -1.95343
0.066843 -0.00954606 0.471632 -0.845497
0.0682672 -0.0118315 0.492893 -0.804897
0.0708654 -0.0151777 0.532688 -1.34555
-8.50408 0.529031 71.575 -7.30223
-1.94132 0.139451 13.2537 -5.00885
0.0897174 -0.01413 0.641645 -2.22886
0.0635825 -0.0158036 0.506243 -1.29598
0.0616895 -0.00677487 0.401176 -0.521168
0.0832588 -0.0150679 0.615707 -1.82418
0.0782073 -0.0145588 0.558969 -1.39121
0.0754351 -0.0147609 0.534663 -1.19862
-0.233687 0.070236 0.000159315 1.99947
-7.91709 0.526386 64.0789 -6.98752
0.0551063 -0.00614397 0.422438 -0.285302
0.0719211 -0.0096751 0.508009 -0.686324
0.102465 -0.0156299 0.711391 -2.19301
0.0616895 -0.00677487 0.401176 -0.521168
0.229694 -0.0301463 0.0697309 -0.243323
0.047507 -0.00867372 0.394844 -0.334094
0.0648365 -0.00967604 0.459291 -0.349183
0.0437189 -0.00342507 0.296159 0.0137067
0.0533226 -0.00494199 0.353444 -0.375055
0.0784231 -0.0221523 0.744917 -3.9779
0.0756387 -0.0157208 0.601613 -2.46176
0.0740046 -0.00910144 0.491921 -1.26433
0.073943 -0.0126453 0.533387 -1.09386
0.0682672 -0.0118315 0.492893 -0.804897
0.0876286 -0.0171557 0.673087 -2.38941
0.0900126 -0.0169847 0.625339 -1.50016
0.0892504 -0.0173907 0.660532 -1.81146
0.0638892 -0.00748436 0.435162 -0.429254
0.0734096 -0.00864724 0.49283 -0.874398
0.0451768 -0.00523884 0.327293 0.0165951
0.0460551 -0.00470666 0.324155 0.0162606
0.0672779 -0.0157073 0.530735 -1.5235
0.0616895 -0.00677487 0.401176 -0.521168
0.0423063 -0.00443252 0.300616 0.0141132
0.0827196 -0.0150707 0.634971 -2.52185
0.0370672 -0.00775231 0.309449 0.0143529
0.0435298 -0.00538597 0.317765 0.0155435
0.0936157 -0.0175544 0.727688 -2.86987
0.0706372 -0.00949164 0.480209 -1.24988
0.0616895 -0.00677487 0.401176 -0.521168
0.0692451 -0.0123874 0.492473 -1.18243
0.0706372 -0.00949164 0.480209 -1.24988
0.0745299 -0.0148676 0.545847 -1.36882
0.0590423 -0.00711944 0.390173 -0.417469
0.0706372 -0.00949164 0.480209 -1.24988
0.069327 -0.0126858 0.505968 -1.39483
0.0600681 -0.0108401 0.463306 -0.99343
0.0686288 -0.0145624 0.51694 -1.71077
0.0602943 -0.00784691 0.424813 -0.409089
0.0646301 -0.0094325 0.467202 -1.33176
0.0616895 -0.00677487 0.401176 -0.521168
0.0462079 -0.0111961 0.375607 -0.428801
0.0904713 -0.0180988 0.778506 -4.17202
0.0538572 -0.00352378 0.357195 0.0200083
0.0572469 -0.00499908 0.397522 -0.299785
0.0529785 -0.00405591 0.360325 0.020341
0.0757864 -0.0154454 0.571527 -1.23483
0.239431 -0.0299641 0.0284427 -0.231613
0.0737444 -0.0148545 0.552305 -1.52605
0.0634998 -0.00997632 0.460588 -0.826938
0.0876286 -0.0171557 0.673087 -2.38941
0.0765735 -0.0117827 0.519659 -1.2409
0.066843 -0.00954606 0.471632 -0.845497
0.0601089 -0.0103896 0.449163 -0.804931
0.0839311 -0.0111791 0.546668 -1.29453
0.0789107 -0.0114332 0.542298 -1.43085
0.0659233 -0.00447787 0.418057 -0.355223
0.0672154 -0.0154895 0.519495 -1.32134
0.0876286 -0.0171557 0.673087 -2.38941
0.242079 -0.0307647 0.05935 -0.262608
0.0688018 -0.00685433 0.460855 -0.904065
0.0815822 -0.014133 0.569684 -1.39719
0.059751 -0.00789026 0.423744 -0.47957
0.0698504 -0.00968115 0.470916 -0.458363
0.0715225 -0.0113872 0.503679 -0.819851
0.0715225 -0.0113872 0.503679 -0.819851
0.0903207 -0.0139382 0.620372 -1.95343
0.0692451 -0.0123874 0.492473 -1.18243
0.0496334 -0.00756478 0.371239 -0.360789
0.0598852 -0.012163 0.449229 -1.00414
0.0555215 -0.00252472 0.371317 -0.280961
0.0437189 -0.00342507 0.296159 0.0137067
0.0678996 -0.00900384 0.479661 -1.35227
0.0438116 -0.0104733 0.342663 -0.542005
0.0594342 -0.0103299 0.435076 -1.11586
0.0650356 -0.00904217 0.451346 -1.10467
0.0742964 -0.0112232 0.504405 -1.58884
0.046246 -0.002747 0.302575 0.0143657
0.0682127 -0.0122704 0.49729 -1.87465
0.054141 -0.00540106 0.385714 -0.272506
0.0510717 -0.00605864 0.378249 -0.349955
0.0581568 -0.00715288 0.391004 -0.502112
0.0640725 -0.00973048 0.448582 -0.665175
0.0393035 -0.000741734 0.243279 0.420012
0.0511095 -0.00790703 0.370408 -0.460187
0.038129 -0.00525556 0.284624 0.0124796
0.0643436 -0.00656896 0.416345 -0.956905
0.0618659 -0.00953694 0.44116 -1.09583
0.0568061 -0.00457377 0.364417 -0.402318
0.0406319 -0.00903814 0.338689 -0.385694
0.0575533 -0.00736637 0.391528 -0.895962
0.0600635 -0.00722831 0.416379 -1.12866
0.0477912 -0.00505701 0.34467 -0.341252
0.0718616 -0.0119426 0.511274 -1.89923
0.0531743 -0.00793708 0.388633 -1.04901
0.0465904 -0.00423192 0.322849 0.0161663
0.0437637 -0.00624617 0.331745 0.0169664
0.0475933 -0.00393602 0.327414 0.0169186
0.0510717 -0.00605864 0.378249 -0.349955
0.0566668 -0.0107834 0.437329 -0.779151
0.0689551 -0.0126766 0.511693 -1.57158
0.0593411 -0.0126394 0.469278 -1.24704
0.0616895 -0.00677487 0.401176 -0.521168
0.0525809 -0.00495882 0.353232 -0.461116
0.0475491 -0.0011152 0.291836 0.0135222
0.0740222 -0.0187508 0.68927 -3.97671
0.0477912 -0.00505701 0.34467 -0.341252
0.0789107 -0.0114332 0.542298 -1.43085
0.0656406 -0.00692642 0.435994 -0.700857
0.0686043 -0.00830547 0.448514 -0.916662
0.056714 -0.00820974 0.414361 -0.387761
0.0663608 -0.00977361 0.482749 -1.01185
0.0754351 -0.0147609 0.534663 -1.19862
0.0510717 -0.00605864 0.378249 -0.349955
0.0634998 -0.00997632 0.460588 -0.826938
0.0729055 -0.0120849 0.506093 -1.21234
0.0827196 -0.0150707 0.634971 -2.52185
0.0497132 -0.00866645 0.387482 -0.233572
0.0897174 -0.01413 0.641645 -2.22886
0.0698664 -0.00917113 0.468296 -1.68832
0.0735308 -0.00885251 0.482693 -1.72088
0.0289833 -0.00235058 0.22026 0.427589
0.0525809 -0.00495882 0.353232 -0.461116
0.0616895 -0.00677487 0.401176 -0.521168
0.0706372 -0.00949164 0.480209 -1.24988
0.0485805 -0.00402744 0.330548 0.0169298
0.0473595 -0.00307573 0.313434 0.0154527
0.045473 -0.00138523 0.292071 0.351004
0.0485805 -0.00402744 0.330548 0.0169298
0.0500259 -0.00583284 0.361504 0.0201158
0.0581568 -0.00715288 0.391004 -0.502112
0.0533226 -0.00494199 0.353444 -0.375055
0.0742964 -0.0112232 0.504405 -1.58884
0.0423063 -0.00443252 0.300616 0.0141132
0.0686043 -0.00830547 0.448514 -0.916662
0.0739054 -0.0113883 0.519898 -1.85142
0.0646297 -0.00621966 0.401584 -0.746909
0.0702588 -0.0186186 0.576256 -1.98219
0.0525809 -0.00495882 0.353232 -0.461116
0.0706372 -0.00949164 0.480209 -1.24988
0.0840898 -0.0118113 0.594235 -2.27149
0.0486637 -0.00144469 0.30271 0.0145989
0.0725736 -0.0122786 0.517476 -1.40315
0.0581568 -0.00715288 0.391004 -0.502112
0.0546294 -0.00753021 0.380753 -0.481831
0.0725736 -0.0122786 0.517476 -1.40315
0.0601089 -0.0103896 0.449163 -0.804931
0.0678996 -0.00900384 0.479661 -1.35227
0.0531522 -0.00857342 0.403802 -0.365202
0.055641 -0.0100669 0.402808 -0.833142
0.0409323 0.00012708 0.292583 0.372677
0.0521125 -0.00673104 0.345844 -0.588583
0.0600635 -0.00722831 0.416379 -1.12866
0.0344829 -0.00560145 0.267273 0.0108722
0.0456357 -0.00574962 0.333083 -0.417043
0.0575533 -0.00736637 0.391528 -0.895962
0.0462729 -0.00259524 0.317514 -0.317712
0.0566382 -0.00758995 0.402593 -1.09045
0.0531743 -0.00793708 0.388633 -1.04901
0.0546294 -0.00753021 0.380753 -0.481831
0.0404179 -0.00374024 0.275717 0.265009
0.046136 -0.0021224 0.296287 0.013984
0.0581568 -0.00715288 0.391004 -0.502112
0.0525809 -0.00495882 0.353232 -0.461116
0.0618659 -0.00953694 0.44116 -1.09583
0.0414285 -0.00496527 0.303767 0.0144205
0.0568061 -0.00457377 0.364417 -0.402318
0.0462729 -0.00259524 0.317514 -0.317712
0.086746 -0.0149068 0.672957 -2.90417
0.0344829 -0.00560145 0.267273 0.0108722
0.0575533 -0.00736637 0.391528 -0.895962
0.0566382 -0.00758995 0.402593 -1.09045
0.0755125 -0.0118311 0.546017 -2.26234
0.0613422 -0.00985307 0.454446 -1.30794
0.0623001 -0.00991866 0.448231 -1.86683
0.0790516 -0.0116364 0.552753 -1.63112
0.0742964 -0.0112232 0.504405 -1.58884
0.0706372 -0.00949164 0.480209 -1.24988
0.0686043 -0.00830547 0.448514 -0.916662
0.0634998 -0.00997632 0.460588 -0.826938
0.0827196 -0.0150707 0.634971 -2.52185
0.0546294 -0.00753021 0.380753 -0.481831
0.0551332 0.000917226 0.311122 0.01523
0.0575533 -0.00736637 0.391528 -0.895962
0.048773 -0.00206887 0.30899 0.0149999
0.0323737 -0.00517544 0.253172 0.00992152
0.0510188 -0.00425753 0.321354 -0.49337
0.0498856 -0.00239699 0.319836 0.0161181
0.0678996 -0.00900384 0.479661 -1.35227
0.0706372 -0.00949164 0.480209 -1.24988
0.0618659 -0.00953694 0.44116 -1.09583
0.0950455 -0.0183908 0.862007 -4.72161
0.043955 -0.00428676 0.310172 0.0151145
0.0739054 -0.0113883 0.519898 -1.85142
0.0464824 -0.00360875 0.316589 0.015706
0.0897174 -0.01413 0.641645 -2.22886
0.0538572 -0.00352378 0.357195 0.0200083
0.0656406 -0.00692642 0.435994 -0.700857
0.0954152 -0.0107463 0.623956 -2.08167
0.0568061 -0.00457377 0.364417 -0.402318
0.0966759 -0.0145985 0.700427 -3.07282
0.0383677 -0.00611879 0.298674 0.0137528
0.0500774 -0.000437889 0.298268 0.0140983
0.0653745 -0.00726414 0.449274 -0.881211
0.0740046 -0.00910144 0.491921 -1.26433
0.0661158 -0.00639117 0.41164 -0.463254
0.048773 -0.00206887 0.30899 0.0149999
0.0820894 -0.0111651 0.562002 -1.61749
0.0455309 -0.00186083 0.295819 0.275712
0.0503124 -0.00129893 0.312264 0.0156009
0.0656406 -0.00692642 0.435994 -0.700857
0.046815 0.00225777 0.31066 0.425446
0.0757791 -0.0109138 0.507563 -0.717118
0.0757818 -0.0072975 0.460949 -0.793241
0.0938641 -0.0132929 0.604383 -1.3377
0.0694238 0.0016582 0.387784 0.0236233
0.228412 -0.024577 0.234043 -0.254843
0.0839311 -0.0111791 0.546668 -1.29453
0.0770086 -0.00655268 0.489898 -0.238521
0.0475491 -0.0011152 0.291836 0.0135222
0.043621 0.00125664 0.265367 0.411356
0.0678996 -0.00900384 0.479661 -1.35227
0.0484273 -0.000583026 0.288695 0.0131461
0.0544542 0.00242663 0.295172 0.372044
0.268196 -0.0313513 0.0379994 -0.308377
0.0657862 -0.00417518 0.412564 -0.250951
0.0946105 -0.01081 0.641037 -2.34222
