-35.8112 2.08307 420.277 -11.3515
-0.107445 -0.00661015 -0.564526 -5.68527
-0.107445 -0.00661015 -0.564526 -5.68527
-0.107445 -0.00661015 -0.564526 -5.68527
-0.107445 -0.00661015 -0.564526 -5.68527
-0.107445 -0.00661015 -0.564526 -5.68527
-0.107445 -0.00661015 -0.564526 -5.68527
-0.107445 -0.00661015 -0.564526 -5.68527
-0.107445 -0.00661015 -0.564526 -5.68527
-0.107445 -0.00661015 -0.564526 -5.68527
-5.65564 0.522174 29.9204 -4.75592
-0.107445 -0.00661015 -0.564526 -5.68527
-0.107445 -0.00661015 -0.564526 -5.68527
0.460353 -0.14001 -0.000328906 1.99912
-0.107445 -0.00661015 -0.564526 -5.68527
-0.107445 -0.00661015 -0.564526 -5.68527
-0.107445 -0.00661015 -0.564526 -5.68527
-0.107445 -0.00661015 -0.564526 -5.68527
-0.107445 -0.00661015 -0.564526 -5.68527
-0.107445 -0.00661015 -0.564526 -5.68527
-0.107445 -0.00661015 -0.564526 -5.68527
-0.107445 -0.00661015 -0.564526 -5.68527
9.28891 -0.633233 -78.1964 -7.47761
-0.191529 -0.000405275 0.000919789 2.99714
-0.107445 -0.00661015 -0.564526 -5.68527
-0.107445 -0.00661015 -0.564526 -5.68527
-0.194019 0.000371399 -0.000790647 3.00305
-0.107445 -0.00661015 -0.564526 -5.68527
-0.107445 -0.00661015 -0.564526 -5.68527
-0.107445 -0.00661015 -0.564526 -5.68527
-0.107445 -0.00661015 -0.564526 -5.68527
-0.107445 -0.00661015 -0.564526 -5.68527
-0.107445 -0.00661015 -0.564526 -5.68527
-0.107445 -0.00661015 -0.564526 -5.68527
-0.107445 -0.00661015 -0.564526 -5.68527
-0.107445 -0.00661015 -0.564526 -5.68527
-5.65564 0.522174 29.9204 -4.75592
0.445272 -0.136787 -0.000104388 1.99971
-0.107445 -0.00661015 -0.564526 -5.68527
-0.107445 -0.00661015 -0.564526 -5.68527
-0.107445 -0.00661015 -0.564526 -5.68527
-0.107445 -0.00661015 -0.564526 -5.68527
-0.107445 -0.00661015 -0.564526 -5.68527
-6.18168 0.556581 34.4366 -5.04726
-0.107445 -0.00661015 -0.564526 -5.68527
-0.107445 -0.00661015 -0.564526 -5.68527
-0.107445 -0.00661015 -0.564526 -5.68527
-0.232844 0.00675777 0.0216365 1.94448
-0.107445 -0.00661015 -0.564526 -5.68527
-0.107445 -0.00661015 -0.564526 -5.68527
-0.107445 -0.00661015 -0.564526 -5.68527
-0.107445 -0.00661015 -0.564526 -5.68527
-0.107445 -0.00661015 -0.564526 -5.68527
-0.107445 -0.00661015 -0.564526 -5.68527
-0.107445 -0.00661015 -0.564526 -5.68527
-0.107445 -0.00661015 -0.564526 -5.68527
-0.107445 -0.00661015 -0.564526 -5.68527
-0.107445 -0.00661015 -0.564526 -5.68527
-0.107445 -0.00661015 -0.564526 -5.68527
-0.107445 -0.00661015 -0.564526 -5.68527
-0.107445 -0.00661015 -0.564526 -5.68527
-0.107445 -0.00661015 -0.564526 -5.68527
-0.107445 -0.00661015 -0.564526 -5.68527
-0.107445 -0.00661015 -0.564526 -5.68527
-0.107445 -0.00661015 -0.564526 -5.68527
-0.107445 -0.00661015 -0.564526 -5.68527
-0.107445 -0.00661015 -0.564526 -5.68527
-0.107445 -0.00661015 -0.564526 -5.68527
-0.107445 -0.00661015 -0.564526 -5.68527
-0.107445 -0.00661015 -0.564526 -5.68527
-0.107445 -0.00661015 -0.564526 -5.68527
-0.107445 -0.00661015 -0.564526 -5.68527
-0.107445 -0.00661015 -0.564526 -5.68527
-0.107445 -0.00661015 -0.564526 -5.68527
-0.107445 -0.00661015 -0.564526 -5.68527
-0.107445 -0.00661015 -0.564526 -5.68527
-0.107445 -0.00661015 -0.564526 -5.68527
-0.107445 -0.00661015 -0.564526 -5.68527
-0.107445 -0.00661015 -0.564526 -5.68527
-0.233611 0.00696748 0.0214544 1.94404
7.95792 -0.547307 -66.7187 -7.41595
-0.107445 -0.00661015 -0.564526 -5.68527
-0.223065 0.00513883 0.016386 1.95097
-0.107445 -0.00661015 -0.564526 -5.68527
-0.107445 -0.00661015 -0.564526 -5.68527
-0.107445 -0.00661015 -0.564526 -5.68527
-0.107445 -0.00661015 -0.564526 -5.68527
-0.107445 -0.00661015 -0.564526 -5.68527
-0.107445 -0.00661015 -0.564526 -5.68527
-0.107445 -0.00661015 -0.564526 -5.68527
-0.107445 -0.00661015 -0.564526 -5.68527
7.45961 -0.511778 -62.8325 -7.43885
-0.107445 -0.00661015 -0.564526 -5.68527
-0.107445 -0.00661015 -0.564526 -5.68527
-0.107445 -0.00661015 -0.564526 -5.68527
-0.107445 -0.00661015 -0.564526 -5.68527
-0.107445 -0.00661015 -0.564526 -5.68527
-0.107445 -0.00661015 -0.564526 -5.68527
-0.107445 -0.00661015 -0.564526 -5.68527
-0.107445 -0.00661015 -0.564526 -5.68527
-0.107445 -0.00661015 -0.564526 -5.68527
-0.107445 -0.00661015 -0.564526 -5.68527
-0.107445 -0.00661015 -0.564526 -5.68527
-0.107445 -0.00661015 -0.564526 -5.68527
-0.107445 -0.00661015 -0.564526 -5.68527
-0.107445 -0.00661015 -0.564526 -5.68527
-0.107445 -0.00661015 -0.564526 -5.68527
-0.107445 -0.00661015 -0.564526 -5.68527
-0.107445 -0.00661015 -0.564526 -5.68527
-0.107445 -0.00661015 -0.564526 -5.68527
-0.107445 -0.00661015 -0.564526 -5.68527
-5.862 0.525557 32.7345 -5.07212
-0.214936 0.00366885 0.0121337 1.95877
-0.188144 -0.00137927 0.00283348 2.98771
-0.107445 -0.00661015 -0.564526 -5.68527
-0.107445 -0.00661015 -0.564526 -5.68527
-0.107445 -0.00661015 -0.564526 -5.68527
-0.107445 -0.00661015 -0.564526 -5.68527
-0.107445 -0.00661015 -0.564526 -5.68527
-0.107445 -0.00661015 -0.564526 -5.68527
-0.107445 -0.00661015 -0.564526 -5.68527
-0.107445 -0.00661015 -0.564526 -5.68527
-0.107445 -0.00661015 -0.564526 -5.68527
-0.107445 -0.00661015 -0.564526 -5.68527
-0.107445 -0.00661015 -0.564526 -5.68527
-0.222548 0.00509736 0.0159505 1.9551
-0.107445 -0.00661015 -0.564526 -5.68527
-0.107445 -0.00661015 -0.564526 -5.68527
-0.107445 -0.00661015 -0.564526 -5.68527
-0.107445 -0.00661015 -0.564526 -5.68527
-0.117943 0.000459248 7.4195e-05 1.99971
-0.222617 0.0050277 0.0161284 1.9527
-0.232737 0.0067231 0.0219384 1.93286
8.21268 -0.564357 -68.7163 -7.40428
8.21268 -0.564357 -68.7163 -7.40428
-0.107445 -0.00661015 -0.564526 -5.68527
-0.107445 -0.00661015 -0.564526 -5.68527
10.8124 -0.688939 -101.117 -8.46657
-0.107445 -0.00661015 -0.564526 -5.68527
0.445272 -0.136787 -0.000104388 1.99971
-0.107445 -0.00661015 -0.564526 -5.68527
-0.107445 -0.00661015 -0.564526 -5.68527
-0.107445 -0.00661015 -0.564526 -5.68527
-0.107445 -0.00661015 -0.564526 -5.68527
-0.107445 -0.00661015 -0.564526 -5.68527
-0.107445 -0.00661015 -0.564526 -5.68527
-0.494155 0.117181 -0.0955948 3.42845
-5.01514 0.475235 24.9916 -4.43785
-0.107445 -0.00661015 -0.564526 -5.68527
5.4113 -0.644993 -15.8958 -1.68427
-0.107445 -0.00661015 -0.564526 -5.68527
-5.01514 0.475235 24.9916 -4.43785
-0.107445 -0.00661015 -0.564526 -5.68527
-0.107445 -0.00661015 -0.564526 -5.68527
-0.107445 -0.00661015 -0.564526 -5.68527
-0.107445 -0.00661015 -0.564526 -5.68527
-0.107445 -0.00661015 -0.564526 -5.68527
-0.107445 -0.00661015 -0.564526 -5.68527
0.356291 -0.119661 0.118221 -3.1424
-0.107445 -0.00661015 -0.564526 -5.68527
-0.107445 -0.00661015 -0.564526 -5.68527
-0.232255 0.00679424 0.0206067 1.93404
-0.107445 -0.00661015 -0.564526 -5.68527
0.525798 -0.140058 -0.353239 -1.39127
-0.107445 -0.00661015 -0.564526 -5.68527
-7.87365 0.791856 30.7959 -2.8128
-0.221263 0.00478346 0.015748 1.95178
-0.107445 -0.00661015 -0.564526 -5.68527
-0.107445 -0.00661015 -0.564526 -5.68527
-0.107445 -0.00661015 -0.564526 -5.68527
-0.225864 0.00563457 0.0172231 1.95358
0.460353 -0.14001 -0.000328906 1.99912
-0.107445 -0.00661015 -0.564526 -5.68527
-0.107445 -0.00661015 -0.564526 -5.68527
-0.107445 -0.00661015 -0.564526 -5.68527
7.95792 -0.547307 -66.7187 -7.41595
-0.107445 -0.00661015 -0.564526 -5.68527
-0.107445 -0.00661015 -0.564526 -5.68527
-0.470194 0.104819 0.000496503 1.99263
-8.30774 0.82136 33.7248 -2.97401
0.454329 -0.137866 -0.00918237 1.91763
8.92779 -0.650525 -78.9768 -8.49816
-0.107445 -0.00661015 -0.564526 -5.68527
-0.194019 0.000371399 -0.000790647 3.00305
-0.107445 -0.00661015 -0.564526 -5.68527
-0.107445 -0.00661015 -0.564526 -5.68527
-0.107445 -0.00661015 -0.564526 -5.68527
-0.194019 0.000371399 -0.000790647 3.00305
-0.225979 0.00555327 0.0183302 1.94185
-0.107445 -0.00661015 -0.564526 -5.68527
-0.107445 -0.00661015 -0.564526 -5.68527
-0.22489 0.00545979 0.0169694 1.95148
-0.107445 -0.00661015 -0.564526 -5.68527
-0.107445 -0.00661015 -0.564526 -5.68527
5.06642 -0.603903 -14.9688 -1.69402
7.95792 -0.547307 -66.7187 -7.41595
0.429859 -0.133379 -8.97343e-05 1.99975
-9.95622 0.666894 81.4233 -7.28356
-0.232255 0.00679424 0.0206067 1.93404
-5.862 0.525557 32.7345 -5.07212
-0.214936 0.00366885 0.0121337 1.95877
-0.107445 -0.00661015 -0.564526 -5.68527
-0.107445 -0.00661015 -0.564526 -5.68527
-0.450582 0.0996639 -0.0820678 3.41701
8.67378 -0.593247 -72.805 -7.43832
-0.107445 -0.00661015 -0.564526 -5.68527
8.42038 -0.571739 -71.769 -7.56651
-0.22489 0.00545979 0.0169694 1.95148
-4.12946 0.406207 18.7591 -3.98633
-0.232255 0.00679424 0.0206067 1.93404
8.21268 -0.564357 -68.7163 -7.40428
-0.107445 -0.00661015 -0.564526 -5.68527
7.1532 -0.554667 -59.0753 -7.95136
-9.67824 0.667342 74.6027 -6.76105
-0.107445 -0.00661015 -0.564526 -5.68527
-0.480234 0.112458 -0.0901017 3.4464
0.396452 -0.126241 -0.00086735 1.99743
-0.107445 -0.00661015 -0.564526 -5.68527
0.460353 -0.14001 -0.000328906 1.99912
0.329265 -0.111934 0.000226774 2.00076
-0.107445 -0.00661015 -0.564526 -5.68527
-0.107445 -0.00661015 -0.564526 -5.68527
-0.107445 -0.00661015 -0.564526 -5.68527
3.41944 -0.378901 -15.1023 -3.88488
0.347275 -0.0896138 0.036683 3.1352
-0.445064 0.0985905 0.000300429 1.99919
-5.65564 0.522174 29.9204 -4.75592
-0.467929 0.101652 0.152985 -0.813457
0.13491 -0.0181672 -0.0271245 2.90087
-8.91962 0.582173 75.2626 -7.53446
-0.223065 0.00513883 0.016386 1.95097
-0.514121 0.10654 0.00388135 1.99065
-4.35437 0.515919 10.7212 -1.10565
-0.107445 -0.00661015 -0.564526 -5.68527
-0.221263 0.00478346 0.015748 1.95178
1.48541 -0.216802 -2.01984 0.374769
0.228771 -0.103733 0.458033 -2.24752
-0.221263 0.00478346 0.015748 1.95178
-6.62689 0.681083 24.2779 -2.53565
-0.156323 0.0204386 0.407098 0.159471
0.440174 -0.135509 0.0837688 3.36956
4.56523 -0.584207 -11.2738 -1.14041
0.945129 -0.159417 -2.22931 -2.5983
-0.111807 0.000659457 4.42779e-05 1.99981
-0.164134 0.050327 0.0011181 1.99493
3.42421 -0.368522 -14.7277 -3.74223
0.561761 -0.157214 0.056696 3.19948
6.0342 -0.362192 -55.9612 -8.11137
0.353525 -0.0971735 0.0648667 3.25496
-0.469167 0.109619 -0.0244476 2.34083
-0.107445 -0.00661015 -0.564526 -5.68527
-0.234241 0.023097 -0.00937638 3.03941
7.06753 -0.72279 -28.6779 -2.93144
-0.116461 0.000109972 3.58279e-05 1.99985
-1.04654 0.12473 1.94039 -1.18879
1.57881 -0.0883197 -11.2541 -5.20219
