0.0692451 -0.0123874 0.492473 -1.18243
0.0581568 -0.00715288 0.391004 -0.502112
0.223092 -0.0332799 0.0816949 -0.242921
-7.88364 0.73094 37.0569 -3.75316
0.506705 -0.149003 0.0834447 3.3123
0.0839311 -0.0111791 0.546668 -1.29453
0.044982 -0.00719594 0.348818 0.018485
0.054084 -0.00437963 0.371071 0.0216449
0.0892504 -0.0173907 0.660532 -1.81146
0.0682672 -0.0118315 0.492893 -0.804897
0.0832588 -0.0150679 0.615707 -1.82418
11.2549 -0.753374 -96.9838 -7.71723
6.63966 -0.448975 -58.0112 -7.73484
0.0583398 -0.0108208 0.440126 -0.474221
-0.507742 0.0378093 3.32047 -3.05874
0.287141 -0.0353389 -0.0219203 -0.321389
0.0745299 -0.0148676 0.545847 -1.36882
0.0745299 -0.0148676 0.545847 -1.36882
0.0424595 -0.0078771 0.342468 0.0176559
-1.35739 0.0478938 11.6305 -5.8857
0.0496904 -0.00435384 0.341356 0.0181142
0.0765735 -0.0117827 0.519659 -1.2409
0.0497331 -0.0108274 0.386236 -0.452221
0.0899705 -0.0178584 0.710987 -2.84907
0.0471661 -0.00503382 0.33498 0.0174015
0.0692451 -0.0123874 0.492473 -1.18243
0.0477014 -0.00455907 0.333673 0.0173252
0.0363739 -0.00518619 0.289332 0.327903
3.45035 -0.340322 -23.904 -7.28528
0.272252 -0.0378984 0.0431729 -0.341317
0.0569579 -0.00863006 0.448191 -0.300462
0.0714555 -0.00984542 0.515556 -0.808377
0.0827196 -0.0150707 0.634971 -2.52185
0.0464824 -0.00360875 0.316589 0.015706
0.0444436 -0.00909321 0.383353 -0.308928
0.0625949 -0.0103982 0.4503 -0.421086
0.0735204 -0.01847 0.610122 -2.2961
0.0938716 -0.0215109 0.877438 -4.496
0.0400289 -0.00905642 0.33755 -0.472132
0.0456357 -0.00574962 0.333083 -0.417043
0.0455309 -0.00186083 0.295819 0.275712
0.082575 -0.014789 0.611298 -2.18246
0.0500259 -0.00583284 0.361504 0.0201158
0.0365868 -0.00322435 0.297757 0.375969
0.767291 -0.0882677 -1.52011 -1.96922
0.0820201 -0.0180344 0.63072 -1.75864
0.0815822 -0.014133 0.569684 -1.39719
0.0776303 -0.0123396 0.546565 -1.12035
0.0589471 -0.00965054 0.41482 -0.859961
0.0531412 -0.011123 0.423675 -0.739978
0.0535021 -0.01311 0.428041 -0.977826
0.082575 -0.014789 0.611298 -2.18246
0.0509321 -0.00864631 0.397915 -0.740203
0.0655914 -0.0126899 0.478779 -1.15092
0.0400289 -0.00905642 0.33755 -0.472132
0.0436201 -0.00691346 0.357944 -0.389671
0.0725736 -0.0122786 0.517476 -1.40315
0.0581568 -0.00715288 0.391004 -0.502112
0.0473595 -0.00307573 0.313434 0.0154527
0.0418192 -0.00461287 0.314475 0.193205
0.0496904 -0.00435384 0.341356 0.0181142
0.234988 -0.0337799 0.0600806 -0.264606
0.0616732 -0.0126976 0.470915 -0.770259
0.0745299 -0.0148676 0.545847 -1.36882
0.0509321 -0.00864631 0.397915 -0.740203
0.265877 -0.038385 -0.0152112 0.543172
0.0735204 -0.01847 0.610122 -2.2961
0.0745299 -0.0148676 0.545847 -1.36882
0.0618659 -0.00953694 0.44116 -1.09583
0.0650356 -0.00904217 0.451346 -1.10467
0.0819487 -0.0218196 0.759568 -3.959
0.049103 -0.00535446 0.343214 -0.439898
0.054141 -0.00540106 0.385714 -0.272506
0.0832588 -0.0150679 0.615707 -1.82418
0.0876286 -0.0171557 0.673087 -2.38941
0.0931704 -0.0209075 0.755644 -2.8407
0.0600681 -0.0108401 0.463306 -0.99343
0.069327 -0.0126858 0.505968 -1.39483
0.082575 -0.014789 0.611298 -2.18246
0.0473595 -0.00307573 0.313434 0.0154527
0.056714 -0.00820974 0.414361 -0.387761
0.244837 -0.0363443 0.0944904 -0.287845
0.0683723 -0.0162248 0.552676 -1.34186
0.0550689 -0.00446905 0.374177 0.0216733
0.0560456 -0.00789668 0.411463 -0.289993
0.0707733 -0.00892422 0.47199 -0.712185
0.0462734 -0.011588 0.409564 -0.326466
0.248557 -0.0346152 0.0477642 -0.286378
0.0634998 -0.00997632 0.460588 -0.826938
0.073943 -0.0126453 0.533387 -1.09386
0.0616895 -0.00677487 0.401176 -0.521168
0.0546294 -0.00753021 0.380753 -0.481831
0.0592488 -0.00751115 0.423185 -0.315594
0.0662889 -0.013041 0.51746 -0.755222
0.0998295 -0.0201972 0.801011 -3.12531
0.0602943 -0.00784691 0.424813 -0.409089
0.0618659 -0.00953694 0.44116 -1.09583
0.0437637 -0.00624617 0.331745 0.0169664
0.0414135 -0.00951472 0.371702 -0.282082
0.0502257 -0.00387911 0.340049 0.0180413
0.0521125 -0.00673104 0.345844 -0.588583
0.0477912 -0.00505701 0.34467 -0.341252
0.0403579 -0.0108612 0.332273 -0.519366
0.0395403 -0.00424744 0.28015 0.0121453
0.0477912 -0.00505701 0.34467 -0.341252
0.0788533 -0.0152793 0.612701 -2.44661
0.0788533 -0.0152793 0.612701 -2.44661
0.0400746 -0.00377218 0.278835 0.0120684
0.054141 -0.00540106 0.385714 -0.272506
0.0435298 -0.00538597 0.317765 0.0155435
0.0555291 -0.00748152 0.379194 -0.392002
0.0692451 -0.0123874 0.492473 -1.18243
0.0395403 -0.00424744 0.28015 0.0121453
0.0395403 -0.00424744 0.28015 0.0121453
0.0359523 -0.00742265 0.29857 0.0133315
0.0646301 -0.0094325 0.467202 -1.33176
0.0477912 -0.00505701 0.34467 -0.341252
0.0739054 -0.0113883 0.519898 -1.85142
0.0347241 -0.00646618 0.28136 0.0120494
0.0756387 -0.0157208 0.601613 -2.46176
0.0511095 -0.00790703 0.370408 -0.460187
0.0521125 -0.00673104 0.345844 -0.588583
0.0682127 -0.0122704 0.49729 -1.87465
0.0544252 -0.00987722 0.393347 -1.23362
0.069327 -0.0126858 0.505968 -1.39483
0.0476001 -0.00828368 0.359961 -0.437061
0.0558017 -0.0109777 0.446239 -0.92952
0.0448339 -0.00375473 0.307038 0.0147156
0.0511095 -0.00790703 0.370408 -0.460187
0.0434716 -0.00836576 0.347189 -0.300219
0.0567191 -0.0126449 0.438863 -0.993104
0.046136 -0.0021224 0.296287 0.013984
0.0825082 -0.0181128 0.670833 -3.09429
0.0718616 -0.0119426 0.511274 -1.89923
0.0478257 -0.0113711 0.399649 -1.17025
0.0477912 -0.00505701 0.34467 -0.341252
0.0616895 -0.00677487 0.401176 -0.521168
0.0496904 -0.00435384 0.341356 0.0181142
0.0496904 -0.00435384 0.341356 0.0181142
0.0531522 -0.00857342 0.403802 -0.365202
0.0531522 -0.00857342 0.403802 -0.365202
0.0546294 -0.00753021 0.380753 -0.481831
0.0448742 -0.00657307 0.342562 0.0181147
0.0531522 -0.00857342 0.403802 -0.365202
0.0471661 -0.00503382 0.33498 0.0174015
0.0788533 -0.0152793 0.612701 -2.44661
0.0435298 -0.00538597 0.317765 0.0155435
0.054141 -0.00540106 0.385714 -0.272506
0.0819278 -0.0146832 0.662656 -3.52597
0.0622047 -0.0092158 0.426398 -0.882364
0.036592 -0.0061817 0.311493 -0.33913
0.0437189 -0.00342507 0.296159 0.0137067
0.069327 -0.0126858 0.505968 -1.39483
0.0725736 -0.0122786 0.517476 -1.40315
0.069327 -0.0126858 0.505968 -1.39483
0.0566668 -0.0107834 0.437329 -0.779151
0.0528648 -0.00828161 0.399575 -0.262741
0.0622047 -0.0092158 0.426398 -0.882364
0.0601089 -0.0103896 0.449163 -0.804931
0.0460551 -0.00470666 0.324155 0.0162606
0.043955 -0.00428676 0.310172 0.0151145
0.227072 -0.0305035 0.0471723 -0.241873
0.0389018 -0.00564359 0.297358 0.0137157
0.0496904 -0.00435384 0.341356 0.0181142
0.0852751 -0.0142758 0.675455 -3.50148
0.046246 -0.002747 0.302575 0.0143657
0.070141 -0.0188515 0.595757 -2.28096
0.0435298 -0.00538597 0.317765 0.0155435
0.0646301 -0.0094325 0.467202 -1.33176
0.0706372 -0.00949164 0.480209 -1.24988
0.0788533 -0.0152793 0.612701 -2.44661
0.043955 -0.00428676 0.310172 0.0151145
0.0655914 -0.0126899 0.478779 -1.15092
0.0756387 -0.0157208 0.601613 -2.46176
0.0460551 -0.00470666 0.324155 0.0162606
0.0511095 -0.00790703 0.370408 -0.460187
0.0618659 -0.00953694 0.44116 -1.09583
0.0531145 -0.00680644 0.348065 -0.50864
0.0389018 -0.00564359 0.297358 0.0137157
0.0692451 -0.0123874 0.492473 -1.18243
0.0724132 -0.0123782 0.564631 -3.12998
0.050975 -0.00498556 0.347108 -0.812984
0.0337723 -0.00665805 0.300293 -0.311549
0.0376117 -0.00185501 0.244323 0.00955834
0.0397215 -0.00228141 0.258435 0.0104972
0.050975 -0.00498556 0.347108 -0.812984
0.0401429 -0.00117952 0.250793 0.0100779
0.0374026 -0.00286947 0.240701 0.268607
0.0388048 -0.00127802 0.252764 0.301996
0.0547944 -0.0104095 0.418174 -1.0451
0.0458803 -0.00620336 0.368127 -0.314954
0.0698664 -0.00917113 0.468296 -1.68832
0.0360115 -0.00114704 0.233601 0.454903
0.0605554 -0.00944775 0.43733 -1.5746
0.0395403 -0.00424744 0.28015 0.0121453
0.041189 0.00194223 0.231786 0.423245
0.0521125 -0.00673104 0.345844 -0.588583
0.0533226 -0.00494199 0.353444 -0.375055
0.0337723 -0.00665805 0.300293 -0.311549
0.0423063 -0.00443252 0.300616 0.0141132
0.0456357 -0.00574962 0.333083 -0.417043
0.0531743 -0.00793708 0.388633 -1.04901
0.0682127 -0.0122704 0.49729 -1.87465
0.0608591 -0.0129038 0.467875 -1.80874
0.0617422 -0.00766294 0.436541 -0.844547
0.046246 -0.002747 0.302575 0.0143657
0.0581568 -0.00715288 0.391004 -0.502112
0.0706372 -0.00949164 0.480209 -1.24988
0.0613422 -0.00985307 0.454446 -1.30794
0.0448339 -0.00375473 0.307038 0.0147156
0.0426519 -0.00591843 0.32091 0.015851
0.0616895 -0.00677487 0.401176 -0.521168
0.0521125 -0.00673104 0.345844 -0.588583
0.0525809 -0.00495882 0.353232 -0.461116
0.0319537 -0.00627818 0.260829 0.0102227
0.0496607 -0.00718573 0.337335 -0.483602
0.0710414 -0.0116361 0.49352 -1.58898
0.0525809 -0.00495882 0.353232 -0.461116
0.0581548 -0.00799656 0.423685 -0.811228
0.0754331 -0.0153767 0.576853 -2.10669
0.0533226 -0.00494199 0.353444 -0.375055
0.0423063 -0.00443252 0.300616 0.0141132
0.0477912 -0.00505701 0.34467 -0.341252
0.0677304 -0.0120434 0.48224 -1.58465
0.0482054 -0.00131262 0.30574 0.251085
0.0765735 -0.0117827 0.519659 -1.2409
0.054141 -0.00540106 0.385714 -0.272506
0.056709 -0.00431731 0.383601 0.0228997
0.0816108 -0.0144259 0.609801 -2.63816
0.0374961 0.00297662 0.217179 0.602159
0.0574108 -0.0130278 0.439086 -1.49384
0.0609858 -0.00698212 0.404245 -0.929584
0.0792557 -0.0149736 0.574624 -1.62302
0.0663608 -0.00977361 0.482749 -1.01185
0.0568061 -0.00457377 0.364417 -0.402318
0.0581568 -0.00715288 0.391004 -0.502112
0.050421 -0.00192239 0.318532 0.0160155
0.0581568 -0.00715288 0.391004 -0.502112
0.0473595 -0.00307573 0.313434 0.0154527
0.0473595 -0.00307573 0.313434 0.0154527
0.0545973 0.000442803 0.312422 0.015375
0.054084 -0.00437963 0.371071 0.0216449
0.0603842 -0.00459798 0.409146 -0.325292
3.02705 -0.289457 -16.1346 -5.2602
0.259503 -0.0324417 0.172213 -0.31714
10.9149 -0.745339 -104.852 -9.43878
0.0807082 -0.0147855 0.563655 -0.96689
0.0637297 -0.0027407 0.403805 0.0254269
0.0544608 -0.00387057 0.331891 -0.518112
0.0565797 -0.00642545 0.358633 -0.531636
0.0426006 0.00229222 0.222793 0.525334
0.0525809 -0.00495882 0.353232 -0.461116
0.0740805 -0.00850691 0.48344 -0.732776
0.066218 -0.0100403 0.460662 -0.440252
0.0522184 0.000641718 0.286843 0.273448
0.070144 -0.00910189 0.482354 -0.861114
