0.0855222 -0.0176807 0.644904 -1.78001
0.0493467 -0.004411 0.343177 0.0184168
-9.23585 0.602963 76.9816 -7.31768
-0.107445 -0.00661015 -0.564526 -5.68527
-0.107445 -0.00661015 -0.564526 -5.68527
0.187353 -0.0129795 0.000773433 1.98824
0.749519 -0.111348 -1.08241 -1.29169
6.36804 -0.491366 -50.5946 -7.78585
2.67443 -0.26603 -13.265 -4.85099
0.230194 -0.0274814 0.0905727 -0.261307
7.67631 -0.585788 -62.8782 -8.00156
-0.107445 -0.00661015 -0.564526 -5.68527
-0.107445 -0.00661015 -0.564526 -5.68527
0.516066 -0.0707313 -0.487986 -0.651794
-3.82785 0.370511 14.1814 -2.30588
6.85939 -0.548511 -50.8342 -7.13963
0.0765735 -0.0117827 0.519659 -1.2409
0.059751 -0.00789026 0.423744 -0.47957
0.0566668 -0.0107834 0.437329 -0.779151
-12.9561 1.08875 73.0814 -4.62875
-11.1593 0.726599 96.875 -7.79311
0.0828499 -0.0141754 0.562184 -1.2552
0.0415387 -0.00558989 0.310056 0.0147692
0.0883016 -0.0170181 0.653216 -2.12029
0.0511911 -0.000766823 0.30913 0.0152048
0.0488111 -0.00488547 0.34448 0.0185021
0.0841197 -0.0175118 0.658844 -2.37654
-0.0242642 -0.0102872 0.00612813 2.97099
-7.20201 0.477103 59.4008 -7.19086
0.0788731 -0.0179612 0.590845 -1.08398
0.0819591 -0.0147362 0.60288 -1.40609
0.0885204 -0.0119145 0.550213 -1.20492
0.0560456 -0.00789668 0.411463 -0.289993
0.0729055 -0.0120849 0.506093 -1.21234
0.0490695 -0.00900255 0.393236 -0.420305
-7.29623 0.57453 46.5449 -5.29799
0.158137 -0.049031 -0.0126144 2.09519
0.0916937 -0.0184035 0.768455 -3.855
0.0344829 -0.00560145 0.267273 0.0108722
0.0594342 -0.0103299 0.435076 -1.11586
0.0832588 -0.0150679 0.615707 -1.82418
0.0970247 -0.0206872 0.772305 -2.86069
0.075335 -0.0117734 0.529867 -1.4136
5.17907 -0.432758 -38.6972 -7.36976
0.415735 -0.111935 0.184667 -2.89786
0.0737011 -0.0118793 0.492183 -1.02612
0.0948193 -0.0164778 0.702094 -2.419
0.0839311 -0.0111791 0.546668 -1.29453
0.0464333 -0.000784954 0.280944 0.0124795
0.234952 -0.033424 0.0372642 -0.234392
0.0471106 -0.0119241 0.406742 -0.481127
12.2851 -0.900727 -104.632 -8.15711
0.0600681 -0.0108401 0.463306 -0.99343
0.254397 -0.0352471 0.0235016 -0.297771
0.0784231 -0.0221523 0.744917 -3.9779
0.0718473 -0.0121591 0.531798 -2.24326
0.0832588 -0.0150679 0.615707 -1.82418
0.0742692 -0.00924751 0.497595 -1.43813
0.0678996 -0.00900384 0.479661 -1.35227
-1.26294 0.0969261 8.00533 -4.28301
0.0575035 -0.0114643 0.472101 -0.734335
0.0462876 -0.00556593 0.338115 0.0177397
0.0477324 -0.00737119 0.369062 0.0208553
0.0682672 -0.0118315 0.492893 -0.804897
0.0646301 -0.0094325 0.467202 -1.33176
0.0790685 -0.0150967 0.594243 -2.14739
0.0415815 -0.00840969 0.345612 0.0179367
0.0442713 -0.00213449 0.310221 0.400487
0.0544608 -0.00387057 0.331891 -0.518112
0.0742692 -0.00924751 0.497595 -1.43813
0.0484309 -0.0101122 0.35252 -0.471303
0.0833313 -0.0174425 0.669252 -2.61064
0.210387 -0.0208488 -0.00108016 2.01812
0.0752736 -0.00971913 0.519164 -1.13735
0.0815822 -0.014133 0.569684 -1.39719
0.045473 -0.00138523 0.292071 0.351004
-11.3578 0.749844 94.4189 -7.35201
0.0555291 -0.00748152 0.379194 -0.392002
0.0702602 -0.0129521 0.520202 -1.06641
0.0855408 -0.0144919 0.640466 -2.46233
-0.498901 0.0471238 2.68131 -2.32482
0.0897899 -0.0197213 0.700136 -2.2973
0.0708654 -0.0151777 0.532688 -1.34555
0.0539493 -0.00567734 0.385301 0.0228503
0.075335 -0.0117734 0.529867 -1.4136
0.0753877 -0.00842797 0.47337 -0.602978
0.0438722 -0.00686963 0.338012 0.0173287
0.0515324 -0.00224981 0.329361 0.0171685
0.0602943 -0.00784691 0.424813 -0.409089
0.0547366 -0.0029924 0.354079 0.019608
0.0656406 -0.00692642 0.435994 -0.700857
0.0841197 -0.0175118 0.658844 -2.37654
-0.880044 0.0614103 6.16239 -4.17984
0.0698119 -0.0141931 0.515959 -0.778026
0.0550689 -0.00446905 0.374177 0.0216733
0.0748346 -0.0089307 0.478121 -1.06701
0.0601089 -0.0103896 0.449163 -0.804931
0.0565797 -0.00642545 0.358633 -0.531636
0.0505858 -0.00885596 0.404997 -0.899338
0.0876467 -0.0143697 0.597113 -1.53099
0.0819278 -0.0146832 0.662656 -3.52597
0.0796176 -0.0118233 0.570736 -2.35809
0.0308989 -0.00877932 0.285752 0.0118171
0.0448029 -0.00547678 0.332679 -0.309978
0.0366341 0.00265889 0.222029 0.522793
0.091544 -0.0149657 0.764331 -4.40742
0.235958 -0.0281436 -0.0165953 -0.215815
0.0322401 0.00314501 0.175423 0.671746
0.0526425 -0.00257645 0.340171 0.0183557
0.047397 -0.00589216 0.348917 0.0189169
0.0827196 -0.0150707 0.634971 -2.52185
0.0471661 -0.00503382 0.33498 0.0174015
0.0496334 -0.00756478 0.371239 -0.360789
0.041191 -0.00410269 0.289733 0.0130785
0.038715 -0.00760592 0.318993 0.0153931
0.0217718 0.0178199 0.000202058 1.99864
0.0819278 -0.0146832 0.662656 -3.52597
0.0643436 -0.00656896 0.416345 -0.956905
0.0476299 -0.0146527 0.436993 -0.845794
0.0541018 -0.00850283 0.417739 -0.932179
0.0525809 -0.00495882 0.353232 -0.461116
0.0904713 -0.0180988 0.778506 -4.17202
0.0458803 -0.00620336 0.368127 -0.314954
0.0566382 -0.00758995 0.402593 -1.09045
0.0725736 -0.0122786 0.517476 -1.40315
0.070509 -0.0153076 0.541988 -1.5264
0.0427366 -0.00108071 0.262413 0.26838
0.0581548 -0.00799656 0.423685 -0.811228
0.0431645 -0.00319727 0.285344 0.239961
0.248586 -0.0349187 -0.0147512 -0.25738
0.0465392 -0.00796613 0.359336 -0.331772
0.0502257 -0.00387911 0.340049 0.0180413
0.0790171 -0.0150772 0.628367 -3.13191
0.0498856 -0.00239699 0.319836 0.0161181
0.0336062 -0.00613466 0.27044 0.011108
0.0450206 -0.00179235 0.2854 0.0129377
0.0638892 -0.00748436 0.435162 -0.429254
0.327061 -0.0405386 -0.0857491 -0.306519
0.0644566 -0.00737686 0.455274 -1.01784
0.0488111 -0.00488547 0.34448 0.0185021
0.0478946 -0.00260096 0.312126 0.0153657
0.0475041 -0.00651452 0.355163 0.0193054
0.0581568 -0.00715288 0.391004 -0.502112
0.0391336 0.000598372 0.262435 0.352436
0.0475933 -0.00393602 0.327414 0.0169186
0.0387433 0.003246 0.211933 0.676274
0.0717351 -0.015052 0.520784 -1.16823
0.0656406 -0.00692642 0.435994 -0.700857
-4.97777 0.333928 40.1064 -6.86732
0.0847244 -0.0117981 0.612335 -2.95371
0.0346992 -0.00348455 0.233222 0.283293
0.0600635 -0.00722831 0.416379 -1.12866
0.0903944 -0.014566 0.686778 -2.90594
0.0740046 -0.00910144 0.491921 -1.26433
0.0692451 -0.0123874 0.492473 -1.18243
0.25758 -0.0377847 0.0430874 -0.31567
-1.18213 0.133935 4.98171 -2.37509
0.0545894 -0.0056829 0.388677 -0.373171
0.0314525 0.00291642 0.218028 0.845665
0.273674 -0.0385335 -0.00958376 -0.31033
0.0997563 -0.0216888 0.884134 -4.20229
0.0800963 -0.0114362 0.529903 -1.72102
0.0392976 -0.00466471 0.298574 0.303787
-2.70151 0.187 20.459 -6.04361
0.056714 -0.00820974 0.414361 -0.387761
0.226843 -0.0265733 0.060203 -0.229719
0.0591106 -0.0127775 0.477414 -1.43806
-0.146426 0.0253917 0.523035 0.297649
0.0356742 0.00403592 0.221861 0.634448
0.071482 -0.00579207 0.42489 -1.23454
0.273674 -0.0385335 -0.00958376 -0.31033
0.0813329 -0.0177391 0.62444 -2.08311
0.0742964 -0.0112232 0.504405 -1.58884
0.0938716 -0.0215109 0.877438 -4.496
0.0426006 0.00229222 0.222793 0.525334
0.0710414 -0.0116361 0.49352 -1.58898
0.0654212 -0.00876632 0.437607 -0.901038
0.0545502 -0.00832401 0.4108 -0.776391
0.0566668 -0.0107834 0.437329 -0.779151
0.075335 -0.0117734 0.529867 -1.4136
0.0437189 -0.00342507 0.296159 0.0137067
0.057911 -0.00348237 0.342299 -0.540883
0.0572035 -0.0132171 0.452365 -1.76642
0.0419575 -0.00294451 0.280277 0.012414
0.0566382 -0.00758995 0.402593 -1.09045
0.0626017 -0.00664396 0.419659 -1.64009
0.0790171 -0.0150772 0.628367 -3.13191
0.041191 -0.00410269 0.289733 0.0130785
0.0778188 -0.0186937 0.647781 -2.20565
0.0448029 -0.00547678 0.332679 -0.309978
0.221913 -0.0256959 -0.0105922 3.40728
0.0825997 -0.0150254 0.64728 -2.80743
0.0424918 -0.00246934 0.278962 0.012344
0.0459463 -0.00408285 0.317882 0.0158746
0.055641 -0.0100669 0.402808 -0.833142
0.0386312 0.00205409 0.255751 0.5015
0.0659138 -0.00960998 0.465025 -1.91905
0.0558975 -0.00541041 0.395182 -0.800844
0.0337723 -0.00665805 0.300293 -0.311549
-0.870716 0.0778769 4.43601 -2.90683
0.0521125 -0.00673104 0.345844 -0.588583
0.0462729 -0.00259524 0.317514 -0.317712
0.04047 -0.00654041 0.312688 0.0148538
0.022588 0.00478067 0.166328 0.860118
0.0524114 -0.00171807 0.326235 0.0167726
0.0886786 -0.0175541 0.715697 -3.06088
0.050118 -0.00325633 0.333794 0.0176436
0.0515324 -0.00224981 0.329361 0.0171685
0.0581568 -0.00715288 0.391004 -0.502112
0.0899705 -0.0178584 0.710987 -2.84907
0.0431645 -0.00319727 0.285344 0.239961
0.0721675 -0.00642126 0.471894 -0.922292
0.0433693 -0.00193668 0.27581 0.0120184
0.0432798 0.000689942 0.274651 0.303103
0.0339593 -0.00762549 0.290839 0.0125736
0.0437189 -0.00342507 0.296159 0.0137067
0.082575 -0.014789 0.611298 -2.18246
0.049007 -0.00292902 0.322969 0.0164887
0.0600532 -0.00604261 0.369057 -0.552795
0.0441427 -0.00232505 0.28855 0.0132782
0.0478946 -0.00260096 0.312126 0.0153657
0.0545502 -0.00832401 0.4108 -0.776391
0.0533226 -0.00494199 0.353444 -0.375055
0.0852751 -0.0142758 0.675455 -3.50148
0.0690613 -0.00653479 0.447775 -0.72643
0.0802489 -0.0114809 0.533181 -1.26825
0.0656406 -0.00692642 0.435994 -0.700857
0.0724445 -0.0294955 0.744961 -1.20502
0.0500774 -0.000437889 0.298268 0.0140983
0.0748346 -0.0089307 0.478121 -1.06701
0.0377858 -0.00531321 0.286465 0.0127075
0.0860901 -0.0126733 0.69217 -3.8938
0.0740046 -0.00910144 0.491921 -1.26433
0.0537182 -8.87795e-05 0.315546 0.0158034
0.0540576 -0.00157043 0.335749 0.017838
0.363675 -0.0603789 -0.0982487 -0.492014
0.134028 -0.0031921 0.00140294 1.98477
0.0883016 -0.0170181 0.653216 -2.12029
0.265749 -0.0340866 -0.0295618 -0.254412
0.0407238 0.00586231 0.201757 0.68207
-10.2091 0.701056 80.2821 -6.82702
0.24704 -0.0300065 0.113049 -0.29911
-10.1849 0.689912 82.1273 -7.05939
-9.23782 0.876218 40.9175 -3.28958
0.751301 -0.100747 -0.966189 -1.43778
0.115233 -0.0119146 0.741632 -1.98902
0.323174 -0.0415972 -0.0143419 2.9396
-7.40137 0.744363 29.8141 -2.83839
0.200786 -0.0152795 -0.0195808 2.89878
-0.0431117 0.032793 -0.0117811 2.06767
-5.7207 0.659849 16.733 -1.63736
0.334777 -0.043766 -0.147439 -0.354536
-0.185113 0.0398684 0.577905 0.390859
0.0839311 -0.0111791 0.546668 -1.29453
0.0839311 -0.0111791 0.546668 -1.29453
-0.257915 0.048931 0.597893 0.395261
