0.0512594 -0.0142508 0.449645 -0.88196
0.0560283 -0.0130482 0.456538 -1.22251
0.0475788 -0.0137655 0.401632 -0.522585
-5.26794 0.227351 50.7603 -7.97905
0.249732 -0.0684649 0.057611 3.24267
0.0876286 -0.0171557 0.673087 -2.38941
0.038947 -0.00505307 0.302218 0.231404
0.0846838 -0.0175644 0.702259 -3.4264
0.0601089 -0.0103896 0.449163 -0.804931
0.0806337 -0.0178352 0.64233 -2.34975
0.0888923 -0.0209972 0.731811 -2.76666
-0.00313329 -0.0107239 0.0957513 -7.57287
0.0295673 -0.0141517 -0.000484272 2.00485
0.0512594 -0.0142508 0.449645 -0.88196
0.0656017 -0.0148287 0.494327 -1.48314
0.0410043 -0.00606509 0.311371 0.0148148
0.0374134 -0.00923862 0.329751 0.0159718
0.0475788 -0.0137655 0.401632 -0.522585
0.0426991 -0.0115642 0.364824 -0.403603
-3.95856 0.237666 35.5045 -7.60818
-0.174953 0.00979755 1.34503 -1.76962
0.0737444 -0.0148545 0.552305 -1.52605
0.0376012 -0.00727693 0.30813 0.0143361
0.0412395 -0.00692617 0.325372 0.0161839
0.0465392 -0.00796613 0.359336 -0.331772
0.0735204 -0.01847 0.610122 -2.2961
0.0531412 -0.011123 0.423675 -0.739978
1.87613 -0.224755 -7.62727 -4.13102
0.0417496 -0.0164134 0.479819 -0.599537
0.0433376 -0.00734475 0.339326 0.0173659
0.0532705 -0.0104576 0.396727 -0.474037
0.0785846 -0.0180999 0.595484 -1.60657
0.0512594 -0.0142508 0.449645 -0.88196
0.0476299 -0.0146527 0.436993 -0.845794
0.0426991 -0.0115642 0.364824 -0.403603
0.0532705 -0.0104576 0.396727 -0.474037
0.0448029 -0.00547678 0.332679 -0.309978
0.0441056 -0.00866055 0.349395 -0.412294
0.0321961 -0.00714366 0.274933 0.0113451
0.0406319 -0.00903814 0.338689 -0.385694
0.0433376 -0.00734475 0.339326 0.0173659
0.0672154 -0.0154895 0.519495 -1.32134
0.0598852 -0.012163 0.449229 -1.00414
0.0414135 -0.00951472 0.371702 -0.282082
0.0806337 -0.0178352 0.64233 -2.34975
0.0583284 -0.0131162 0.459653 -0.749978
0.047507 -0.00867372 0.394844 -0.334094
0.0553883 -0.0111114 0.429215 -0.379224
0.0312185 -0.00746818 0.271396 0.248156
0.0419616 -0.0115918 0.364672 -0.489362
0.0468694 -0.0139686 0.404622 -0.930441
0.0395403 -0.00424744 0.28015 0.0121453
0.0486726 -0.00712901 0.335777 -0.569322
0.0361347 -0.00545752 0.276875 0.0117742
0.0403579 -0.0108612 0.332273 -0.519366
0.0350714 -0.00914261 0.329659 -0.34946
0.0839688 -0.0188569 0.726744 -3.77632
0.0547944 -0.0104095 0.418174 -1.0451
0.038715 -0.00760592 0.318993 0.0153931
0.0372518 -0.0057885 0.287782 0.0127458
0.0639793 -0.0161069 0.518914 -1.51432
0.0371778 -0.00837739 0.315745 0.0146649
0.0489817 -0.0108215 0.384817 -0.528219
0.0635825 -0.0158036 0.506243 -1.29598
0.0443696 -0.0114147 0.375612 -0.91413
0.0493372 -0.013839 0.430322 -1.16421
0.0509125 -0.0160266 0.451683 -1.105
0.0547944 -0.0104095 0.418174 -1.0451
0.0448029 -0.00547678 0.332679 -0.309978
0.0547944 -0.0104095 0.418174 -1.0451
0.0493372 -0.013839 0.430322 -1.16421
0.0478464 -0.0110662 0.38895 -0.953043
0.0435298 -0.00538597 0.317765 0.0155435
0.0532705 -0.0104576 0.396727 -0.474037
0.0494464 -0.0111885 0.420997 -0.350274
0.0735204 -0.01847 0.610122 -2.2961
0.0434716 -0.00836576 0.347189 -0.300219
0.0371778 -0.00837739 0.315745 0.0146649
0.0384785 -0.00674398 0.304973 0.0140773
0.0653347 -0.0149758 0.506321 -1.71472
0.0512594 -0.0142508 0.449645 -0.88196
0.0371778 -0.00837739 0.315745 0.0146649
0.0357668 -0.00938587 0.320225 0.014898
0.0486113 -0.00683923 0.365934 0.0205221
0.0581568 -0.00715288 0.391004 -0.502112
0.0531522 -0.00857342 0.403802 -0.365202
0.0546838 -0.0138388 0.461159 -0.904384
0.0531412 -0.011123 0.423675 -0.739978
0.0476001 -0.00828368 0.359961 -0.437061
0.0433376 -0.00734475 0.339326 0.0173659
0.0531412 -0.011123 0.423675 -0.739978
0.0384785 -0.00674398 0.304973 0.0140773
0.0672154 -0.0154895 0.519495 -1.32134
0.0497667 -0.0144737 0.435654 -0.430656
0.0410163 -0.00591718 0.299569 0.231654
0.051156 -0.0115587 0.419924 -0.437333
0.0345417 -0.00843133 0.303055 0.0135695
0.0419616 -0.0115918 0.364672 -0.489362
0.0350714 -0.00914261 0.329659 -0.34946
0.0896661 -0.0213702 0.803813 -4.04989
0.0547944 -0.0104095 0.418174 -1.0451
0.0395403 -0.00424744 0.28015 0.0121453
0.029781 -0.00844784 0.274832 0.0108918
0.0321961 -0.00714366 0.274933 0.0113451
0.0608591 -0.0129038 0.467875 -1.80874
0.0441056 -0.00866055 0.349395 -0.412294
0.0421849 -0.00614507 0.322827 -0.392401
0.0419616 -0.0115918 0.364672 -0.489362
0.0546838 -0.0138388 0.461159 -0.904384
0.0426991 -0.0115642 0.364824 -0.403603
0.0526954 -0.013449 0.443564 -1.19504
0.0441056 -0.00866055 0.349395 -0.412294
0.0296678 -0.00782093 0.268501 0.0106333
0.0321607 -0.00958459 0.317905 -0.319019
0.0317754 -0.00824598 0.282582 0.0116219
0.0560283 -0.0130482 0.456538 -1.22251
0.0399648 -0.0031474 0.272548 0.0115375
0.0653347 -0.0149758 0.506321 -1.71472
0.0459482 -0.014216 0.416806 -1.12978
0.0478464 -0.0110662 0.38895 -0.953043
0.0361347 -0.00545752 0.276875 0.0117742
0.0478464 -0.0110662 0.38895 -0.953043
0.0574108 -0.0130278 0.439086 -1.49384
0.0557747 -0.0161654 0.468876 -1.69059
0.0434716 -0.00836576 0.347189 -0.300219
0.038472 -0.0119487 0.353637 -0.462405
0.0406319 -0.00903814 0.338689 -0.385694
0.0359523 -0.00742265 0.29857 0.0133315
0.0321607 -0.00958459 0.317905 -0.319019
0.029781 -0.00844784 0.274832 0.0108918
0.0438116 -0.0104733 0.342663 -0.542005
0.0376012 -0.00727693 0.30813 0.0143361
0.0645366 -0.0125888 0.482821 -1.84454
0.0608591 -0.0129038 0.467875 -1.80874
0.0321607 -0.00958459 0.317905 -0.319019
0.0347241 -0.00646618 0.28136 0.0120494
0.0657699 -0.0130055 0.492475 -1.36925
0.0410043 -0.00606509 0.311371 0.0148148
0.0598852 -0.012163 0.449229 -1.00414
0.0462079 -0.0111961 0.375607 -0.428801
0.0476001 -0.00828368 0.359961 -0.437061
0.0535021 -0.01311 0.428041 -0.977826
0.03619 -0.00828542 0.312609 0.014594
0.0384785 -0.00674398 0.304973 0.0140773
0.0246241 -0.00440768 0.244089 0.361472
0.0419616 -0.0115918 0.364672 -0.489362
0.0535021 -0.01311 0.428041 -0.977826
0.0433376 -0.00734475 0.339326 0.0173659
0.0495986 -0.00821663 0.37269 -0.989144
0.0344829 -0.00560145 0.267273 0.0108722
0.0349666 -0.00871721 0.294689 -0.476067
0.0322063 -0.00438593 0.240487 0.00900964
0.0476001 -0.00828368 0.359961 -0.437061
0.0421849 -0.00614507 0.322827 -0.392401
0.0373632 -0.0064142 0.29409 0.0130613
0.0526954 -0.013449 0.443564 -1.19504
0.0515273 -0.0139153 0.436415 -0.701945
0.070141 -0.0188515 0.595757 -2.28096
0.0454693 -0.0112066 0.374772 -0.509352
0.0406319 -0.00903814 0.338689 -0.385694
0.0443696 -0.0114147 0.375612 -0.91413
0.0350714 -0.00914261 0.329659 -0.34946
0.0417878 -0.0123996 0.395596 -0.802044
0.0489817 -0.0108215 0.384817 -0.528219
0.0476001 -0.00828368 0.359961 -0.437061
0.0441056 -0.00866055 0.349395 -0.412294
0.0334258 -0.00810109 0.292163 0.012578
0.0359523 -0.00742265 0.29857 0.0133315
0.0513669 -0.0107694 0.404591 -1.00804
0.0547944 -0.0104095 0.418174 -1.0451
0.0336214 -0.0048581 0.259237 0.242567
0.0348361 -0.0070923 0.287675 0.0123458
0.0359523 -0.00742265 0.29857 0.0133315
0.0267433 -0.00559056 0.240821 0.301746
0.0502221 -0.0135528 0.41665 -0.95721
0.0350714 -0.00914261 0.329659 -0.34946
0.0334258 -0.00810109 0.292163 0.012578
0.0308989 -0.00877932 0.285752 0.0118171
0.0323087 -0.00777018 0.281256 0.0116227
0.0384785 -0.00674398 0.304973 0.0140773
0.0371912 -0.00295745 0.251976 0.00992659
0.0537052 -0.0101158 0.403567 -1.45543
0.0485531 -0.013649 0.420269 -1.64315
0.0232499 -0.00318085 0.197393 0.517993
0.0332502 -0.00464194 0.249999 0.00968731
0.0344829 -0.00560145 0.267273 0.0108722
0.041805 -0.00792388 0.31543 -0.526382
0.0310773 -0.0068116 0.264001 0.0104342
0.0344829 -0.00560145 0.267273 0.0108722
0.0267433 -0.00559056 0.240821 0.301746
0.0344829 -0.00560145 0.267273 0.0108722
0.0513669 -0.0107694 0.404591 -1.00804
0.0321607 -0.00958459 0.317905 -0.319019
0.0321607 -0.00958459 0.317905 -0.319019
0.0321607 -0.00958459 0.317905 -0.319019
0.0507356 -0.00969402 0.363125 -0.58231
0.0513669 -0.0107694 0.404591 -1.00804
0.038663 -0.00478018 0.283305 0.0124324
0.0294243 -0.00695472 0.254382 0.0095658
0.0319537 -0.00627818 0.260829 0.0102227
0.0337723 -0.00665805 0.300293 -0.311549
0.0332502 -0.00464194 0.249999 0.00968731
0.0503379 -0.0104961 0.389077 -1.41371
0.0294243 -0.00695472 0.254382 0.0095658
0.0410043 -0.00606509 0.311371 0.0148148
0.0371778 -0.00837739 0.315745 0.0146649
0.0489817 -0.0108215 0.384817 -0.528219
0.0476001 -0.00828368 0.359961 -0.437061
0.0321961 -0.00714366 0.274933 0.0113451
0.0345417 -0.00843133 0.303055 0.0135695
0.0348361 -0.0070923 0.287675 0.0123458
0.041191 -0.00410269 0.289733 0.0130785
0.0371912 -0.00295745 0.251976 0.00992659
0.0452364 -0.00752662 0.325643 -0.548645
0.0518292 -0.016607 0.465679 -1.92197
0.0319537 -0.00627818 0.260829 0.0102227
0.0441056 -0.00866055 0.349395 -0.412294
0.0373632 -0.0064142 0.29409 0.0130613
0.0486726 -0.00712901 0.335777 -0.569322
0.0493372 -0.013839 0.430322 -1.16421
0.0289833 -0.00235058 0.22026 0.427589
0.0321961 -0.00714366 0.274933 0.0113451
0.0336062 -0.00613466 0.27044 0.011108
0.0336062 -0.00613466 0.27044 0.011108
0.0370672 -0.00775231 0.309449 0.0143529
0.0440155 -0.0122993 0.399462 -0.396512
0.0598852 -0.012163 0.449229 -1.00414
0.0462876 -0.00556593 0.338115 0.0177397
0.0476001 -0.00828368 0.359961 -0.437061
0.0513669 -0.0107694 0.404591 -1.00804
0.0294243 -0.00695472 0.254382 0.0095658
0.0302862 -0.00462705 0.241853 0.387089
0.0338142 -0.00446664 0.255691 0.328892
0.0434716 -0.00836576 0.347189 -0.300219
0.0653347 -0.0149758 0.506321 -1.71472
0.0372518 -0.0057885 0.287782 0.0127458
0.0441056 -0.00866055 0.349395 -0.412294
0.036592 -0.0061817 0.311493 -0.33913
0.0406319 -0.00903814 0.338689 -0.385694
0.0368293 -0.00688974 0.295411 0.0130877
0.0376012 -0.00727693 0.30813 0.0143361
0.0441056 -0.00866055 0.349395 -0.412294
0.0435298 -0.00538597 0.317765 0.0155435
0.0457112 -0.00322202 0.303886 0.0144466
0.094265 -0.0138126 0.640494 -1.6656
0.0865667 -0.0138814 0.575823 -1.28155
0.0649851 -0.0122688 0.481982 -0.788456
0.0592488 -0.00751115 0.423185 -0.315594
0.0451184 -0.00831216 0.355651 -0.908224
0.0537052 -0.0101158 0.403567 -1.45543
0.0608591 -0.0129038 0.467875 -1.80874
0.0336062 -0.00613466 0.27044 0.011108
0.0531412 -0.011123 0.423675 -0.739978
0.0444436 -0.00909321 0.383353 -0.308928
0.0896661 -0.0213702 0.803813 -4.04989
0.0363739 -0.00518619 0.289332 0.327903
