0.246918 -0.0401262 0.0412702 -0.277023
0.0566592 -0.0159152 0.4725 -0.713623
0.085672 -0.0286855 0.885082 -4.20562
-3.35263 0.142897 30.0211 -7.37429
0.0286016 -0.0087726 0.271157 0.0106086
0.32324 -0.0453329 -0.027344 -0.43341
0.223092 -0.0332799 0.0816949 -0.242921
0.0960545 -0.0235791 0.764651 -2.46914
0.0820201 -0.0180344 0.63072 -1.75864
0.225251 -0.0363288 0.154228 -0.275831
0.10267 -0.0245931 0.918368 -4.04283
-3.67799 0.145543 35.6429 -8.03101
0.189096 -0.0942963 0.395293 -1.74193
0.0894196 -0.0284239 0.90506 -4.22674
0.077847 -0.0237114 0.670251 -2.15343
0.0635825 -0.0158036 0.506243 -1.29598
0.0520046 -0.0133816 0.412086 -0.464576
0.0741946 -0.0240116 0.65394 -2.12242
0.068465 -0.0217787 0.611818 -2.18346
1.00618 -0.133154 -2.70383 -3.02997
0.344788 -0.0625934 -0.000832569 2.993
0.0782073 -0.0145588 0.558969 -1.39121
0.222301 -0.0362875 0.0967885 -0.251303
0.286227 -0.042289 -0.0192594 -0.345611
0.0646052 -0.012476 0.492623 -0.945732
0.223092 -0.0332799 0.0816949 -0.242921
0.227477 -0.0360791 0.112871 -0.255
0.679598 -0.103005 -0.901601 -1.0225
0.26646 -0.0400597 0.0578287 -0.305691
0.299645 -0.0452313 -0.00643023 -0.385366
0.0797618 -0.0202852 0.604911 -1.33898
0.0960545 -0.0235791 0.764651 -2.46914
0.0624662 -0.0187744 0.520193 -1.24238
0.0380998 -0.0106654 0.348176 0.0173863
0.0587956 -0.0190765 0.506651 -1.21398
0.0836035 -0.0203604 0.654178 -2.0265
0.258306 -0.0374505 0.00626857 -0.286119
0.330217 -0.0471288 -0.152263 -0.359447
0.0475788 -0.0137655 0.401632 -0.522585
0.0653347 -0.0149758 0.506321 -1.71472
0.0920576 -0.0240397 0.772234 -2.73749
0.0734327 -0.017877 0.561562 -1.32552
0.080161 -0.020805 0.641073 -1.66706
0.0734327 -0.017877 0.561562 -1.32552
0.268784 -0.0407923 0.077813 -0.34514
0.0883672 -0.0226242 0.712065 -2.19493
0.268784 -0.0407923 0.077813 -0.34514
0.280235 -0.0412486 0.0561379 -0.369323
0.049958 -0.0167222 0.449119 -0.666822
0.0565313 -0.0164814 0.480599 -1.25057
0.0509125 -0.0160266 0.451683 -1.105
0.230011 -0.0362243 0.0943594 -0.263997
0.077051 -0.0181326 0.625272 -2.31726
0.0635825 -0.0158036 0.506243 -1.29598
0.0602111 -0.0182369 0.506476 -1.60156
0.0660211 -0.0184319 0.530422 -1.72282
0.0781065 -0.0177711 0.585636 -1.76841
0.0909411 -0.021702 0.797329 -3.78099
0.0433376 -0.00734475 0.339326 0.0173659
0.0739258 -0.0183243 0.592425 -2.01749
0.081984 -0.0205036 0.689248 -2.52975
0.0607337 -0.0159222 0.478566 -1.06818
0.217053 -0.0333683 0.0793187 -0.23383
0.0851717 -0.0231142 0.703022 -2.2137
0.0544842 -0.0152925 0.44891 -0.917442
0.069148 -0.0216015 0.590773 -1.9017
0.044043 -0.0141433 0.391475 -0.503626
0.273674 -0.0385335 -0.00958376 -0.31033
0.0905196 -0.0212515 0.740145 -3.15123
0.0909411 -0.021702 0.797329 -3.78099
0.0660211 -0.0184319 0.530422 -1.72282
0.0653347 -0.0149758 0.506321 -1.71472
0.254992 -0.0376281 0.0625611 -0.308362
0.0967813 -0.0239067 0.837085 -3.5771
0.0829297 -0.020493 0.673041 -2.27864
0.0718588 -0.017225 0.535914 -1.47075
0.0839717 -0.0230026 0.713332 -2.40837
0.0635825 -0.0158036 0.506243 -1.29598
0.217053 -0.0333683 0.0793187 -0.23383
0.0698312 -0.0181712 0.547142 -1.29568
0.0616636 -0.0142856 0.461366 -0.794176
0.0807183 -0.0234706 0.702768 -2.42088
0.0718965 -0.024242 0.614277 -1.48909
0.099623 -0.0235014 0.805745 -2.78343
0.252533 -0.0365872 0.0951388 -0.300894
0.0999511 -0.0233419 0.782693 -2.50477
0.0839717 -0.0230026 0.713332 -2.40837
0.249312 -0.0378709 0.0607684 -0.298519
0.0967813 -0.0239067 0.837085 -3.5771
0.0626019 -0.0125634 0.461444 -0.634431
0.249312 -0.0378709 0.0607684 -0.298519
0.0698312 -0.0181712 0.547142 -1.29568
0.0838607 -0.0205158 0.656735 -1.69909
0.0769782 -0.0209567 0.609562 -1.54395
0.0797618 -0.0202852 0.604911 -1.33898
0.080161 -0.020805 0.641073 -1.66706
0.0714605 -0.0214906 0.641242 -2.46531
0.068465 -0.0217787 0.611818 -2.18346
0.085672 -0.0286855 0.885082 -4.20562
0.0872953 -0.0200738 0.670776 -2.06048
0.0672154 -0.0154895 0.519495 -1.32134
0.0583284 -0.0131162 0.459653 -0.749978
0.0598765 -0.018405 0.521096 -1.85859
0.070141 -0.0188515 0.595757 -2.28096
0.0656017 -0.0148287 0.494327 -1.48314
0.0735204 -0.01847 0.610122 -2.2961
0.0735204 -0.01847 0.610122 -2.2961
0.0544842 -0.0152925 0.44891 -0.917442
0.0962676 -0.0270986 0.849577 -3.42307
0.0756163 -0.0211203 0.642118 -2.22968
0.0462734 -0.011588 0.409564 -0.326466
0.0762214 -0.0209309 0.620961 -1.95507
0.0763334 -0.0246822 0.710813 -3.18207
0.0649632 -0.0220886 0.594851 -2.14905
0.0649632 -0.0220886 0.594851 -2.14905
0.217053 -0.0333683 0.0793187 -0.23383
0.0776215 -0.0180182 0.607415 -2.04377
0.077051 -0.0181326 0.625272 -2.31726
0.0513035 -0.0157547 0.438046 -0.902128
0.0648116 -0.0184251 0.542745 -1.4318
0.0653347 -0.0149758 0.506321 -1.71472
0.246187 -0.0386538 -0.00980206 -0.264389
0.0854513 -0.0252037 0.853596 -4.26157
0.0814588 -0.0251848 0.79161 -3.90595
0.318987 -0.0492406 -0.0684951 -0.397767
0.0595877 -0.0188706 0.492744 -1.02779
0.0624662 -0.0187744 0.520193 -1.24238
0.077102 -0.0237845 0.686365 -2.39351
0.068465 -0.0217787 0.611818 -2.18346
0.0584648 -0.0192698 0.518001 -1.40454
0.068465 -0.0217787 0.611818 -2.18346
0.0792643 -0.0207903 0.65631 -2.24598
0.0602264 -0.011915 0.436369 -0.813276
0.0497331 -0.0108274 0.386236 -0.452221
0.0685402 -0.0220389 0.634648 -2.51578
0.0620443 -0.0151648 0.48143 -1.46226
0.0836035 -0.0203604 0.654178 -2.0265
0.0851717 -0.0231142 0.703022 -2.2137
0.0680388 -0.0153419 0.506833 -1.13638
0.0724547 -0.0208733 0.576425 -1.28319
0.0839717 -0.0230026 0.713332 -2.40837
0.0566592 -0.0159152 0.4725 -0.713623
0.0756163 -0.0211203 0.642118 -2.22968
0.0807183 -0.0234706 0.702768 -2.42088
0.0640934 -0.0215508 0.559616 -1.39314
0.0624662 -0.0187744 0.520193 -1.24238
0.21771 -0.0365972 0.091861 -0.244357
0.236678 -0.0361737 0.095555 -0.274627
0.0784696 -0.0183082 0.650493 -3.04127
0.231626 -0.0344049 -0.0102907 -0.231817
0.0367015 -0.0116271 0.35685 -0.371365
0.0502221 -0.0135528 0.41665 -0.95721
0.230011 -0.0362243 0.0943594 -0.263997
0.0891099 -0.0244075 0.7984 -3.51964
0.264221 -0.041331 0.00808552 -0.307125
0.0702588 -0.0186186 0.576256 -1.98219
0.245828 -0.0404294 0.0792336 -0.304594
0.066145 -0.0184727 0.533688 -1.26957
0.048379 -0.0141168 0.435106 -0.340564
0.21771 -0.0365972 0.091861 -0.244357
0.29879 -0.0493675 -0.069691 -0.359178
0.22787 -0.0399621 0.0865601 -0.274608
0.240948 -0.0410771 0.0126235 -0.269252
0.313959 -0.0465102 -0.0838907 -0.371779
0.274767 -0.0385042 -0.0264379 -0.313242
0.0644167 -0.0156306 0.492478 -1.10199
0.0587956 -0.0190765 0.506651 -1.21398
0.0741946 -0.0240116 0.65394 -2.12242
0.0698312 -0.0181712 0.547142 -1.29568
0.077051 -0.0181326 0.625272 -2.31726
0.0807183 -0.0234706 0.702768 -2.42088
0.077847 -0.0237114 0.670251 -2.15343
0.077102 -0.0237845 0.686365 -2.39351
0.0660211 -0.0184319 0.530422 -1.72282
0.0728003 -0.0213081 0.606978 -1.93689
0.0400257 -0.0123904 0.38614 -0.273766
0.0527286 -0.0165372 0.472159 -0.84702
0.0649632 -0.0220886 0.594851 -2.14905
0.0551332 -0.019379 0.493048 -1.1842
0.0739258 -0.0183243 0.592425 -2.01749
0.0825314 -0.0215726 0.700486 -3.07002
0.070141 -0.0188515 0.595757 -2.28096
0.0569489 -0.0186302 0.494101 -1.59111
0.0602111 -0.0182369 0.506476 -1.60156
0.0765329 -0.0213061 0.684343 -3.23986
0.258195 -0.0386593 -0.0683872 -0.251782
0.0611048 -0.0181697 0.494723 -1.39245
0.0814588 -0.0251848 0.79161 -3.90595
0.077102 -0.0237845 0.686365 -2.39351
0.0814588 -0.0251848 0.79161 -3.90595
0.0720174 -0.0214443 0.626849 -2.20592
0.0849561 -0.0245452 0.757008 -3.31269
0.0649632 -0.0220886 0.594851 -2.14905
0.0480889 -0.0162053 0.426871 -0.883722
0.0649632 -0.0220886 0.594851 -2.14905
0.0644167 -0.0156306 0.492478 -1.10199
0.0868272 -0.0217994 0.767615 -3.67241
0.0735204 -0.01847 0.610122 -2.2961
0.0477477 -0.0165243 0.441591 -1.09683
0.0611048 -0.0181697 0.494723 -1.39245
0.0666636 -0.0192044 0.578183 -2.23768
0.0594397 -0.0158467 0.483269 -1.72305
0.0565313 -0.0164814 0.480599 -1.25057
0.0775992 -0.0253912 0.768665 -3.85319
0.0734327 -0.017877 0.561562 -1.32552
0.0648116 -0.0184251 0.542745 -1.4318
0.0815047 -0.0234119 0.686597 -2.18374
0.0792643 -0.0207903 0.65631 -2.24598
0.080849 -0.0246639 0.738038 -3.28322
0.068465 -0.0217787 0.611818 -2.18346
0.209878 -0.036134 0.0775106 -0.236472
0.0579258 -0.0100367 0.4044 -0.405879
0.0735204 -0.01847 0.610122 -2.2961
0.0735204 -0.01847 0.610122 -2.2961
0.0577758 -0.0189386 0.511903 -1.90169
0.0513035 -0.0157547 0.438046 -0.902128
0.249569 -0.0381928 -0.0031805 -0.270692
0.0756163 -0.0211203 0.642118 -2.22968
0.0762214 -0.0209309 0.620961 -1.95507
0.283852 -0.0454566 -0.0521938 -0.319723
0.066145 -0.0184727 0.533688 -1.26957
0.0509125 -0.0160266 0.451683 -1.105
0.0854513 -0.0252037 0.853596 -4.26157
0.0854513 -0.0252037 0.853596 -4.26157
0.222301 -0.0362875 0.0967885 -0.251303
0.0867836 -0.0274696 0.792699 -2.90223
0.0557194 -0.0166704 0.471476 -0.459938
0.244837 -0.0363443 0.0944904 -0.287845
0.0672154 -0.0154895 0.519495 -1.32134
0.289273 -0.0443461 -0.035839 -0.332423
0.219673 -0.0370952 0.0260335 -0.224194
0.0720174 -0.0214443 0.626849 -2.20592
0.0792643 -0.0207903 0.65631 -2.24598
0.217053 -0.0333683 0.0793187 -0.23383
0.0599659 -0.0154972 0.483925 -0.734052
0.066145 -0.0184727 0.533688 -1.26957
0.0739258 -0.0183243 0.592425 -2.01749
0.0749166 -0.0211259 0.655482 -2.47602
0.0892946 -0.0249116 0.873172 -4.28401
0.0756163 -0.0211203 0.642118 -2.22968
0.0599659 -0.0154972 0.483925 -0.734052
0.265147 -0.0441955 0.0710576 -0.354114
0.0734327 -0.017877 0.561562 -1.32552
0.0692443 -0.0117447 0.484137 -0.675174
0.0770086 -0.00655268 0.489898 -0.238521
0.23369 -0.030838 0.201861 -0.264267
0.0807082 -0.0147855 0.563655 -0.96689
0.329057 -0.0446248 0.00577162 -0.445951
0.0727075 -0.0184566 0.622302 -2.55001
0.0825314 -0.0215726 0.700486 -3.07002
0.0735204 -0.01847 0.610122 -2.2961
0.0639793 -0.0161069 0.518914 -1.51432
0.0626019 -0.0125634 0.461444 -0.634431
0.0920576 -0.0240397 0.772234 -2.73749
0.0689161 -0.0158805 0.534848 -1.02922
0.0946094 -0.0267905 0.802965 -2.65432
