-0.0610404 0.0343566 0.0105442 1.91283
1.30127 -0.156416 -4.1926 -3.37824
-0.00089844 -0.00765933 -0.0132535 3.08659
-0.107445 -0.00661015 -0.564526 -5.68527
-0.107445 -0.00661015 -0.564526 -5.68527
1.1454 -0.160314 -2.98661 -2.73884
0.284656 -0.0396058 -0.00302862 1.96371
0.266769 -0.0286982 -0.0167071 2.93437
-6.12401 0.387636 53.7482 -7.64355
-4.38955 0.267773 40.398 -7.8906
-9.57057 0.74645 57.5948 -4.94054
-0.107445 -0.00661015 -0.564526 -5.68527
6.60019 -0.446443 -57.4937 -7.70607
-9.06864 0.676984 58.417 -5.3677
0.0563796 -0.00284252 0.363544 0.0207555
0.0465642 0.00688844 0.217855 0.632067
-11.6267 0.78119 94.3719 -7.14834
13.828 -0.936751 -134.802 -9.46662
0.0447835 -0.00915055 0.370291 0.0203752
-4.91468 0.262929 38.1288 -6.25324
0.317803 -0.114265 0.0895278 3.53215
0.0825095 -0.0110971 0.554718 -1.44763
0.0465392 -0.00796613 0.359336 -0.331772
0.0521067 -0.00305084 0.341473 0.0184544
0.268949 -0.0381291 0.0142158 -0.300625
0.264933 -0.0347183 0.029227 -0.316278
0.0521473 -0.00321368 0.36108 -0.434057
-0.217042 0.00405612 0.0128333 1.96739
-2.4354 0.167609 18.6515 -5.98254
-11.1861 0.737935 91.5666 -7.17371
0.263912 -0.0341153 0.080837 -0.347051
0.110146 -0.0165866 0.764152 -2.46827
0.059751 -0.00789026 0.423744 -0.47957
-10.8301 0.733931 86.0311 -6.94386
-0.546949 0.136897 0.000194026 1.99959
-12.0409 0.786358 102.744 -7.58891
-0.204027 0.0599063 7.43216e-05 1.99968
0.0594422 -0.00506928 0.407957 -0.835569
0.0726377 -0.0215971 0.66958 -3.23494
0.0452046 0.000171871 0.263725 0.0110936
14.8729 -0.975999 -152.482 -9.99792
0.296932 -0.0389386 -0.00466976 0.786627
0.275289 -0.0389333 0.06456 -1.25925
3.84299 -0.381055 -24.313 -6.17751
-4.84439 0.298127 45.0721 -8.17151
0.0696707 -0.012613 0.527978 -0.769945
0.107129 -0.0171664 0.815407 -3.53781
0.0954738 -0.0112841 0.690895 -3.08783
13.1177 -0.907002 -123.38 -9.08903
-9.69604 0.63822 80.0009 -7.24641
0.0545502 -0.00832401 0.4108 -0.776391
-1.58398 0.123099 10.0106 -4.4376
0.0618659 -0.00953694 0.44116 -1.09583
0.0590423 -0.00711944 0.390173 -0.417469
-0.457727 0.0414743 2.41738 -2.46444
0.274389 -0.0361184 -0.0653278 -0.296627
0.0568061 -0.00457377 0.364417 -0.402318
0.0611383 -0.00220994 0.391865 -0.863786
0.0906932 -0.0143318 0.684314 -3.2436
12.7086 -0.894154 -116.641 -8.86514
0.257239 -0.0278971 0.00836723 -0.0356502
-9.37567 0.973966 34.6629 -2.54382
0.085573 -0.0168781 0.590995 -1.24453
0.0387144 0.00457556 0.228321 0.61994
0.0364416 0.00140323 0.204052 0.593465
0.37508 -0.0486591 -0.221274 -0.433081
0.0315254 -0.000491955 0.225279 0.542622
-0.0915903 0.000310445 0.000122871 1.99958
13.7166 -0.943212 -128.952 -9.05353
0.0706372 -0.00949164 0.480209 -1.24988
0.0625308 -0.0155671 0.499231 -1.74809
0.405509 -0.0667771 -0.000119619 1.99835
0.0802489 -0.0114809 0.533181 -1.26825
0.0933589 -0.013798 0.655733 -2.24435
0.0524114 -0.00171807 0.326235 0.0167726
0.056714 -0.00820974 0.414361 -0.387761
-11.1559 0.707705 98.4877 -7.87265
0.0702602 -0.0129521 0.520202 -1.06641
0.0685544 -0.00894996 0.436855 -0.472926
16.3633 -1.07893 -163.036 -9.63314
0.0779588 -0.00892939 0.511185 -1.46635
0.323559 -0.0419117 -0.0637245 -0.379286
0.0646052 -0.012476 0.492623 -0.945732
0.0943601 -0.0141732 0.662008 -1.91325
0.0800889 -0.0149978 0.575138 -1.11255
0.0940099 -0.0136538 0.637021 -1.98995
0.28094 -0.0425556 -0.0206485 -0.0550382
14.3571 -0.96554 -140.765 -9.50534
0.045602 -2.4169e-06 0.308934 0.302973
0.0820894 -0.0111651 0.562002 -1.61749
13.828 -0.936751 -134.802 -9.46662
0.280272 -0.0384988 -0.00824335 -0.32174
-10.8402 0.707898 90.3642 -7.3136
0.0811024 -0.0113121 0.520451 -1.09422
0.0552728 -0.00251808 0.35278 0.0195001
0.0563942 -0.00564365 0.398695 0.0247474
0.070449 -0.00972245 0.494654 -1.63142
0.0297651 0.00471809 0.20263 0.832944
0.0804434 -0.017442 0.62536 -2.52329
-11.6262 0.791991 92.878 -7.02617
12.8973 -0.90388 -118.057 -8.80473
0.0547341 -0.00204786 0.338331 -0.38459
0.0568793 -0.0132735 0.459966 -2.01479
10.0908 -0.752592 -86.1712 -8.25019
0.0339784 0.00502034 0.185863 0.740549
0.0426006 0.00229222 0.222793 0.525334
0.0478946 -0.00260096 0.312126 0.0153657
0.0855049 -0.0245591 0.736727 -2.98549
-5.92139 0.387268 49.3214 -7.14911
0.0412454 -0.00198402 0.286726 0.303211
0.0531783 -0.00210219 0.338872 0.0182495
-10.8276 0.67441 97.6682 -8.06617
0.0416145 -0.00300243 0.282121 0.0126356
0.0316482 0.00199477 0.199528 0.662217
0.0346409 1.99737e-05 0.232601 0.521856
0.244289 -0.0296768 0.0322154 -0.239378
0.04467 -0.000303093 0.265035 0.0112074
0.0489624 -0.00010818 0.287388 0.0130258
8.8324 -0.697493 -68.3401 -7.37298
0.0852751 -0.0142758 0.675455 -3.50148
-10.8116 0.713719 90.3662 -7.41532
0.0477912 -0.00505701 0.34467 -0.341252
0.0518554 -0.0056312 0.380927 -0.74975
11.5112 -0.830234 -101.998 -8.532
0.0600614 -0.10605 1.83687 -2.7294
-0.55988 0.140129 0.000211704 1.99955
0.063431 -0.0114745 0.447783 -0.833099
0.063314 -0.00702533 0.437465 -1.35951
0.0718375 -0.0115826 0.482452 -1.37753
0.0429952 -0.00586114 0.319079 0.0155966
0.0422516 -0.00160533 0.264893 0.0110426
16.1072 -1.00354 -178.511 -10.8475
13.7767 -0.91581 -137.591 -9.68373
-11.441 0.787527 89.5605 -6.8565
0.0372518 -0.0057885 0.287782 0.0127458
0.0702881 -0.013192 0.529448 -1.23005
0.0653745 -0.00726414 0.449274 -0.881211
0.0816819 -0.0147968 0.607562 -1.5456
0.290336 -0.0410169 0.0120028 -0.353403
0.0496904 -0.00435384 0.341356 0.0181142
-0.981675 0.0711471 6.7956 -4.50049
0.0742964 -0.0112232 0.504405 -1.58884
0.0840835 -0.0171454 0.642798 -2.55865
0.0370878 0.00558873 0.191382 0.726138
0.0429334 0.00525729 0.192553 0.726479
0.043621 0.00125664 0.265367 0.411356
-11.3865 0.789769 87.5483 -6.70048
0.387185 -0.145165 0.833184 -2.90161
11.353 -0.80323 -105.238 -8.99648
0.0448801 -0.00218813 0.349134 -0.280818
8.66468 -0.702735 -63.6815 -6.95804
0.328284 -0.0955803 -0.0630834 3.54552
0.0962441 -0.014895 0.76404 -4.00237
0.0892473 -0.0142814 0.691316 -3.13183
0.046136 -0.0021224 0.296287 0.013984
13.7166 -0.943212 -128.952 -9.05353
0.0876286 -0.0171557 0.673087 -2.38941
13.5306 -0.932064 -127.643 -9.11088
0.0690762 -0.00959942 0.505316 -1.19988
-11.3485 0.76428 90.9276 -7.02417
0.0617422 -0.00766294 0.436541 -0.844547
0.0616895 -0.00677487 0.401176 -0.521168
0.0677304 -0.0120434 0.48224 -1.58465
0.274432 -0.0347869 0.00318065 -0.298598
-0.677405 0.0554309 3.99116 -3.26634
0.0529472 -0.00124364 0.324934 0.0166557
0.219099 -0.0344344 0.0497833 -0.239766
0.0581568 -0.00715288 0.391004 -0.502112
0.0526054 0.000239586 0.304697 0.0146676
0.0807867 -0.00841983 0.529665 -2.08924
-0.394124 0.0823943 0.700353 0.424163
0.119125 -0.00281113 -0.00467684 2.04315
0.55232 -0.160095 0.0915502 3.34519
0.063314 -0.00702533 0.437465 -1.35951
0.0610345 -0.00776301 0.442915 -0.991572
0.544486 -0.0787243 -0.569949 -0.735747
0.0547341 -0.00204786 0.338331 -0.38459
0.0384232 0.00123289 0.227145 0.424043
0.0224599 0.00355507 0.189707 0.832042
0.0572469 -0.00499908 0.397522 -0.299785
0.066195 -0.00948412 0.453504 -1.65079
0.0600635 -0.00722831 0.416379 -1.12866
0.0391525 -0.00521535 0.287785 -0.495681
11.1696 -0.803515 -99.512 -8.58066
-0.526289 0.0517007 2.61735 -2.34374
0.0584766 -0.0044256 0.375208 -0.912881
0.0217138 0.0032129 0.19363 0.769977
0.0548396 -0.00499004 0.368527 -1.06059
0.0774341 -0.00904287 0.563226 -3.31546
0.0756387 -0.0157208 0.601613 -2.46176
0.091989 -0.0180577 0.698947 -2.91568
16.159 -1.00485 -179.398 -10.8606
0.0326288 0.00778454 0.163115 0.860503
0.0600532 -0.00604261 0.369057 -0.552795
0.0448029 -0.00547678 0.332679 -0.309978
0.242336 -0.0249522 -0.0285029 -0.214682
0.0439039 -0.00146157 0.274498 0.0119255
0.0595695 -0.00421538 0.374386 -0.508183
0.0350714 -0.00914261 0.329659 -0.34946
0.0691738 -0.0144937 0.507141 -1.5028
-10.2608 0.685202 83.5514 -7.17361
0.0883597 -0.0154904 0.764798 -4.57465
0.0590922 -0.00668883 0.391115 -1.31127
0.0745849 -0.0185543 0.631939 -3.0019
-11.6312 0.782081 94.2003 -7.12013
0.0496904 -0.00435384 0.341356 0.0181142
0.0522136 -0.00367317 0.347718 0.018874
0.479756 -0.15151 0.373031 -4.14534
-11.602 0.77945 94.1647 -7.15529
14.4761 -0.962858 -144.282 -9.6768
0.056714 -0.00820974 0.414361 -0.387761
-11.8236 0.788362 97.4755 -7.28406
0.0692027 -0.010984 0.472976 -1.83711
0.0771396 -0.00875121 0.515544 -2.06735
0.0572035 -0.0132171 0.452365 -1.76642
12.8557 -0.878142 -123.911 -9.33943
0.0484273 -0.000583026 0.288695 0.0131461
0.0890019 -0.0141285 0.654745 -2.47343
0.086746 -0.0149068 0.672957 -2.90417
12.5746 -0.843307 -126.468 -9.8178
9.83262 -0.718177 -87.3669 -8.63213
-12.0589 0.821086 95.4945 -6.94686
0.0381562 -0.000461967 0.286317 0.378155
0.0411333 -0.00233784 0.287904 0.23994
-0.592671 0.0551343 3.36216 -2.84165
-11.5032 0.766832 93.684 -7.14616
-12.0876 0.831154 94.4762 -6.83443
0.518123 -0.0724624 -0.356992 -0.778189
0.439066 -0.0573842 -0.348379 -0.492816
0.0555215 -0.00252472 0.371317 -0.280961
0.0390126 -0.00626865 0.303655 0.0140455
0.0949746 -0.0176822 0.73769 -3.28393
16.0695 -1.07244 -157.343 -9.45793
0.26916 -0.0338524 0.00223654 3.0062
0.0776767 -0.00881221 0.505893 -1.29547
0.394639 -0.0611228 -0.158091 -0.510945
18.2805 -1.07694 -218.263 -11.7018
0.949588 -0.0903484 -3.19235 -3.46243
0.091989 -0.0180577 0.698947 -2.91568
0.424402 -0.0508999 -0.392198 -0.397209
-2.38489 0.163776 18.2627 -5.87971
0.139602 0.000385381 -0.0056652 2.05895
0.502501 -0.153916 0.128597 3.48436
-8.86974 0.605958 70.8847 -6.93523
0.165569 -0.0313616 0.000205466 1.99881
-8.82532 0.584588 74.7091 -7.41613
10.1573 -0.714858 -92.859 -8.93035
0.372199 -0.0460223 -0.0636219 -0.49314
0.0481808 0.0138603 -0.000426916 1.99701
0.0997563 -0.0216888 0.884134 -4.20229
6.48617 -0.478296 -58.2506 -8.84875
7.96164 -0.612345 -65.1876 -7.93198
-0.493426 0.149569 -0.0167871 2.15466
-0.03486 0.0350589 0.000471445 1.99754
-1.32098 0.0923389 10.2989 -5.61331
-6.38789 0.42175 53.811 -7.27071
