0.0401436 -0.0265002 0.518707 -2.22969
0.0195519 -0.019036 0.345632 -0.344706
0.0323931 -0.023431 0.43843 -1.58028
0.68343 -0.0790798 -4.01226 -3.53385
-0.537726 0.0422958 0.691888 -0.103889
0.0424136 -0.0234762 0.481453 -1.25409
0.0339987 -0.0232118 0.427872 -0.888542
0.0383162 -0.0233758 0.443648 -1.41072
0.0499466 -0.0287571 0.595564 -2.62481
0.0545997 -0.0356358 0.703447 -3.08866
1.13191 -0.157393 -3.33964 -2.8339
-0.623247 0.0535195 0.83457 -0.0228475
0.114372 -0.0529544 -0.263406 0.132489
-0.000974501 -0.0151249 0.221079 0.492973
0.0302782 -0.0206084 0.394909 -1.32362
0.0263591 -0.0215079 0.381931 -0.486015
0.0152092 -0.0223421 0.348247 -0.304098
0.0278128 -0.0270146 0.457113 -1.22345
0.0453283 -0.0323368 0.644036 -3.3132
0.0323931 -0.023431 0.43843 -1.58028
0.282696 -0.0505513 -0.211595 -0.241582
0.0225718 -0.018616 0.357403 -0.373408
0.042033 -0.0290567 0.536067 -2.02842
0.0511817 -0.0291788 0.634827 -3.18474
0.048041 -0.0297962 0.654731 -3.75518
0.0169458 -0.0228794 0.392601 -0.834332
0.011693 -0.0197396 0.301833 0.00772774
0.354004 -0.109986 0.0133576 2.24367
2.83256 -0.321435 -12.694 -4.08332
0.0323931 -0.023431 0.43843 -1.58028
0.0102912 -0.0124638 0.220461 0.462103
0.0368246 -0.0230371 0.452847 -1.11079
0.0225307 -0.0236877 0.364445 -0.588382
0.0276339 -0.0246302 0.421816 -1.07819
0.00997796 -0.0193501 0.287508 0.00675368
0.0228333 -0.0218841 0.3716 -0.464504
0.00672245 -0.0177486 0.287541 -0.331637
0.0267594 -0.0209286 0.380285 -1.27948
0.00693203 -0.0165736 0.239603 0.00436918
0.0262593 -0.0240638 0.397729 -1.40843
0.0151458 -0.0159231 0.276774 0.00792536
0.0401107 -0.0262754 0.498648 -1.88174
0.0293283 -0.0213527 0.392704 -0.900395
0.0225307 -0.0236877 0.364445 -0.588382
2.62932 -0.293441 -12.1395 -4.32006
0.0228333 -0.0218841 0.3716 -0.464504
0.0191475 -0.0170697 0.314562 0.0108615
0.0508605 -0.0290571 0.594161 -2.14305
0.0398425 -0.0303328 0.613015 -3.61338
0.0143661 -0.0188057 0.2988 -0.524395
0.0184737 -0.0226834 0.361022 -0.956968
0.0113308 -0.0182428 0.281303 0.00684762
0.215302 -0.0485643 -0.0535907 -0.224649
0.0364678 -0.026598 0.484218 -1.85298
0.013004 -0.0217663 0.316027 -0.520895
0.0202923 -0.0252866 0.393406 -0.98024
0.0377957 -0.023611 0.466628 -1.92914
0.198527 -0.0447713 -0.000568227 -0.218165
0.0239306 -0.0207257 0.346981 -0.59391
0.0236043 -0.0216621 0.385019 -0.988021
0.0323931 -0.023431 0.43843 -1.58028
0.00799714 -0.0195389 0.27945 0.00578694
0.00883798 -0.0189999 0.276299 0.00592514
0.0276339 -0.0246302 0.421816 -1.07819
0.0212649 -0.0218374 0.345987 -1.14834
0.00883798 -0.0189999 0.276299 0.00592514
0.00883798 -0.0189999 0.276299 0.00592514
0.0165615 -0.019455 0.333626 -0.313428
0.0132282 -0.0162235 0.270627 0.00727553
0.0302782 -0.0206084 0.394909 -1.32362
0.0175742 -0.0183453 0.308426 -0.541074
0.0222007 -0.0223868 0.374017 -0.994679
0.0437333 -0.0259434 0.512601 -1.90536
0.0597251 -0.032624 0.748678 -3.82057
0.037487 -0.0269703 0.492907 -1.36714
0.0173761 -0.0197278 0.334156 -0.421132
0.0328881 -0.0268162 0.458887 -1.56401
0.00900209 -0.0170108 0.254114 0.00532623
0.0105306 -0.0188783 0.286161 0.00695584
0.0298356 -0.0237332 0.41163 -1.44393
0.0178988 -0.0251713 0.376984 -0.433884
0.0522471 -0.0331531 0.709947 -3.76822
0.00864 -0.0208978 0.296837 0.00632257
0.0293283 -0.0213527 0.392704 -0.900395
0.0472361 -0.0293594 0.577889 -2.10931
0.0225718 -0.018616 0.357403 -0.373408
0.00832011 -0.0162325 0.244716 0.246508
0.0276339 -0.0246302 0.421816 -1.07819
0.0216808 -0.0219904 0.365239 -0.796118
0.0364678 -0.026598 0.484218 -1.85298
0.0436195 -0.02966 0.56153 -2.07384
0.0328881 -0.0268162 0.458887 -1.56401
0.219823 -0.0520922 0.0138165 -0.272946
0.0158213 -0.0226367 0.350599 -0.416824
0.0225307 -0.0236877 0.364445 -0.588382
0.0264211 -0.0246045 0.428303 -1.24874
0.0111646 -0.0192638 0.28902 -0.505656
0.0075101 -0.0200386 0.313775 -0.343193
0.00109494 -0.0164059 0.221673 0.4118
0.0485375 -0.0262672 0.596348 -3.29521
0.0358586 -0.0268286 0.521728 -2.93792
0.0395818 -0.0265773 0.541109 -2.9886
0.01918 -0.0247256 0.369362 -1.32862
0.00409964 -0.0163503 0.218598 0.00279625
0.00900209 -0.0170108 0.254114 0.00532623
0.00900209 -0.0170108 0.254114 0.00532623
0.0115356 -0.0163471 0.260789 0.00633407
0.00693203 -0.0165736 0.239603 0.00436918
0.0298356 -0.0237332 0.41163 -1.44393
0.00507538 -0.0186829 0.251911 0.00386638
0.0075101 -0.0200386 0.313775 -0.343193
0.00883798 -0.0189999 0.276299 0.00592514
0.00797722 -0.0197204 0.279056 -0.48452
0.0176024 -0.0221243 0.33177 -1.09949
0.0322865 -0.0290535 0.514101 -2.54366
0.00441493 -0.0133484 0.199739 0.543042
0.0101421 -0.0173596 0.265307 0.00609048
0.0323931 -0.023431 0.43843 -1.58028
0.023842 -0.0271202 0.423627 -1.40316
0.0436334 -0.0296415 0.586595 -3.0143
0.0136157 -0.0164021 0.273865 -0.412323
0.00777276 -0.0160342 0.236448 0.00448145
0.0298356 -0.0237332 0.41163 -1.44393
0.00532878 -0.0173254 0.236246 0.00355214
0.0113308 -0.0182428 0.281303 0.00684762
0.00377143 -0.0203184 0.262848 0.00341444
0.00532878 -0.0173254 0.236246 0.00355214
0.00676787 -0.0185608 0.261766 0.00487289
0.00630458 -0.0196601 0.269584 0.00473513
0.00676787 -0.0185608 0.261766 0.00487289
0.0175168 -0.0214073 0.32647 -0.45018
0.0257973 -0.023996 0.394033 -1.20414
0.0395818 -0.0265773 0.541109 -2.9886
0.0109829 -0.0168197 0.262146 0.00617389
0.0322865 -0.0290535 0.514101 -2.54366
0.0341749 -0.0241453 0.473426 -2.67033
0.0248648 -0.0207867 0.349184 -0.513045
0.0231336 -0.0190764 0.348961 -0.820524
0.0142715 -0.0164577 0.279978 0.00792426
0.0295746 -0.0237394 0.408913 -1.25142
0.0132282 -0.0162235 0.270627 0.00727553
0.0142219 -0.0218235 0.315704 -0.423476
0.00676787 -0.0185608 0.261766 0.00487289
0.00883798 -0.0189999 0.276299 0.00592514
0.013004 -0.0217663 0.316027 -0.520895
0.0387287 -0.0294473 0.532027 -2.10359
0.0173761 -0.0197278 0.334156 -0.421132
0.0323931 -0.023431 0.43843 -1.58028
0.0175742 -0.0183453 0.308426 -0.541074
0.0175742 -0.0183453 0.308426 -0.541074
0.00646871 -0.0176733 0.247427 0.0042696
0.00900209 -0.0170108 0.254114 0.00532623
0.0295746 -0.0237394 0.408913 -1.25142
0.0436334 -0.0296415 0.586595 -3.0143
0.0216808 -0.0219904 0.365239 -0.796118
0.0339187 -0.0293954 0.495731 -1.71383
0.030278 -0.0270519 0.433241 -1.30352
0.00913703 -0.0198895 0.290663 0.00662711
0.0202923 -0.0252866 0.393406 -0.98024
0.00630458 -0.0196601 0.269584 0.00473513
0.00977138 -0.0222103 0.305884 -0.500035
-0.00283073 -0.0132071 0.181558 0.679973
0.023842 -0.0271202 0.423627 -1.40316
0.175449 -0.0446842 0.0167349 -0.186297
0.0175168 -0.0214073 0.32647 -0.45018
0.0162549 -0.021321 0.325968 -0.539532
0.023842 -0.0271202 0.423627 -1.40316
0.0242466 -0.0272012 0.431437 -1.65002
0.0262593 -0.0240638 0.397729 -1.40843
0.0370675 -0.0287973 0.505267 -2.15894
0.0357506 -0.0287107 0.529737 -2.56512
0.0074445 -0.02001 0.280789 0.0055518
0.00377143 -0.0203184 0.262848 0.00341444
0.0203715 -0.027635 0.416246 -1.58874
0.00930024 -0.0204384 0.313404 -0.463502
-0.00156756 -0.0156895 0.187582 0.440127
0.013004 -0.0217663 0.316027 -0.520895
0.00676787 -0.0185608 0.261766 0.00487289
0.0142219 -0.0218235 0.315704 -0.423476
0.0436334 -0.0296415 0.586595 -3.0143
0.0143661 -0.0188057 0.2988 -0.524395
0.0298356 -0.0237332 0.41163 -1.44393
0.013004 -0.0217663 0.316027 -0.520895
0.00477606 -0.0177967 0.237588 0.00331648
0.0187651 -0.0214557 0.35466 -1.38177
0.0122005 -0.0193056 0.289328 -0.402134
0.0111646 -0.0192638 0.28902 -0.505656
0.00393553 -0.0183345 0.240724 0.00311191
0.0275097 -0.026819 0.446571 -1.68611
8.46324e-06 -0.0186215 0.216615 0.257781
0.00676787 -0.0185608 0.261766 0.00487289
0.00900209 -0.0170108 0.254114 0.00532623
0.01918 -0.0247256 0.369362 -1.32862
0.00507538 -0.0186829 0.251911 0.00386638
0.0111646 -0.0192638 0.28902 -0.505656
0.0298356 -0.0237332 0.41163 -1.44393
0.0111646 -0.0192638 0.28902 -0.505656
0.0103061 -0.0153697 0.243113 0.00543464
0.0125273 -0.0257479 0.364092 -0.878406
0.258021 -0.0633656 -0.0909106 -0.311082
0.0176024 -0.0221243 0.33177 -1.09949
0.00797722 -0.0197204 0.279056 -0.48452
0.0226995 -0.0243941 0.383689 -1.37036
0.00224302 -0.0184571 0.230877 0.00202946
0.0239306 -0.0207257 0.346981 -0.59391
0.0162549 -0.021321 0.325968 -0.539532
0.0175168 -0.0214073 0.32647 -0.45018
0.0323931 -0.023431 0.43843 -1.58028
0.00546389 -0.020198 0.272721 0.00454037
0.0149379 -0.0243046 0.343417 -0.538035
0.030278 -0.0270519 0.433241 -1.30352
0.0126756 -0.0166962 0.271986 0.00712538
0.0275097 -0.026819 0.446571 -1.68611
0.0154679 -0.0188861 0.300165 -0.431667
0.01918 -0.0247256 0.369362 -1.32862
0.00309505 -0.018872 0.243856 0.00287254
0.0357506 -0.0287107 0.529737 -2.56512
0.0142219 -0.0218235 0.315704 -0.423476
0.014714 -0.0170872 0.308344 -0.398584
0.0220492 -0.0242531 0.378986 -1.15375
0.00646871 -0.0176733 0.247427 0.0042696
0.00240708 -0.0164748 0.208773 0.00186248
0.0417284 -0.0336176 0.715531 -4.65799
0.0154257 -0.0218229 0.340507 -1.34102
0.00685724 -0.0191891 0.268245 0.00497867
0.00883798 -0.0189999 0.276299 0.00592514
0.0339545 -0.0273007 0.479377 -1.33999
0.00702021 -0.0103738 0.208416 0.38584
0.0154679 -0.0188861 0.300165 -0.431667
0.0175742 -0.0183453 0.308426 -0.541074
-0.00156756 -0.0156895 0.187582 0.440127
0.0353592 -0.032163 0.567633 -2.84038
0.00676787 -0.0185608 0.261766 0.00487289
0.00760863 -0.0180219 0.258617 0.00501586
0.0339666 -0.0291582 0.481224 -1.45773
0.583689 -0.110933 -0.777682 -0.809787
-0.00417915 -0.00863222 0.144368 0.82305
0.00248441 -0.0159709 0.202636 0.265047
0.00977138 -0.0222103 0.305884 -0.500035
0.203616 -0.0489265 -0.057008 -0.208372
0.00546389 -0.020198 0.272721 0.00454037
0.00985378 -0.0174275 0.267118 0.00617774
0.181418 -0.0468099 0.057002 -0.201603
0.188834 -0.0544927 0.0943322 -0.263656
6.67965 -0.551847 -50.5445 -7.3155
0.0535887 -0.0314916 0.604311 -1.81615
0.0276572 -0.0193892 0.396166 -0.803857
0.0218475 -0.0144204 0.299151 0.0108102
0.00409964 -0.0163503 0.218598 0.00279625
-0.185139 0.0136191 0.445369 0.147819
0.0432133 -0.0339018 0.687876 -4.10418
0.591404 -0.107717 -0.812916 -0.722315
0.0175932 -0.0250372 0.405256 -1.50878
0.0507526 -0.0331645 0.96139 -7.82586
1.35015 -0.18547 -4.94962 -3.65001
0.00608013 -0.0161588 0.226623 0.00361489
