0.293639 -0.0346595 -0.0706658 -0.299894
0.0506133 -0.00412731 0.38409 -0.2395
-8.52811 0.54027 71.8185 -7.34526
0.357161 -0.121639 0.0329619 2.10343
-0.761392 0.0739078 0.960596 0.301776
0.0600059 -0.0024838 0.380617 0.0228049
0.069327 -0.0126858 0.505968 -1.39483
-1.12958 0.082828 7.96284 -4.61977
0.0690613 -0.00653479 0.447775 -0.72643
6.1022 -0.528044 -37.6073 -5.69664
0.0906541 -0.0144636 0.645952 -1.88059
-0.80155 0.0838212 0.848482 0.693027
-0.107445 -0.00661015 -0.564526 -5.68527
0.0610577 -0.0110824 0.483379 -0.756531
-0.875337 0.0783078 4.41447 -2.57476
0.259039 -0.0273512 -0.0150252 2.93259
0.0287451 0.0024762 0.268431 0.665197
0.0876286 -0.0171557 0.673087 -2.38941
0.0497132 -0.00866645 0.387482 -0.233572
-8.92835 0.595239 67.8255 -6.50509
-0.227349 0.0505408 0.0413068 1.88299
0.0661158 -0.00639117 0.41164 -0.463254
0.041925 -0.00835228 0.343784 0.0176785
0.0912061 -0.0167917 0.685673 -2.39157
0.0576839 -0.00532945 0.396771 -0.463895
0.0616895 -0.00677487 0.401176 -0.521168
0.0381562 -0.000461967 0.286317 0.378155
-11.7331 0.811951 90.7249 -6.77482
0.284015 -0.0986102 0.0306979 3.16714
0.0684752 -0.0100745 0.496905 -0.66676
0.099272 -0.0161211 0.702375 -2.21198
0.099272 -0.0161211 0.702375 -2.21198
0.23349 -0.0304672 0.0489407 -0.251788
0.0583398 -0.0108208 0.440126 -0.474221
0.0532705 -0.0104576 0.396727 -0.474037
0.395076 -0.112167 -0.0490811 3.36111
-0.263427 -0.0292194 2.5264 -2.88488
0.0475491 -0.0011152 0.291836 0.0135222
0.224694 -0.0344669 -0.00992403 -0.22148
0.0575533 -0.00736637 0.391528 -0.895962
0.0740046 -0.00910144 0.491921 -1.26433
0.0513365 -0.00420616 0.35087 0.0190954
0.0706372 -0.00949164 0.480209 -1.24988
-9.04416 0.608633 73.0958 -7.07274
16.5103 -1.05814 -174.48 -10.3025
0.0592488 -0.00751115 0.423185 -0.315594
0.275896 -0.0377058 0.0643176 -0.346024
0.097762 -0.0174 0.748506 -2.92281
0.0385701 -0.00185473 0.267075 0.439168
0.0477014 -0.00455907 0.333673 0.0173252
0.0414285 -0.00496527 0.303767 0.0144205
0.280227 -0.0353892 -0.0215601 -0.309059
0.0657699 -0.0130055 0.492475 -1.36925
0.0609858 -0.00698212 0.404245 -0.929584
0.0400289 -0.00905642 0.33755 -0.472132
0.0419575 -0.00294451 0.280277 0.012414
0.0653745 -0.00726414 0.449274 -0.881211
0.0840898 -0.0118113 0.594235 -2.27149
0.0729055 -0.0120849 0.506093 -1.21234
0.0739054 -0.0113883 0.519898 -1.85142
15.4444 -1.04234 -149.009 -9.3126
0.045368 -0.00327941 0.305719 0.0146995
0.0297651 0.00471809 0.20263 0.832944
0.054141 -0.00540106 0.385714 -0.272506
0.0689551 -0.0126766 0.511693 -1.57158
0.0448339 -0.00375473 0.307038 0.0147156
0.0376826 -0.00428833 0.266171 0.290593
-11.098 0.745776 90.0613 -7.14553
0.7571 -0.11053 -1.10396 -1.16525
0.0603115 -0.00420534 0.375214 -0.427609
0.0598921 -0.0160865 0.492182 -1.26419
0.0650356 -0.00904217 0.451346 -1.10467
0.0502575 -0.000230809 0.282714 0.460435
0.0776767 -0.00881221 0.505893 -1.29547
0.067438 -0.00933248 0.460377 -0.689721
0.056714 -0.00820974 0.414361 -0.387761
0.0600532 -0.00604261 0.369057 -0.552795
0.0434847 -0.00406103 0.304187 0.348411
0.0634998 -0.00997632 0.460588 -0.826938
0.0899705 -0.0178584 0.710987 -2.84907
0.0662889 -0.013041 0.51746 -0.755222
0.0847118 -0.0179586 0.67626 -2.23515
0.0613496 -0.0129473 0.482569 -0.935591
0.0910881 -0.0139651 0.60896 -1.54233
0.0897174 -0.01413 0.641645 -2.22886
0.0734096 -0.00864724 0.49283 -0.874398
0.0532705 -0.0104576 0.396727 -0.474037
0.0625716 -0.00675609 0.400989 -0.441199
0.261489 -0.031021 0.014169 -0.264514
0.0890019 -0.0141285 0.654745 -2.47343
-1.07443 0.0981985 6.5297 -3.99869
0.0698313 -0.0164828 0.565785 -0.952801
0.0752736 -0.00971913 0.519164 -1.13735
0.0692814 -0.012787 0.536669 -0.901669
0.0776303 -0.0123396 0.546565 -1.12035
0.0552922 -0.00532231 0.387999 0.0234105
0.0470163 -0.00313337 0.315267 0.0157176
0.043955 -0.00428676 0.310172 0.0151145
0.0388535 -0.00856944 0.311585 0.235941
0.054937 -0.00103898 0.33263 0.0174181
0.0441427 -0.00232505 0.28855 0.0132782
0.0646301 -0.0094325 0.467202 -1.33176
0.0775992 -0.0253912 0.768665 -3.85319
0.0422516 -0.00160533 0.264893 0.0110426
0.0491808 -0.00215287 0.329276 -0.348231
0.287793 -0.0393569 -0.0367091 -0.334895
0.0755125 -0.0118311 0.546017 -2.26234
-10.7691 0.738943 84.4144 -6.87864
0.0851497 -0.0178781 0.662696 -2.01191
0.221307 -0.0298827 0.0707863 -0.230798
0.0356687 0.00153821 0.247558 0.524216
0.0634998 -0.00997632 0.460588 -0.826938
0.0295754 -0.00136886 0.27471 0.34957
0.0672352 -0.0148609 0.481652 -1.28305
0.0462232 -0.00756291 0.326389 -0.456022
0.0616895 -0.00677487 0.401176 -0.521168
0.0655914 -0.0126899 0.478779 -1.15092
0.034118 0.00388877 0.226526 0.5637
0.04595 -0.0130339 0.36948 -0.55419
0.0618659 -0.00953694 0.44116 -1.09583
0.0718616 -0.0119426 0.511274 -1.89923
0.049103 -0.00535446 0.343214 -0.439898
0.0659138 -0.00960998 0.465025 -1.91905
0.067734 -0.0125057 0.52905 -2.52099
0.0603699 -0.0097144 0.417358 -0.513449
0.241852 -0.0341788 0.0112158 -0.246618
0.0460551 -0.00470666 0.324155 0.0162606
0.0737444 -0.0148545 0.552305 -1.52605
0.0437637 -0.00624617 0.331745 0.0169664
0.0806337 -0.0178352 0.64233 -2.34975
0.0598852 -0.012163 0.449229 -1.00414
0.0742964 -0.0112232 0.504405 -1.58884
0.0618659 -0.00953694 0.44116 -1.09583
0.0726608 -0.00850818 0.466869 -1.43112
0.0400289 -0.00905642 0.33755 -0.472132
0.0622047 -0.0092158 0.426398 -0.882364
0.0538572 -0.00352378 0.357195 0.0200083
0.0700772 -0.00936774 0.492961 -1.02662
0.054141 -0.00540106 0.385714 -0.272506
11.3691 -0.809465 -104.177 -8.89842
0.0568061 -0.00457377 0.364417 -0.402318
0.0464824 -0.00360875 0.316589 0.015706
0.0647319 -0.0114287 0.438436 -0.690516
0.0601089 -0.0103896 0.449163 -0.804931
0.0678996 -0.00900384 0.479661 -1.35227
0.0485805 -0.00402744 0.330548 0.0169298
0.0475041 -0.00651452 0.355163 0.0193054
0.0551433 0.00106945 0.299204 0.232753
0.0816108 -0.0144259 0.609801 -2.63816
0.0906932 -0.0143318 0.684314 -3.2436
0.0714605 -0.0214906 0.641242 -2.46531
0.0739054 -0.0113883 0.519898 -1.85142
0.235907 -0.0259529 -0.00967664 3.43671
0.048773 -0.00206887 0.30899 0.0149999
0.0624191 -0.0104289 0.480743 -1.15744
0.0327293 0.00354676 0.213585 0.659521
13.1507 -0.89064 -128.798 -9.5159
0.0827196 -0.0150707 0.634971 -2.52185
0.0616895 -0.00677487 0.401176 -0.521168
-11.2804 0.754183 91.7825 -7.16308
0.0428121 -0.000655802 0.2587 0.35411
0.0622047 -0.0092158 0.426398 -0.882364
0.0429032 -0.00657143 0.354343 -0.27455
1.17011 -0.147846 -3.23284 -2.81741
0.0490701 -0.0288308 0.634422 -1.08386
0.0845199 -0.0121761 0.623212 -2.67597
0.0771954 -0.0181313 0.666216 -3.37477
0.0345758 0.00257549 0.204923 0.653615
0.0676298 -0.00612915 0.427821 -0.978162
0.0699013 -0.00618456 0.463559 -1.41154
0.0795086 -0.014874 0.572987 -1.8557
0.0646301 -0.0094325 0.467202 -1.33176
0.0581568 -0.00715288 0.391004 -0.502112
0.0546294 -0.00753021 0.380753 -0.481831
0.0294344 0.00360548 0.224602 0.820174
0.260977 -0.0343929 -0.0332957 -0.24618
0.248643 -0.0307653 -0.0225148 -0.216271
-0.106363 0.0231353 0.429242 0.183622
0.0532705 -0.0104576 0.396727 -0.474037
0.082575 -0.014789 0.611298 -2.18246
0.0531743 -0.00793708 0.388633 -1.04901
0.0525809 -0.00495882 0.353232 -0.461116
0.0319537 -0.00627818 0.260829 0.0102227
0.04108 -0.00347733 0.283431 0.0127226
0.0575533 -0.00736637 0.391528 -0.895962
0.0698664 -0.00917113 0.468296 -1.68832
0.0541018 -0.00850283 0.417739 -0.932179
0.0344184 -0.00258672 0.263965 0.382011
0.0408478 -0.00416044 0.291573 0.0133214
0.0448029 -0.00547678 0.332679 -0.309978
0.0525809 -0.00495882 0.353232 -0.461116
0.0466709 -0.00164766 0.294979 0.013888
0.0375184 0.000240025 0.249304 0.453799
0.043955 -0.00428676 0.310172 0.0151145
0.0547944 -0.0104095 0.418174 -1.0451
0.0508461 0.000718729 0.288844 0.0132802
0.0434203 -0.00476166 0.311483 0.0151814
0.0489624 -0.00010818 0.287388 0.0130258
0.0518409 -0.0130015 0.423299 -1.41921
0.0441427 -0.00232505 0.28855 0.0132782
0.056553 -0.00778879 0.409463 -1.28609
0.0450206 -0.00179235 0.2854 0.0129377
0.0421395 -0.000978972 0.258573 0.0106894
0.0558017 -0.0109777 0.446239 -0.92952
0.046587 -0.00577163 0.34489 0.0183389
0.0601089 -0.0103896 0.449163 -0.804931
0.0742692 -0.00924751 0.497595 -1.43813
0.067438 -0.00933248 0.460377 -0.689721
0.0617422 -0.00766294 0.436541 -0.844547
0.0475933 -0.00393602 0.327414 0.0169186
0.0329615 0.00278454 0.191262 0.800813
0.0948193 -0.0164778 0.702094 -2.419
0.0556776 -0.0112226 0.45527 -1.10481
0.0633311 -0.00546485 0.367529 -0.802535
0.0344829 -0.00560145 0.267273 0.0108722
0.0575533 -0.00736637 0.391528 -0.895962
0.0560663 -0.00460108 0.364271 -0.488096
0.0498856 -0.00239699 0.319836 0.0161181
0.0498856 -0.00239699 0.319836 0.0161181
0.0511095 -0.00790703 0.370408 -0.460187
13.5306 -0.932064 -127.643 -9.11088
0.0575533 -0.00736637 0.391528 -0.895962
0.0533226 -0.00494199 0.353444 -0.375055
0.0464824 -0.00360875 0.316589 0.015706
0.329435 -0.0428395 -0.0684119 -0.428931
0.0742034 -0.0101461 0.474187 -0.756383
0.0526054 0.000239586 0.304697 0.0146676
0.0747275 -0.00639371 0.465687 -0.483545
0.0470141 -0.00159005 0.293144 0.0136273
0.0555606 0.00201496 0.303556 0.0146231
-0.163753 0.0271656 0.477545 0.240568
0.0506291 -0.00611926 0.377458 -0.428729
0.311154 -0.0421851 -0.065245 -0.355009
0.0875971 -0.0114707 0.609376 -2.29313
0.0773988 -0.0115961 0.506346 -1.06089
0.0745299 -0.0148676 0.545847 -1.36882
0.0843606 -0.0116293 0.575856 -1.98165
0.066843 -0.00954606 0.471632 -0.845497
0.273972 -0.035509 -0.0228682 -0.298174
-0.355417 0.0352842 2.03744 -2.07043
-7.6148 0.500051 63.6023 -7.25155
0.0375615 0.00513303 0.272222 0.596091
-6.70275 0.428615 57.8802 -7.47264
-6.69788 0.639269 30.0789 -3.31698
9.30002 -0.640759 -87.3723 -9.24457
0.272342 -0.0299825 0.135046 -0.338288
-0.0836234 0.0470415 -0.0165997 2.06785
0.358648 -0.100639 0.519363 -2.33924
-9.38087 0.638459 75.7907 -7.1097
-5.96222 0.472567 38.0594 -5.27573
3.91665 -0.381794 -19.4995 -4.52813
-0.106413 0.0233742 0.473755 0.118903
0.335989 -0.0483075 0.0131849 3.07561
-9.39182 0.614109 79.5259 -7.44958
0.100462 -0.0108833 0.68915 -3.12903
3.57554 -0.331508 -20.3579 -5.52444
