0.0531412 -0.011123 0.423675 -0.739978
0.0444436 -0.00909321 0.383353 -0.308928
0.0749166 -0.0211259 0.655482 -2.47602
-0.232737 0.0067231 0.0219384 1.93286
-0.0309877 -0.0386645 0.278009 -0.0118511
0.262021 -0.0346004 0.0502765 -0.308912
0.0829297 -0.020493 0.673041 -2.27864
0.0729055 -0.0120849 0.506093 -1.21234
0.0851497 -0.0178781 0.662696 -2.01191
0.0745299 -0.0148676 0.545847 -1.36882
0.0640725 -0.00973048 0.448582 -0.665175
6.21729 -0.505001 -44.0065 -6.46603
-0.0922436 -0.0172546 -0.0275686 3.12281
0.0392976 -0.00466471 0.298574 0.303787
0.0581568 -0.00715288 0.391004 -0.502112
0.0782073 -0.0145588 0.558969 -1.39121
0.0739258 -0.0183243 0.592425 -2.01749
0.0399366 -0.00855799 0.336112 0.0168182
0.0601713 -0.016238 0.497995 -1.43898
0.0193843 -0.000567494 0.22681 0.748724
0.0413586 -0.0022735 0.247404 0.319925
0.0729055 -0.0120849 0.506093 -1.21234
0.0598921 -0.0160865 0.492182 -1.26419
0.0601089 -0.0103896 0.449163 -0.804931
0.0460551 -0.00470666 0.324155 0.0162606
0.0460551 -0.00470666 0.324155 0.0162606
0.0531522 -0.00857342 0.403802 -0.365202
0.313934 -0.0494204 -0.0853725 -0.387425
0.0659181 -0.0121637 0.473407 -0.658814
0.0547439 -0.0111896 0.430055 -0.456243
0.0682672 -0.0118315 0.492893 -0.804897
0.0715225 -0.0113872 0.503679 -0.819851
0.038715 -0.00760592 0.318993 0.0153931
0.0382908 -0.00870576 0.326597 0.0157292
0.0357668 -0.00938587 0.320225 0.014898
0.0829297 -0.020493 0.673041 -2.27864
0.0469686 -0.0082513 0.357111 -0.510127
0.0448029 -0.00547678 0.332679 -0.309978
0.0443696 -0.0114147 0.375612 -0.91413
0.038663 -0.00478018 0.283305 0.0124324
0.0692451 -0.0123874 0.492473 -1.18243
0.0531522 -0.00857342 0.403802 -0.365202
0.056714 -0.00820974 0.414361 -0.387761
0.0583284 -0.0131162 0.459653 -0.749978
0.0782073 -0.0145588 0.558969 -1.39121
0.0475212 -0.00984679 0.413936 -0.230254
0.056714 -0.00820974 0.414361 -0.387761
0.0500259 -0.00583284 0.361504 0.0201158
0.0406319 -0.00903814 0.338689 -0.385694
0.0419616 -0.0115918 0.364672 -0.489362
0.0333557 -0.0102732 0.351328 -0.311953
0.0532705 -0.0104576 0.396727 -0.474037
0.0547944 -0.0104095 0.418174 -1.0451
0.0593411 -0.0126394 0.469278 -1.24704
0.0350714 -0.00914261 0.329659 -0.34946
0.0513669 -0.0107694 0.404591 -1.00804
0.0718616 -0.0119426 0.511274 -1.89923
0.0460551 -0.00470666 0.324155 0.0162606
0.0451768 -0.00523884 0.327293 0.0165951
0.0423063 -0.00443252 0.300616 0.0141132
0.0680388 -0.0153419 0.506833 -1.13638
0.0410043 -0.00606509 0.311371 0.0148148
0.0511095 -0.00790703 0.370408 -0.460187
0.0435298 -0.00538597 0.317765 0.0155435
0.0359523 -0.00742265 0.29857 0.0133315
0.0357668 -0.00938587 0.320225 0.014898
0.0419616 -0.0115918 0.364672 -0.489362
0.0598852 -0.012163 0.449229 -1.00414
0.0594342 -0.0103299 0.435076 -1.11586
0.0618659 -0.00953694 0.44116 -1.09583
0.0359523 -0.00742265 0.29857 0.0133315
0.0593411 -0.0126394 0.469278 -1.24704
0.0581568 -0.00715288 0.391004 -0.502112
0.0485805 -0.00402744 0.330548 0.0169298
0.0475041 -0.00651452 0.355163 0.0193054
0.0451768 -0.00523884 0.327293 0.0165951
0.0566668 -0.0107834 0.437329 -0.779151
0.0497331 -0.0108274 0.386236 -0.452221
0.0511095 -0.00790703 0.370408 -0.460187
0.0404179 -0.00374024 0.275717 0.265009
0.0497331 -0.0108274 0.386236 -0.452221
0.0497331 -0.0108274 0.386236 -0.452221
0.0598921 -0.0160865 0.492182 -1.26419
0.0603699 -0.0097144 0.417358 -0.513449
0.0692451 -0.0123874 0.492473 -1.18243
0.0876286 -0.0171557 0.673087 -2.38941
0.0475786 -0.0119284 0.409728 -0.41744
0.0655914 -0.0126899 0.478779 -1.15092
0.0603699 -0.0097144 0.417358 -0.513449
0.0634998 -0.00997632 0.460588 -0.826938
0.0581568 -0.00715288 0.391004 -0.502112
0.0435298 -0.00538597 0.317765 0.0155435
0.0589839 -0.0107551 0.439822 -0.400775
0.072039 -0.0177572 0.567522 -1.46464
0.0528648 -0.00828161 0.399575 -0.262741
0.0475041 -0.00651452 0.355163 0.0193054
0.0625308 -0.0155671 0.499231 -1.74809
0.0312185 -0.00746818 0.271396 0.248156
0.0323087 -0.00777018 0.281256 0.0116227
0.0657699 -0.0130055 0.492475 -1.36925
0.038663 -0.00478018 0.283305 0.0124324
0.0511095 -0.00790703 0.370408 -0.460187
0.0321607 -0.00958459 0.317905 -0.319019
0.0472712 -0.0100842 0.352942 -0.562918
0.0682127 -0.0122704 0.49729 -1.87465
0.0594342 -0.0103299 0.435076 -1.11586
0.0448029 -0.00547678 0.332679 -0.309978
0.0441056 -0.00866055 0.349395 -0.412294
0.0754331 -0.0153767 0.576853 -2.10669
0.0384785 -0.00674398 0.304973 0.0140773
0.055641 -0.0100669 0.402808 -0.833142
0.0410043 -0.00606509 0.311371 0.0148148
0.0334258 -0.00810109 0.292163 0.012578
0.0267433 -0.00559056 0.240821 0.301746
0.0317754 -0.00824598 0.282582 0.0116219
0.0547944 -0.0104095 0.418174 -1.0451
0.0645366 -0.0125888 0.482821 -1.84454
0.0511095 -0.00790703 0.370408 -0.460187
0.0598765 -0.018405 0.521096 -1.85859
0.0486726 -0.00712901 0.335777 -0.569322
0.0547944 -0.0104095 0.418174 -1.0451
0.0486726 -0.00712901 0.335777 -0.569322
0.230528 -0.0314681 -0.00629158 -0.218163
0.0361347 -0.00545752 0.276875 0.0117742
0.0594342 -0.0103299 0.435076 -1.11586
0.0526954 -0.013449 0.443564 -1.19504
0.0441056 -0.00866055 0.349395 -0.412294
0.0469686 -0.0082513 0.357111 -0.510127
0.0334258 -0.00810109 0.292163 0.012578
0.0270657 -0.00504346 0.232086 0.422177
0.0346528 -0.00905687 0.309359 0.0138627
0.0547944 -0.0104095 0.418174 -1.0451
0.0547944 -0.0104095 0.418174 -1.0451
0.0594342 -0.0103299 0.435076 -1.11586
0.0310773 -0.0068116 0.264001 0.0104342
0.0395403 -0.00424744 0.28015 0.0121453
0.0692451 -0.0123874 0.492473 -1.18243
0.0546294 -0.00753021 0.380753 -0.481831
0.069327 -0.0126858 0.505968 -1.39483
0.0426519 -0.00591843 0.32091 0.015851
0.0602264 -0.011915 0.436369 -0.813276
0.0860736 -0.0216795 0.788968 -4.06808
0.0410043 -0.00606509 0.311371 0.0148148
0.0410043 -0.00606509 0.311371 0.0148148
0.0371778 -0.00837739 0.315745 0.0146649
0.03619 -0.00828542 0.312609 0.014594
0.0441056 -0.00866055 0.349395 -0.412294
0.0566668 -0.0107834 0.437329 -0.779151
0.0521125 -0.00673104 0.345844 -0.588583
0.0448029 -0.00547678 0.332679 -0.309978
0.0443696 -0.0114147 0.375612 -0.91413
0.0531743 -0.00793708 0.388633 -1.04901
0.0437189 -0.00342507 0.296159 0.0137067
0.0477912 -0.00505701 0.34467 -0.341252
0.0511095 -0.00790703 0.370408 -0.460187
0.0410043 -0.00606509 0.311371 0.0148148
0.0657699 -0.0130055 0.492475 -1.36925
0.0531412 -0.011123 0.423675 -0.739978
0.0476001 -0.00828368 0.359961 -0.437061
0.03989 -0.00573588 0.300501 0.0137686
0.0347241 -0.00646618 0.28136 0.0120494
0.0374134 -0.00923862 0.329751 0.0159718
0.0312185 -0.00746818 0.271396 0.248156
0.0485533 -0.0104892 0.385298 -0.348999
0.0594342 -0.0103299 0.435076 -1.11586
0.049103 -0.00535446 0.343214 -0.439898
0.0406319 -0.00903814 0.338689 -0.385694
0.0547944 -0.0104095 0.418174 -1.0451
0.0618659 -0.00953694 0.44116 -1.09583
0.0618659 -0.00953694 0.44116 -1.09583
0.0511095 -0.00790703 0.370408 -0.460187
0.0593411 -0.0126394 0.469278 -1.24704
0.0389018 -0.00564359 0.297358 0.0137157
0.0359523 -0.00742265 0.29857 0.0133315
0.0476001 -0.00828368 0.359961 -0.437061
0.0321397 -0.00192705 0.230194 0.389998
0.0472712 -0.0100842 0.352942 -0.562918
0.0334258 -0.00810109 0.292163 0.012578
0.0321961 -0.00714366 0.274933 0.0113451
0.0547944 -0.0104095 0.418174 -1.0451
0.0452364 -0.00752662 0.325643 -0.548645
0.0531743 -0.00793708 0.388633 -1.04901
0.0308337 -0.00594545 0.249881 0.00935369
0.036592 -0.0061817 0.311493 -0.33913
0.0374333 -0.00382276 0.266074 0.0111446
0.0486726 -0.00712901 0.335777 -0.569322
0.0421849 -0.00614507 0.322827 -0.392401
0.0452364 -0.00752662 0.325643 -0.548645
0.0313047 -0.00301566 0.253994 0.414442
0.0348361 -0.0070923 0.287675 0.0123458
0.0284553 -0.000923485 0.215861 0.574406
0.0546793 -0.0106546 0.427821 -1.24793
0.0294164 -0.00504713 0.25109 0.268323
0.0365693 -0.00945868 0.327653 -0.451053
0.0350714 -0.00914261 0.329659 -0.34946
0.0547944 -0.0104095 0.418174 -1.0451
0.0608591 -0.0129038 0.467875 -1.80874
0.0682127 -0.0122704 0.49729 -1.87465
0.0232499 -0.00318085 0.197393 0.517993
0.0452364 -0.00752662 0.325643 -0.548645
0.0452364 -0.00752662 0.325643 -0.548645
0.0371912 -0.00295745 0.251976 0.00992659
0.0495986 -0.00821663 0.37269 -0.989144
0.0344829 -0.00560145 0.267273 0.0108722
0.0460551 -0.00470666 0.324155 0.0162606
0.0397792 -0.00511061 0.294201 0.0134343
0.0657699 -0.0130055 0.492475 -1.36925
0.0566668 -0.0107834 0.437329 -0.779151
0.0359523 -0.00742265 0.29857 0.0133315
0.0406319 -0.00903814 0.338689 -0.385694
0.0406319 -0.00903814 0.338689 -0.385694
0.0444436 -0.00909321 0.383353 -0.308928
0.0370117 -0.00492453 0.273713 0.0115138
0.0605554 -0.00944775 0.43733 -1.5746
0.0296678 -0.00782093 0.268501 0.0106333
0.036592 -0.0061817 0.311493 -0.33913
0.0547944 -0.0104095 0.418174 -1.0451
0.0448029 -0.00547678 0.332679 -0.309978
0.0477912 -0.00505701 0.34467 -0.341252
0.038663 -0.00478018 0.283305 0.0124324
0.0476001 -0.00828368 0.359961 -0.437061
0.0359523 -0.00742265 0.29857 0.0133315
0.0370117 -0.00492453 0.273713 0.0115138
0.0441056 -0.00866055 0.349395 -0.412294
0.0549474 -0.0135226 0.448161 -0.727296
0.0523396 -0.0113474 0.433712 -0.90055
0.0444436 -0.00909321 0.383353 -0.308928
0.0477014 -0.00455907 0.333673 0.0173252
0.0399648 -0.0031474 0.272548 0.0115375
0.0441427 -0.00232505 0.28855 0.0132782
0.0259502 -0.00286714 0.212343 0.45216
0.0547944 -0.0104095 0.418174 -1.0451
0.0545502 -0.00832401 0.4108 -0.776391
0.0756387 -0.0157208 0.601613 -2.46176
0.0427366 -0.00108071 0.262413 0.26838
0.0410043 -0.00606509 0.311371 0.0148148
0.0521125 -0.00673104 0.345844 -0.588583
0.038663 -0.00478018 0.283305 0.0124324
0.038663 -0.00478018 0.283305 0.0124324
0.038663 -0.00478018 0.283305 0.0124324
0.0444436 -0.00909321 0.383353 -0.308928
0.0776215 -0.0180182 0.607415 -2.04377
0.044982 -0.00719594 0.348818 0.018485
0.0717351 -0.015052 0.520784 -1.16823
0.0773618 -0.00808181 0.494752 -0.751721
0.0711077 -0.00675811 0.455596 -0.466421
0.0491468 -0.00636461 0.364628 0.0204679
0.0674944 -0.00712156 0.445422 -0.448344
0.057247 -0.00984409 0.422663 -1.53634
0.0399648 -0.0031474 0.272548 0.0115375
0.0399648 -0.0031474 0.272548 0.0115375
0.041191 -0.00410269 0.289733 0.0130785
0.0561789 -0.00826643 0.413789 -0.46173
0.0337858 -0.00111497 0.257945 0.523167
0.0460551 -0.00470666 0.324155 0.0162606
0.0451768 -0.00523884 0.327293 0.0165951
