0.0294894 -0.00978868 0.290252 0.0119786
0.0472224 -0.016841 0.454913 -1.30906
0.0272529 -0.00912528 0.268404 0.010153
0.278808 -0.0810431 -0.000900858 1.99423
2.94865 -0.228137 -23.8261 -7.27319
0.0585227 -0.0193412 0.525776 -1.59869
0.0577758 -0.0189386 0.511903 -1.90169
0.0317659 -0.0131932 0.368571 -0.316371
0.0459936 -0.0173815 0.449723 -0.80669
0.0477477 -0.0165243 0.441591 -1.09683
0.031067 -0.0122335 0.32781 0.0146621
-0.0273644 -0.0311306 0.00346824 2.97703
1.13912 -0.205153 -1.41696 0.460176
0.0258442 -0.0101351 0.272915 0.0102708
0.0294201 -0.0123806 0.318277 0.013584
0.0314104 -0.0121762 0.325974 0.0144465
0.0270758 -0.0110939 0.290172 0.0114073
0.0270758 -0.0110939 0.290172 0.0114073
0.0256673 -0.0121038 0.294686 0.0114867
0.0317659 -0.0131932 0.368571 -0.316371
0.0527286 -0.0165372 0.472159 -0.84702
0.0346528 -0.00905687 0.309359 0.0138627
0.0477477 -0.0165243 0.441591 -1.09683
0.033681 -0.0120472 0.345092 -0.342674
0.0274956 -0.00999112 0.282514 0.0112094
0.0270758 -0.0110939 0.290172 0.0114073
0.0287256 -0.0109487 0.299746 0.0123968
-4.61649 0.314245 35.3162 -6.5429
0.0294894 -0.00978868 0.290252 0.0119786
0.0307178 -0.0107453 0.307465 0.0132091
0.0477477 -0.0165243 0.441591 -1.09683
0.0332425 -0.0100657 0.313848 0.014058
0.0315201 -0.0127391 0.333519 -0.418554
0.0283717 -0.00945732 0.279336 0.0110481
0.0453189 -0.0173205 0.4356 -1.11745
0.0323658 -0.010599 0.317014 0.0142523
0.0368334 -0.0119353 0.346061 -0.802401
0.0361383 -0.0120519 0.351586 -0.975985
0.0280145 -0.0116955 0.297246 -0.508677
0.0230712 -0.00994551 0.252347 0.00853553
0.0308989 -0.00877932 0.285752 0.0118171
0.0307178 -0.0107453 0.307465 0.0132091
0.0472224 -0.016841 0.454913 -1.30906
0.0270758 -0.0110939 0.290172 0.0114073
0.0459936 -0.0173815 0.449723 -0.80669
0.0405132 -0.0145204 0.381234 -0.483429
0.0321275 -0.00973608 0.302968 0.0130521
0.044043 -0.0141433 0.391475 -0.503626
0.0180118 -0.00891311 0.230526 0.388808
0.022115 -0.00754023 0.219424 0.297676
0.0241919 -0.0102786 0.263304 0.0093634
0.0369127 -0.0112479 0.321751 -0.494751
0.0272529 -0.00912528 0.268404 0.010153
0.0258442 -0.0101351 0.272915 0.0102708
0.0230712 -0.00994551 0.252347 0.00853553
0.0207881 -0.0114899 0.260059 0.00868952
0.0281289 -0.00859169 0.265226 0.00998844
0.0464728 -0.0164434 0.437923 -1.57731
0.0260187 -0.00816489 0.251112 0.00906391
0.0254251 -0.0112386 0.280586 0.0104483
0.0345596 -0.0141193 0.336241 -0.571039
0.0256673 -0.0121038 0.294686 0.0114867
0.0258442 -0.0101351 0.272915 0.0102708
0.0283717 -0.00945732 0.279336 0.0110481
0.0470766 -0.0198512 0.459358 -1.57124
0.0211463 -0.00848381 0.240447 0.353233
0.0180118 -0.00891311 0.230526 0.388808
0.0307178 -0.0107453 0.307465 0.0132091
0.0285482 -0.00748835 0.257558 0.00975283
0.0349906 -0.0123441 0.343636 -0.441305
0.0256002 -0.00926871 0.258789 0.00926612
0.0233163 -0.0108126 0.26649 0.0094848
0.0349906 -0.0123441 0.343636 -0.441305
0.033681 -0.0120472 0.345092 -0.342674
0.0296019 -0.0104151 0.296573 0.0122338
0.0273166 -0.0119584 0.304255 0.0124967
0.0270758 -0.0110939 0.290172 0.0114073
0.0259578 -0.0107624 0.279251 0.0104975
0.0368131 -0.0156358 0.398396 -0.74166
0.0453189 -0.0173205 0.4356 -1.11745
0.0391435 -0.0174477 0.397295 -0.475997
0.0306894 -0.0124664 0.333103 -0.311431
0.0368131 -0.0156358 0.398396 -0.74166
0.0357668 -0.00938587 0.320225 0.014898
0.0509125 -0.0160266 0.451683 -1.105
0.0509125 -0.0160266 0.451683 -1.105
0.033681 -0.0120472 0.345092 -0.342674
0.0439092 -0.0172505 0.441824 -1.28149
0.0269628 -0.010467 0.283844 0.0111713
0.0349906 -0.0123441 0.343636 -0.441305
0.0536423 -0.0190393 0.482842 -1.58699
0.0257802 -0.0127306 0.301013 0.0117099
0.0287256 -0.0109487 0.299746 0.0123968
0.0262979 -0.0107297 0.2761 0.263675
0.021681 -0.00941501 0.285104 0.23809
0.0477477 -0.0165243 0.441591 -1.09683
0.0241919 -0.0102786 0.263304 0.0093634
0.0258442 -0.0101351 0.272915 0.0102708
0.0180118 -0.00891311 0.230526 0.388808
0.0321961 -0.00714366 0.274933 0.0113451
0.0327997 -0.0115889 0.30829 -0.554716
0.0244418 -0.00839358 0.242974 0.00838665
0.0206043 -0.0107098 0.247437 0.00796707
0.0196573 -0.0136478 0.300733 -0.313247
0.022115 -0.00754023 0.219424 0.297676
0.0170791 -0.0067887 0.211159 0.412815
0.0390597 -0.0149263 0.389103 -1.05049
0.0224772 -0.0131714 0.311931 -0.340753
0.0211463 -0.00848381 0.240447 0.353233
0.0233163 -0.0108126 0.26649 0.0094848
0.0258442 -0.0101351 0.272915 0.0102708
0.0258442 -0.0101351 0.272915 0.0102708
0.0206043 -0.0107098 0.247437 0.00796707
0.0205669 -0.0106397 0.284702 -0.307679
0.0230712 -0.00994551 0.252347 0.00853553
0.0206372 -0.00589367 0.213076 0.493587
0.0281289 -0.00859169 0.265226 0.00998844
0.0368334 -0.0119353 0.346061 -0.802401
0.0280666 -0.0131343 0.323275 -0.394009
0.0230712 -0.00994551 0.252347 0.00853553
0.0244418 -0.00839358 0.242974 0.00838665
0.0280145 -0.0116955 0.297246 -0.508677
0.0233163 -0.0108126 0.26649 0.0094848
0.0361022 -0.0172237 0.380129 -1.32782
0.0247245 -0.0098025 0.261971 0.00940595
0.0220227 -0.0124506 0.277357 0.00972631
0.0354842 -0.0152065 0.373178 -0.990811
0.0258442 -0.0101351 0.272915 0.0102708
0.0224772 -0.0131714 0.311931 -0.340753
0.0221957 -0.0104795 0.255534 0.00865035
0.0327997 -0.0115889 0.30829 -0.554716
0.0196612 -0.00756066 0.246217 0.391154
0.0258442 -0.0101351 0.272915 0.0102708
0.0242344 -0.0103437 0.296677 -0.353527
0.0205669 -0.0106397 0.284702 -0.307679
0.0280145 -0.0116955 0.297246 -0.508677
0.0349906 -0.0123441 0.343636 -0.441305
0.0306894 -0.0124664 0.333103 -0.311431
0.0380026 -0.0137217 0.346295 -0.590195
0.0315201 -0.0127391 0.333519 -0.418554
0.0173889 -0.00747688 0.225612 0.54149
0.0258442 -0.0101351 0.272915 0.0102708
0.0139078 -0.00529307 0.190008 0.703733
0.0272529 -0.00912528 0.268404 0.010153
0.0245494 -0.0117724 0.283767 0.0105716
0.0315201 -0.0127391 0.333519 -0.418554
0.0283717 -0.00945732 0.279336 0.0110481
0.0686132 -0.0217738 0.6463 -3.15888
0.0281289 -0.00859169 0.265226 0.00998844
0.0256002 -0.00926871 0.258789 0.00926612
0.0300645 -0.0120178 0.300194 -0.438285
0.0233016 -0.00804657 0.231802 0.00759945
0.0258442 -0.0101351 0.272915 0.0102708
0.0256002 -0.00926871 0.258789 0.00926612
0.0241919 -0.0102786 0.263304 0.0093634
0.0230712 -0.00994551 0.252347 0.00853553
0.0345596 -0.0141193 0.336241 -0.571039
0.0315201 -0.0127391 0.333519 -0.418554
0.0256002 -0.00926871 0.258789 0.00926612
0.0215449 -0.00903035 0.24278 0.27015
0.0224772 -0.0131714 0.311931 -0.340753
0.0315201 -0.0127391 0.333519 -0.418554
0.0245494 -0.0117724 0.283767 0.0105716
0.02672 -0.00960132 0.269735 0.0101245
0.0368334 -0.0119353 0.346061 -0.802401
0.0230712 -0.00994551 0.252347 0.00853553
0.0230712 -0.00994551 0.252347 0.00853553
0.0276866 -0.0149137 0.315918 -0.528337
0.0300645 -0.0120178 0.300194 -0.438285
0.0256002 -0.00926871 0.258789 0.00926612
0.0228981 -0.0119166 0.274171 0.00962824
0.0311206 -0.0145167 0.32612 -0.550485
0.0372056 -0.0165606 0.401088 -1.56768
0.0206043 -0.0107098 0.247437 0.00796707
0.0245494 -0.0117724 0.283767 0.0105716
0.0360358 -0.0140305 0.366534 -1.39716
0.0300645 -0.0120178 0.300194 -0.438285
0.0230712 -0.00994551 0.252347 0.00853553
0.0300645 -0.0120178 0.300194 -0.438285
0.0258442 -0.0101351 0.272915 0.0102708
0.0242344 -0.0103437 0.296677 -0.353527
0.0236008 -0.00893646 0.246171 0.00850217
0.0210672 -0.00960594 0.239564 0.00776941
0.0182345 -0.00938615 0.218597 0.00624629
0.0206043 -0.0107098 0.247437 0.00796707
0.0210672 -0.00960594 0.239564 0.00776941
0.0207681 -0.00871656 0.225202 0.00692622
0.0180707 -0.0113783 0.240819 0.0071884
0.0224772 -0.0131714 0.311931 -0.340753
0.0207881 -0.0114899 0.260059 0.00868952
0.0101705 -0.00616387 0.187428 0.645407
0.0256002 -0.00926871 0.258789 0.00926612
0.0206043 -0.0107098 0.247437 0.00796707
0.0101705 -0.00616387 0.187428 0.645407
0.0233163 -0.0108126 0.26649 0.0094848
0.0296976 -0.0102668 0.307594 -0.404276
0.0276159 -0.0093738 0.272965 -0.405448
0.0327997 -0.0115889 0.30829 -0.554716
0.0190753 -0.00884446 0.215414 0.00617743
0.0193746 -0.0097328 0.229764 0.00696563
0.016773 -0.00895711 0.20046 0.277529
0.0194642 -0.0103624 0.23626 0.00719525
0.0210672 -0.00960594 0.239564 0.00776941
0.0141883 -0.00953224 0.190744 0.313588
0.0281289 -0.00859169 0.265226 0.00998844
0.0254251 -0.0112386 0.280586 0.0104483
0.0211463 -0.00848381 0.240447 0.353233
0.0283717 -0.00945732 0.279336 0.0110481
0.0150892 -0.00678623 0.191767 0.572387
0.0180118 -0.00891311 0.230526 0.388808
0.0258442 -0.0101351 0.272915 0.0102708
0.0283717 -0.00945732 0.279336 0.0110481
0.022072 -0.00707078 0.214143 0.00660315
0.0233016 -0.00804657 0.231802 0.00759945
0.016773 -0.00895711 0.20046 0.277529
0.0182345 -0.00938615 0.218597 0.00624629
0.0230712 -0.00994551 0.252347 0.00853553
0.0354842 -0.0152065 0.373178 -0.990811
0.0258442 -0.0101351 0.272915 0.0102708
0.0148544 -0.00933645 0.220587 0.42639
0.0207681 -0.00871656 0.225202 0.00692622
0.0206043 -0.0107098 0.247437 0.00796707
0.0206043 -0.0107098 0.247437 0.00796707
0.0205669 -0.0106397 0.284702 -0.307679
0.0270758 -0.0110939 0.290172 0.0114073
0.0269628 -0.010467 0.283844 0.0111713
0.0308989 -0.00877932 0.285752 0.0118171
0.0304814 -0.0107495 0.340489 -0.288925
0.0246055 -0.00640008 0.220735 0.0072135
0.0247245 -0.0098025 0.261971 0.00940595
0.024793 -0.0121524 0.287611 -0.490379
0.0158667 -0.00831549 0.196892 0.399631
0.0101705 -0.00616387 0.187428 0.645407
0.0221957 -0.0104795 0.255534 0.00865035
0.0256002 -0.00926871 0.258789 0.00926612
0.0319805 -0.0155413 0.359598 -0.949177
0.0230712 -0.00994551 0.252347 0.00853553
0.0150892 -0.00678623 0.191767 0.572387
0.0206043 -0.0107098 0.247437 0.00796707
0.0230712 -0.00994551 0.252347 0.00853553
0.0180118 -0.00891311 0.230526 0.388808
0.0315201 -0.0127391 0.333519 -0.418554
0.0459482 -0.014216 0.416806 -1.12978
0.026998 -0.0148337 0.381712 -0.27552
0.0412395 -0.00692617 0.325372 0.0161839
0.0363006 -0.00891031 0.318902 0.0149013
0.022582 -0.0051258 0.241773 0.599856
0.0612322 -0.0187653 0.530357 -1.41478
0.0193746 -0.0097328 0.229764 0.00696563
0.0193746 -0.0097328 0.229764 0.00696563
0.0205669 -0.0106397 0.284702 -0.307679
0.0158667 -0.00831549 0.196892 0.399631
0.0262979 -0.0107297 0.2761 0.263675
0.03699 -0.0148969 0.370901 -0.461871
0.0173889 -0.00747688 0.225612 0.54149
0.0270758 -0.0110939 0.290172 0.0114073
