0.0509125 -0.0160266 0.451683 -1.105
0.0454693 -0.0112066 0.374772 -0.509352
0.0334258 -0.00810109 0.292163 0.012578
-6.65877 0.390777 62.2613 -8.33529
0.4465 -0.143203 0.112253 3.53462
0.0754331 -0.0153767 0.576853 -2.10669
0.0537872 -0.0127963 0.414188 -0.776139
0.0593411 -0.0126394 0.469278 -1.24704
0.0444436 -0.00909321 0.383353 -0.308928
0.0765336 -0.018234 0.644119 -2.61982
0.0532705 -0.0104576 0.396727 -0.474037
1.45049 -0.2258 -3.22884 -1.24665
-10.7003 0.912853 61.3357 -4.91658
0.0359523 -0.00742265 0.29857 0.0133315
0.0372518 -0.0057885 0.287782 0.0127458
0.0388248 -0.00823034 0.325277 0.0157189
0.0332425 -0.0100657 0.313848 0.014058
0.044043 -0.0141433 0.391475 -0.503626
0.0367015 -0.0116271 0.35685 -0.371365
0.0806107 -0.0214879 0.769591 -4.29003
0.867663 -0.126106 -1.50327 -1.53307
0.0672779 -0.0157073 0.530735 -1.5235
0.0454693 -0.0112066 0.374772 -0.509352
0.0382908 -0.00870576 0.326597 0.0157292
0.0560283 -0.0130482 0.456538 -1.22251
0.0371778 -0.00837739 0.315745 0.0146649
0.0515273 -0.0139153 0.436415 -0.701945
-5.08289 0.292573 46.5802 -7.96122
0.247484 -0.0371451 0.0274241 -0.266655
0.0408144 -0.00802539 0.332964 0.0165518
0.0592927 -0.0156358 0.493269 -0.875368
0.044982 -0.00719594 0.348818 0.018485
0.0321275 -0.00973608 0.302968 0.0130521
0.0509125 -0.0160266 0.451683 -1.105
0.0367015 -0.0116271 0.35685 -0.371365
0.0560283 -0.0130482 0.456538 -1.22251
0.0370117 -0.00492453 0.273713 0.0115138
0.0478464 -0.0110662 0.38895 -0.953043
0.0285482 -0.00748835 0.257558 0.00975283
0.0443696 -0.0114147 0.375612 -0.91413
0.0560283 -0.0130482 0.456538 -1.22251
0.0489817 -0.0108215 0.384817 -0.528219
0.0567191 -0.0126449 0.438863 -0.993104
0.0359523 -0.00742265 0.29857 0.0133315
0.0583284 -0.0131162 0.459653 -0.749978
0.0635825 -0.0158036 0.506243 -1.29598
0.0580453 -0.0134031 0.472114 -0.92208
0.070509 -0.0153076 0.541988 -1.5264
0.0577758 -0.0189386 0.511903 -1.90169
0.0321607 -0.00958459 0.317905 -0.319019
0.0405132 -0.0145204 0.381234 -0.483429
0.0368293 -0.00688974 0.295411 0.0130877
0.0478464 -0.0110662 0.38895 -0.953043
0.0350714 -0.00914261 0.329659 -0.34946
0.029781 -0.00844784 0.274832 0.0108918
0.0377403 -0.01262 0.381356 -0.751023
0.0441056 -0.00866055 0.349395 -0.412294
0.0819487 -0.0218196 0.759568 -3.959
0.0370672 -0.00775231 0.309449 0.0143529
0.0400289 -0.00905642 0.33755 -0.472132
0.231626 -0.0344049 -0.0102907 -0.231817
0.0346528 -0.00905687 0.309359 0.0138627
0.0359523 -0.00742265 0.29857 0.0133315
0.070141 -0.0188515 0.595757 -2.28096
0.0321607 -0.00958459 0.317905 -0.319019
0.0233949 -0.00674789 0.24966 0.452505
0.0321607 -0.00958459 0.317905 -0.319019
0.0441056 -0.00866055 0.349395 -0.412294
0.0486726 -0.00712901 0.335777 -0.569322
0.0513669 -0.0107694 0.404591 -1.00804
0.0403579 -0.0108612 0.332273 -0.519366
0.0350714 -0.00914261 0.329659 -0.34946
0.0399366 -0.00855799 0.336112 0.0168182
0.0635825 -0.0158036 0.506243 -1.29598
0.0749166 -0.0211259 0.655482 -2.47602
0.0359523 -0.00742265 0.29857 0.0133315
0.0565313 -0.0164814 0.480599 -1.25057
0.0419616 -0.0115918 0.364672 -0.489362
0.0565313 -0.0164814 0.480599 -1.25057
0.0406319 -0.00903814 0.338689 -0.385694
0.0262992 -0.00614206 0.255758 0.44286
0.0262992 -0.00614206 0.255758 0.44286
0.0346528 -0.00905687 0.309359 0.0138627
0.0441036 -0.00772827 0.351956 0.0187892
0.047507 -0.00867372 0.394844 -0.334094
0.0657699 -0.0130055 0.492475 -1.36925
0.0382908 -0.00870576 0.326597 0.0157292
0.0598921 -0.0160865 0.492182 -1.26419
0.0384785 -0.00674398 0.304973 0.0140773
0.0497331 -0.0108274 0.386236 -0.452221
0.0259796 -0.00228181 0.226432 0.670326
0.0350753 -0.00795582 0.301733 0.0135663
0.0546838 -0.0138388 0.461159 -0.904384
0.0357668 -0.00938587 0.320225 0.014898
0.0399732 -0.0113738 0.371581 0.019967
0.0567191 -0.0126449 0.438863 -0.993104
0.0408616 -0.0117511 0.362143 -0.872325
0.0317659 -0.0131932 0.368571 -0.316371
0.0308989 -0.00877932 0.285752 0.0118171
0.0567191 -0.0126449 0.438863 -0.993104
0.0625308 -0.0155671 0.499231 -1.74809
0.0406319 -0.00903814 0.338689 -0.385694
0.0281289 -0.00859169 0.265226 0.00998844
0.0321607 -0.00958459 0.317905 -0.319019
0.0400289 -0.00905642 0.33755 -0.472132
0.0400289 -0.00905642 0.33755 -0.472132
0.0344829 -0.00560145 0.267273 0.0108722
0.0403579 -0.0108612 0.332273 -0.519366
0.0454693 -0.0112066 0.374772 -0.509352
0.036951 -0.0130476 0.378701 -0.351336
0.0438116 -0.0104733 0.342663 -0.542005
0.0346528 -0.00905687 0.309359 0.0138627
0.0380026 -0.0137217 0.346295 -0.590195
0.0281289 -0.00859169 0.265226 0.00998844
0.0283717 -0.00945732 0.279336 0.0110481
0.0343025 -0.00756797 0.288999 0.0123586
0.0370117 -0.00492453 0.273713 0.0115138
0.0406319 -0.00903814 0.338689 -0.385694
0.0425233 -0.0145785 0.403045 -1.09177
0.0443696 -0.0114147 0.375612 -0.91413
0.0493372 -0.013839 0.430322 -1.16421
0.0365693 -0.00945868 0.327653 -0.451053
0.0365693 -0.00945868 0.327653 -0.451053
0.0369127 -0.0112479 0.321751 -0.494751
0.0346528 -0.00905687 0.309359 0.0138627
0.0321607 -0.00958459 0.317905 -0.319019
0.038472 -0.0119487 0.353637 -0.462405
0.0334258 -0.00810109 0.292163 0.012578
0.0283717 -0.00945732 0.279336 0.0110481
0.0283717 -0.00945732 0.279336 0.0110481
0.0267433 -0.00559056 0.240821 0.301746
0.0406319 -0.00903814 0.338689 -0.385694
0.036592 -0.0061817 0.311493 -0.33913
0.0347241 -0.00646618 0.28136 0.0120494
0.0285482 -0.00748835 0.257558 0.00975283
0.0319537 -0.00627818 0.260829 0.0102227
0.0384785 -0.00674398 0.304973 0.0140773
0.0535021 -0.01311 0.428041 -0.977826
0.0441056 -0.00866055 0.349395 -0.412294
0.0502221 -0.0135528 0.41665 -0.95721
0.0462079 -0.0111961 0.375607 -0.428801
0.0367015 -0.0116271 0.35685 -0.371365
0.0334258 -0.00810109 0.292163 0.012578
0.0406319 -0.00903814 0.338689 -0.385694
0.0308989 -0.00877932 0.285752 0.0118171
0.0419616 -0.0115918 0.364672 -0.489362
0.0493372 -0.013839 0.430322 -1.16421
0.0434716 -0.00836576 0.347189 -0.300219
0.041805 -0.00792388 0.31543 -0.526382
0.0308337 -0.00594545 0.249881 0.00935369
0.0338075 -0.00929589 0.320507 -0.796394
0.0349666 -0.00871721 0.294689 -0.476067
0.0368293 -0.00688974 0.295411 0.0130877
0.0574108 -0.0130278 0.439086 -1.49384
0.0334258 -0.00810109 0.292163 0.012578
0.0417878 -0.0123996 0.395596 -0.802044
0.0478464 -0.0110662 0.38895 -0.953043
0.0419616 -0.0115918 0.364672 -0.489362
0.0493372 -0.013839 0.430322 -1.16421
0.0334258 -0.00810109 0.292163 0.012578
0.0272529 -0.00912528 0.268404 0.010153
0.0286114 -0.00806783 0.262768 0.26718
0.033681 -0.0120472 0.345092 -0.342674
0.0347241 -0.00646618 0.28136 0.0120494
0.038663 -0.00478018 0.283305 0.0124324
0.0348361 -0.0070923 0.287675 0.0123458
0.038472 -0.0119487 0.353637 -0.462405
0.0321607 -0.00958459 0.317905 -0.319019
0.0347241 -0.00646618 0.28136 0.0120494
0.0359523 -0.00742265 0.29857 0.0133315
0.0419616 -0.0115918 0.364672 -0.489362
0.0323087 -0.00777018 0.281256 0.0116227
0.0403579 -0.0108612 0.332273 -0.519366
0.0283717 -0.00945732 0.279336 0.0110481
0.0443696 -0.0114147 0.375612 -0.91413
0.0308337 -0.00594545 0.249881 0.00935369
0.0296678 -0.00782093 0.268501 0.0106333
0.0369127 -0.0112479 0.321751 -0.494751
0.0458678 -0.0144117 0.424166 -1.32712
0.0478464 -0.0110662 0.38895 -0.953043
0.0337723 -0.00665805 0.300293 -0.311549
0.0383993 -0.00829433 0.304225 -0.495507
0.0449404 -0.013895 0.400062 -1.55109
0.0349666 -0.00871721 0.294689 -0.476067
0.0408616 -0.0117511 0.362143 -0.872325
0.0310773 -0.0068116 0.264001 0.0104342
0.0232499 -0.00318085 0.197393 0.517993
0.0285482 -0.00748835 0.257558 0.00975283
0.0408616 -0.0117511 0.362143 -0.872325
0.0281289 -0.00859169 0.265226 0.00998844
0.0319537 -0.00627818 0.260829 0.0102227
0.0337723 -0.00665805 0.300293 -0.311549
0.0268946 -0.00763107 0.24793 0.00890139
0.0200815 -0.00370559 0.190437 0.541711
0.0349666 -0.00871721 0.294689 -0.476067
0.0478464 -0.0110662 0.38895 -0.953043
0.0337723 -0.00665805 0.300293 -0.311549
0.0344829 -0.00560145 0.267273 0.0108722
0.0308427 -0.00893767 0.283395 -0.433001
0.0294243 -0.00695472 0.254382 0.0095658
0.0415828 -0.0107259 0.358279 -1.28187
0.0349666 -0.00871721 0.294689 -0.476067
0.027761 -0.00443324 0.211922 0.296702
0.0258352 -0.00737618 0.238397 0.00826651
0.0620443 -0.0151648 0.48143 -1.46226
0.0334258 -0.00810109 0.292163 0.012578
0.0565313 -0.0164814 0.480599 -1.25057
0.0371778 -0.00837739 0.315745 0.0146649
0.0331234 -0.00986181 0.31767 -0.428465
0.0310773 -0.0068116 0.264001 0.0104342
0.0325491 -0.00863447 0.295331 0.0127883
0.0441056 -0.00866055 0.349395 -0.412294
0.0420952 -0.00879017 0.344941 -0.89221
0.0503379 -0.0104961 0.389077 -1.41371
0.0449404 -0.013895 0.400062 -1.55109
0.0368334 -0.0119353 0.346061 -0.802401
0.0350714 -0.00914261 0.329659 -0.34946
0.0350714 -0.00914261 0.329659 -0.34946
0.0406319 -0.00903814 0.338689 -0.385694
0.0308989 -0.00877932 0.285752 0.0118171
0.0321961 -0.00714366 0.274933 0.0113451
0.0283035 -0.00662149 0.243423 0.00872762
0.0296678 -0.00782093 0.268501 0.0106333
0.0308337 -0.00594545 0.249881 0.00935369
0.0215439 -0.00294924 0.222158 0.633459
0.0404712 -0.0126721 0.389121 -0.374494
0.0441056 -0.00866055 0.349395 -0.412294
0.0397792 -0.00511061 0.294201 0.0134343
0.0336214 -0.0048581 0.259237 0.242567
0.0294164 -0.00504713 0.25109 0.268323
0.0331234 -0.00986181 0.31767 -0.428465
0.0310773 -0.0068116 0.264001 0.0104342
0.0438116 -0.0104733 0.342663 -0.542005
0.0400289 -0.00905642 0.33755 -0.472132
0.0454693 -0.0112066 0.374772 -0.509352
0.0308989 -0.00877932 0.285752 0.0118171
0.0344829 -0.00560145 0.267273 0.0108722
0.0310773 -0.0068116 0.264001 0.0104342
0.0443696 -0.0114147 0.375612 -0.91413
0.0443696 -0.0114147 0.375612 -0.91413
0.0426991 -0.0115642 0.364824 -0.403603
0.0368293 -0.00688974 0.295411 0.0130877
0.0567191 -0.0126449 0.438863 -0.993104
0.0635825 -0.0158036 0.506243 -1.29598
0.0674944 -0.00712156 0.445422 -0.448344
0.0999511 -0.0233419 0.782693 -2.50477
0.0708654 -0.0151777 0.532688 -1.34555
0.0589839 -0.0107551 0.439822 -0.400775
0.0310773 -0.0068116 0.264001 0.0104342
0.0365693 -0.00945868 0.327653 -0.451053
0.0259502 -0.00286714 0.212343 0.45216
0.0350714 -0.00914261 0.329659 -0.34946
0.03989 -0.00573588 0.300501 0.0137686
0.0558684 -0.0132191 0.464945 -1.41841
0.0454693 -0.0112066 0.374772 -0.509352
0.0454693 -0.0112066 0.374772 -0.509352
