0.0504209 -0.019472 0.471808 -1.58501
0.0334772 -0.0152732 0.360463 -0.438819
0.0254251 -0.0112386 0.280586 0.0104483
-0.838337 0.0885446 1.17513 -0.0768177
7.23103 -0.685756 -36.0235 -4.02573
0.0395925 -0.00707304 0.315839 0.0151281
0.0509125 -0.0160266 0.451683 -1.105
0.0426991 -0.0115642 0.364824 -0.403603
0.068465 -0.0217787 0.611818 -2.18346
0.0419616 -0.0115918 0.364672 -0.489362
0.0355783 -0.0113471 0.341837 0.0164704
4.90636 -0.33822 -43.7383 -7.94884
-0.0609286 -0.0260496 -0.0456222 -0.0116749
0.0453189 -0.0173205 0.4356 -1.11745
0.0557747 -0.0161654 0.468876 -1.69059
0.0346528 -0.00905687 0.309359 0.0138627
0.0195059 -0.0118478 0.259599 0.241238
0.0280666 -0.0131343 0.323275 -0.394009
0.0431265 -0.0202144 0.453064 -1.77017
-4.15744 0.262945 35.5319 -7.4091
0.264801 -0.0492066 -0.0192974 -0.33489
0.0513035 -0.0157547 0.438046 -0.902128
0.0453189 -0.0173205 0.4356 -1.11745
0.038472 -0.0119487 0.353637 -0.462405
0.0321275 -0.00973608 0.302968 0.0130521
0.0296019 -0.0104151 0.296573 0.0122338
0.0434402 -0.0143549 0.391959 -0.897238
0.0377379 -0.0192727 0.395403 -1.06375
0.0537789 -0.0159896 0.480046 -1.35282
0.0405132 -0.0145204 0.381234 -0.483429
0.0346528 -0.00905687 0.309359 0.0138627
0.0475788 -0.0137655 0.401632 -0.522585
0.0231415 -0.0127826 0.288288 0.0106117
0.0254251 -0.0112386 0.280586 0.0104483
0.0265041 -0.016027 0.3392 -0.387561
0.0552123 -0.0196755 0.506488 -1.39616
0.0281289 -0.00859169 0.265226 0.00998844
0.0268946 -0.00763107 0.24793 0.00890139
0.0311206 -0.0145167 0.32612 -0.550485
0.0242344 -0.0103437 0.296677 -0.353527
0.0509125 -0.0160266 0.451683 -1.105
0.0440407 -0.0149863 0.424148 -0.812553
0.0477477 -0.0165243 0.441591 -1.09683
0.0273166 -0.0119584 0.304255 0.0124967
0.0602111 -0.0182369 0.506476 -1.60156
0.0277045 -0.0116032 0.314855 0.192004
0.0513035 -0.0157547 0.438046 -0.902128
0.0404712 -0.0126721 0.389121 -0.374494
0.0196573 -0.0136478 0.300733 -0.313247
0.0207881 -0.0114899 0.260059 0.00868952
0.0183697 -0.0122684 0.25519 0.00801043
0.02672 -0.00960132 0.269735 0.0101245
0.0260187 -0.00816489 0.251112 0.00906391
0.0258442 -0.0101351 0.272915 0.0102708
0.0319805 -0.0155413 0.359598 -0.949177
0.0230712 -0.00994551 0.252347 0.00853553
0.0321607 -0.00958459 0.317905 -0.319019
0.033681 -0.0120472 0.345092 -0.342674
0.0349906 -0.0123441 0.343636 -0.441305
0.0345596 -0.0141193 0.336241 -0.571039
0.0306894 -0.0124664 0.333103 -0.311431
0.0254251 -0.0112386 0.280586 0.0104483
0.0380026 -0.0137217 0.346295 -0.590195
0.0274956 -0.00999112 0.282514 0.0112094
0.0203707 -0.0125944 0.26775 0.00879816
0.0207881 -0.0114899 0.260059 0.00868952
0.0170246 -0.0107194 0.222662 0.327439
0.0283717 -0.00945732 0.279336 0.0110481
0.0425233 -0.0145785 0.403045 -1.09177
0.0281289 -0.00859169 0.265226 0.00998844
0.0233163 -0.0108126 0.26649 0.0094848
0.022115 -0.00754023 0.219424 0.297676
0.0440407 -0.0149863 0.424148 -0.812553
0.0333557 -0.0102732 0.351328 -0.311953
0.0308989 -0.00877932 0.285752 0.0118171
0.0270758 -0.0110939 0.290172 0.0114073
0.0315201 -0.0127391 0.333519 -0.418554
0.0245494 -0.0117724 0.283767 0.0105716
0.0315201 -0.0127391 0.333519 -0.418554
0.0270758 -0.0110939 0.290172 0.0114073
0.0299799 -0.0156497 0.349903 -0.414112
0.0385757 -0.0204419 0.444195 -1.19711
0.023255 -0.0134099 0.294624 0.0108152
0.0323658 -0.010599 0.317014 0.0142523
0.0502221 -0.0135528 0.41665 -0.95721
0.0370672 -0.00775231 0.309449 0.0143529
0.0453189 -0.0173205 0.4356 -1.11745
0.0453189 -0.0173205 0.4356 -1.11745
0.0283717 -0.00945732 0.279336 0.0110481
0.0308989 -0.00877932 0.285752 0.0118171
0.0377403 -0.01262 0.381356 -0.751023
0.0247915 -0.0126377 0.297868 0.0116066
0.044834 -0.0166415 0.415335 -0.861648
0.0256673 -0.0121038 0.294686 0.0114867
0.028788 -0.0135612 0.354786 -0.276005
0.0281927 -0.0114246 0.301078 0.012352
0.0183697 -0.0122684 0.25519 0.00801043
0.0276866 -0.0149137 0.315918 -0.528337
0.0194956 -0.0131286 0.270942 0.00887044
0.0349906 -0.0123441 0.343636 -0.441305
0.0334797 -0.0116334 0.31107 -0.46785
0.0256519 -0.00726694 0.229787 0.256167
0.0180707 -0.0113783 0.240819 0.0071884
0.0210672 -0.00960594 0.239564 0.00776941
0.0260187 -0.00816489 0.251112 0.00906391
0.0308427 -0.00893767 0.283395 -0.433001
0.0281289 -0.00859169 0.265226 0.00998844
0.0319805 -0.0155413 0.359598 -0.949177
0.0270758 -0.0110939 0.290172 0.0114073
0.0224772 -0.0131714 0.311931 -0.340753
0.0245494 -0.0117724 0.283767 0.0105716
0.0280666 -0.0131343 0.323275 -0.394009
0.0166772 -0.0123939 0.245374 0.00714433
0.0234443 -0.0151061 0.304754 -0.488651
0.0180707 -0.0113783 0.240819 0.0071884
0.0334797 -0.0116334 0.31107 -0.46785
0.0296678 -0.00782093 0.268501 0.0106333
0.0281289 -0.00859169 0.265226 0.00998844
0.0227561 -0.0117048 0.288245 -0.355361
0.0247245 -0.0098025 0.261971 0.00940595
0.0308427 -0.00893767 0.283395 -0.433001
0.0236008 -0.00893646 0.246171 0.00850217
0.0327997 -0.0115889 0.30829 -0.554716
0.024793 -0.0121524 0.287611 -0.490379
0.0315201 -0.0127391 0.333519 -0.418554
0.0170246 -0.0107194 0.222662 0.327439
0.0311206 -0.0145167 0.32612 -0.550485
0.0228981 -0.0119166 0.274171 0.00962824
0.0268447 -0.0156438 0.346585 -0.878775
0.0169681 -0.0138064 0.264522 0.0080027
0.0224772 -0.0131714 0.311931 -0.340753
0.0315201 -0.0127391 0.333519 -0.418554
0.0368334 -0.0119353 0.346061 -0.802401
0.0334797 -0.0116334 0.31107 -0.46785
0.0210672 -0.00960594 0.239564 0.00776941
0.0242344 -0.0103437 0.296677 -0.353527
0.0459482 -0.014216 0.416806 -1.12978
0.0349906 -0.0123441 0.343636 -0.441305
0.038472 -0.0119487 0.353637 -0.462405
0.0247245 -0.0098025 0.261971 0.00940595
0.0380026 -0.0137217 0.346295 -0.590195
0.0180118 -0.00891311 0.230526 0.388808
0.0280666 -0.0131343 0.323275 -0.394009
0.0254251 -0.0112386 0.280586 0.0104483
0.0194956 -0.0131286 0.270942 0.00887044
0.0207881 -0.0114899 0.260059 0.00868952
0.0228981 -0.0119166 0.274171 0.00962824
0.0349906 -0.0123441 0.343636 -0.441305
0.0300962 -0.00890647 0.281855 -0.534611
0.0244418 -0.00839358 0.242974 0.00838665
0.0158667 -0.00831549 0.196892 0.399631
0.0216089 -0.00817455 0.222015 0.00683166
0.0368334 -0.0119353 0.346061 -0.802401
0.0283717 -0.00945732 0.279336 0.0110481
0.0504209 -0.019472 0.471808 -1.58501
0.0221957 -0.0104795 0.255534 0.00865035
0.0182063 -0.00632665 0.200284 0.541309
0.0280666 -0.0131343 0.323275 -0.394009
0.0280666 -0.0131343 0.323275 -0.394009
0.0172621 -0.00935252 0.239693 0.263045
0.0172297 -0.0119202 0.244004 0.00722724
0.0206043 -0.0107098 0.247437 0.00796707
0.0194956 -0.0131286 0.270942 0.00887044
0.0247245 -0.0098025 0.261971 0.00940595
0.0281289 -0.00859169 0.265226 0.00998844
0.0258442 -0.0101351 0.272915 0.0102708
0.0216634 -0.0109557 0.256869 0.00859342
0.0230712 -0.00994551 0.252347 0.00853553
0.0260187 -0.00816489 0.251112 0.00906391
0.0281289 -0.00859169 0.265226 0.00998844
0.0258442 -0.0101351 0.272915 0.0102708
0.0210672 -0.00960594 0.239564 0.00776941
0.0206043 -0.0107098 0.247437 0.00796707
0.0183697 -0.0122684 0.25519 0.00801043
0.0233163 -0.0108126 0.26649 0.0094848
0.0183697 -0.0122684 0.25519 0.00801043
0.0206043 -0.0107098 0.247437 0.00796707
0.0118267 -0.0098568 0.212742 0.450392
0.0183697 -0.0122684 0.25519 0.00801043
0.0247245 -0.0098025 0.261971 0.00940595
0.0327997 -0.0115889 0.30829 -0.554716
0.0244418 -0.00839358 0.242974 0.00838665
0.0194642 -0.0103624 0.23626 0.00719525
0.024793 -0.0121524 0.287611 -0.490379
0.0280145 -0.0116955 0.297246 -0.508677
0.0276159 -0.0093738 0.272965 -0.405448
0.0233016 -0.00804657 0.231802 0.00759945
0.016773 -0.00895711 0.20046 0.277529
0.0230712 -0.00994551 0.252347 0.00853553
0.0118267 -0.0098568 0.212742 0.450392
0.0210672 -0.00960594 0.239564 0.00776941
0.0280666 -0.0131343 0.323275 -0.394009
0.00875438 -0.00804749 0.175728 0.566641
0.0172297 -0.0119202 0.244004 0.00722724
0.00898864 -0.0076937 0.173498 0.647228
0.0260187 -0.00816489 0.251112 0.00906391
0.0236008 -0.00893646 0.246171 0.00850217
0.0268946 -0.00763107 0.24793 0.00890139
0.0182345 -0.00938615 0.218597 0.00624629
0.0207681 -0.00871656 0.225202 0.00692622
0.0360358 -0.0140305 0.366534 -1.39716
0.0219082 -0.0090634 0.236372 0.00767946
0.0360358 -0.0140305 0.366534 -1.39716
0.0141883 -0.00953224 0.190744 0.313588
0.0380026 -0.0137217 0.346295 -0.590195
0.0180118 -0.00891311 0.230526 0.388808
0.0256002 -0.00926871 0.258789 0.00926612
0.0270758 -0.0110939 0.290172 0.0114073
0.0196573 -0.0136478 0.300733 -0.313247
0.0167426 -0.0103457 0.22672 0.302077
0.0224772 -0.0131714 0.311931 -0.340753
0.0425233 -0.0145785 0.403045 -1.09177
0.0233016 -0.00804657 0.231802 0.00759945
0.0246055 -0.00640008 0.220735 0.0072135
0.0180707 -0.0113783 0.240819 0.0071884
0.0141332 -0.00650163 0.18394 0.290519
0.0241919 -0.0102786 0.263304 0.0093634
0.0256002 -0.00926871 0.258789 0.00926612
0.0368334 -0.0119353 0.346061 -0.802401
0.0207881 -0.0114899 0.260059 0.00868952
0.0210672 -0.00960594 0.239564 0.00776941
0.0105374 -0.0100074 0.217165 0.357834
0.0207881 -0.0114899 0.260059 0.00868952
0.0158667 -0.00831549 0.196892 0.399631
0.0224772 -0.0131714 0.311931 -0.340753
0.0216634 -0.0109557 0.256869 0.00859342
0.0256673 -0.0121038 0.294686 0.0114867
0.033681 -0.0120472 0.345092 -0.342674
0.0416054 -0.0140466 0.377148 -1.26913
0.0258352 -0.00737618 0.238397 0.00826651
0.0111344 -0.00757312 0.188863 0.504153
0.0205669 -0.0106397 0.284702 -0.307679
0.0244418 -0.00839358 0.242974 0.00838665
0.022115 -0.00754023 0.219424 0.297676
0.019869 -0.00620183 0.218638 0.393402
0.0137441 -0.00701983 0.196258 0.492186
0.0280666 -0.0131343 0.323275 -0.394009
0.0158667 -0.00831549 0.196892 0.399631
0.024793 -0.0121524 0.287611 -0.490379
0.0206043 -0.0107098 0.247437 0.00796707
0.0224772 -0.0131714 0.311931 -0.340753
0.0172621 -0.00935252 0.239693 0.263045
0.0315201 -0.0127391 0.333519 -0.418554
0.0296019 -0.0104151 0.296573 0.0122338
0.0547439 -0.0111896 0.430055 -0.456243
0.0549474 -0.0135226 0.448161 -0.727296
0.0350001 -0.0105438 0.329676 0.0154112
0.0489817 -0.0108215 0.384817 -0.528219
0.0193746 -0.0097328 0.229764 0.00696563
0.0148787 -0.00610611 0.17529 0.44843
0.0134836 -0.00487124 0.174264 0.532752
0.0193746 -0.0097328 0.229764 0.00696563
0.0245494 -0.0117724 0.283767 0.0105716
0.0236738 -0.0123064 0.286952 0.0106851
0.0232819 -0.00985867 0.24109 0.267025
0.0221957 -0.0104795 0.255534 0.00865035
