0.0523396 -0.0113474 0.433712 -0.90055
0.069148 -0.0216015 0.590773 -1.9017
0.0426991 -0.0115642 0.364824 -0.403603
5.27724 -0.36846 -44.383 -7.3351
0.624263 -0.179728 0.12609 3.45296
0.323955 -0.0427373 -0.0921046 -0.377425
0.0537609 -0.0118167 0.459732 -0.7017
0.0546294 -0.00753021 0.380753 -0.481831
0.0888923 -0.0209972 0.731811 -2.76666
0.0464824 -0.00360875 0.316589 0.015706
0.056714 -0.00820974 0.414361 -0.387761
-0.338824 -0.0385084 2.67662 -3.47613
-0.232737 0.0067231 0.0219384 1.93286
0.37357 -0.0588351 -0.192308 -0.487387
0.0489817 -0.0108215 0.384817 -0.528219
0.0686288 -0.0145624 0.51694 -1.71077
0.0485533 -0.0104892 0.385298 -0.348999
0.0739258 -0.0183243 0.592425 -2.01749
0.0462079 -0.0111961 0.375607 -0.428801
-10.3031 0.752088 71.0913 -5.89099
0.255684 -0.0360828 -0.019578 2.87046
0.0737444 -0.0148545 0.552305 -1.52605
0.0383677 -0.00611879 0.298674 0.0137528
0.0437637 -0.00624617 0.331745 0.0169664
0.0511095 -0.00790703 0.370408 -0.460187
0.0598852 -0.012163 0.449229 -1.00414
0.0655914 -0.0126899 0.478779 -1.15092
-0.0500915 0.0187238 0.0186393 1.89427
-5.26253 0.339385 45.0106 -7.37343
0.0579258 -0.0100367 0.4044 -0.405879
0.0726367 -0.0155864 0.548303 -1.05799
0.0491153 -0.00355233 0.329233 0.0168877
0.0370117 -0.00492453 0.273713 0.0115138
0.0567191 -0.0126449 0.438863 -0.993104
0.0365361 -0.0097717 0.332908 0.016205
0.0423341 -0.00102322 0.269954 0.494747
0.0686288 -0.0145624 0.51694 -1.71077
0.0412395 -0.00692617 0.325372 0.0161839
0.0344829 -0.00560145 0.267273 0.0108722
0.0611795 -0.01286 0.458883 -1.56995
0.0384353 -0.0025148 0.277098 0.329709
0.0635825 -0.0158036 0.506243 -1.29598
0.234988 -0.0337799 0.0600806 -0.264606
0.0509321 -0.00864631 0.397915 -0.740203
-0.125094 0.0161622 0.746384 -0.321477
0.0771371 -0.0175768 0.575029 -1.35019
0.0640725 -0.00973048 0.448582 -0.665175
0.0640725 -0.00973048 0.448582 -0.665175
0.0454693 -0.0112066 0.374772 -0.509352
0.0359523 -0.00742265 0.29857 0.0133315
0.0350753 -0.00795582 0.301733 0.0135663
0.0511095 -0.00790703 0.370408 -0.460187
0.0580282 -0.0102616 0.441326 -1.28014
0.223903 -0.0341293 0.0537134 -0.247226
0.0701312 -0.0189571 0.676442 -4.01823
0.0438116 -0.0104733 0.342663 -0.542005
0.0465392 -0.00796613 0.359336 -0.331772
0.0426519 -0.00591843 0.32091 0.015851
0.0686288 -0.0145624 0.51694 -1.71077
0.0397792 -0.00511061 0.294201 0.0134343
0.0435298 -0.00538597 0.317765 0.0155435
0.0635825 -0.0158036 0.506243 -1.29598
0.0421174 -0.00639353 0.322224 0.0158951
0.069327 -0.0126858 0.505968 -1.39483
0.0406319 -0.00903814 0.338689 -0.385694
0.0385916 -0.0101881 0.363605 -0.360793
0.0493372 -0.013839 0.430322 -1.16421
0.0558017 -0.0109777 0.446239 -0.92952
0.0613422 -0.00985307 0.454446 -1.30794
0.0594342 -0.0103299 0.435076 -1.11586
0.0735896 -0.0184412 0.648785 -3.3545
0.0370117 -0.00492453 0.273713 0.0115138
0.0496334 -0.00756478 0.371239 -0.360789
0.0938716 -0.0215109 0.877438 -4.496
0.0531522 -0.00857342 0.403802 -0.365202
0.0435298 -0.00538597 0.317765 0.0155435
0.0566668 -0.0107834 0.437329 -0.779151
0.0507356 -0.00969402 0.363125 -0.58231
0.0408144 -0.00802539 0.332964 0.0165518
0.0433376 -0.00734475 0.339326 0.0173659
0.223903 -0.0341293 0.0537134 -0.247226
0.040621 -0.0099834 0.35451 0.0182929
0.0394391 -0.0118491 0.372902 0.019945
0.056714 -0.00820974 0.414361 -0.387761
0.0869015 -0.0143153 0.60637 -1.93515
0.0792557 -0.0149736 0.574624 -1.62302
0.0635825 -0.0158036 0.506243 -1.29598
0.0458803 -0.00620336 0.368127 -0.314954
0.044982 -0.00719594 0.348818 0.018485
0.0404179 -0.00374024 0.275717 0.265009
0.0547439 -0.0111896 0.430055 -0.456243
0.0404179 -0.00374024 0.275717 0.265009
0.0786978 -0.0185893 0.621404 -1.55737
0.0300584 -0.000258437 0.248784 0.644923
0.0460903 -0.00752137 0.359604 0.0196738
0.0463954 -0.00618889 0.344372 0.0181205
0.03619 -0.00828542 0.312609 0.014594
0.0359523 -0.00742265 0.29857 0.0133315
0.224694 -0.0344669 -0.00992403 -0.22148
0.0568168 -0.0100867 0.407098 -0.494403
0.0598852 -0.012163 0.449229 -1.00414
0.0682127 -0.0122704 0.49729 -1.87465
0.0225008 -0.00432604 0.222351 0.521676
0.0368293 -0.00688974 0.295411 0.0130877
0.0567191 -0.0126449 0.438863 -0.993104
0.0441056 -0.00866055 0.349395 -0.412294
0.0593411 -0.0126394 0.469278 -1.24704
0.0766665 -0.0181049 0.689074 -3.81208
0.044982 -0.00719594 0.348818 0.018485
0.0373632 -0.0064142 0.29409 0.0130613
0.0476001 -0.00828368 0.359961 -0.437061
0.0352731 -0.00149757 0.240113 0.354406
0.0319537 -0.00627818 0.260829 0.0102227
0.0350714 -0.00914261 0.329659 -0.34946
0.0334258 -0.00810109 0.292163 0.012578
0.0650867 -0.0130916 0.506122 -1.75488
0.0717816 -0.0118903 0.522537 -2.50521
0.055641 -0.0100669 0.402808 -0.833142
0.0334258 -0.00810109 0.292163 0.012578
0.038129 -0.00525556 0.284624 0.0124796
0.0714705 -0.0155654 0.581457 -2.96758
0.0478464 -0.0110662 0.38895 -0.953043
0.038663 -0.00478018 0.283305 0.0124324
0.0608591 -0.0129038 0.467875 -1.80874
0.0531145 -0.00680644 0.348065 -0.50864
0.0454693 -0.0112066 0.374772 -0.509352
0.0441056 -0.00866055 0.349395 -0.412294
0.0384785 -0.00674398 0.304973 0.0140773
0.0518409 -0.0130015 0.423299 -1.41921
0.0330727 -0.00661028 0.271763 0.0111275
0.0347241 -0.00646618 0.28136 0.0120494
0.0410043 -0.00606509 0.311371 0.0148148
0.0431843 -0.00390019 0.297472 0.0137799
0.0476001 -0.00828368 0.359961 -0.437061
0.0337723 -0.00665805 0.300293 -0.311549
0.0512886 -0.0110299 0.413962 -1.21131
0.069327 -0.0126858 0.505968 -1.39483
0.0509321 -0.00864631 0.397915 -0.740203
0.0438722 -0.00686963 0.338012 0.0173287
0.0476001 -0.00828368 0.359961 -0.437061
0.0511095 -0.00790703 0.370408 -0.460187
0.0645185 -0.0124794 0.47129 -1.58334
0.0523396 -0.0113474 0.433712 -0.90055
0.0580453 -0.0134031 0.472114 -0.92208
0.03619 -0.00828542 0.312609 0.014594
0.0370117 -0.00492453 0.273713 0.0115138
0.03989 -0.00573588 0.300501 0.0137686
0.0350954 -0.0036378 0.285809 0.456434
0.0475886 -0.00464329 0.31066 -0.466349
0.0433749 -0.00499107 0.298035 -0.531373
0.0319537 -0.00627818 0.260829 0.0102227
0.0350165 -0.00512585 0.265951 0.0108376
0.0521125 -0.00673104 0.345844 -0.588583
0.0451122 -0.00575115 0.330557 -0.499155
0.0703027 -0.0150705 0.543826 -2.10735
0.0397792 -0.00511061 0.294201 0.0134343
0.0410043 -0.00606509 0.311371 0.0148148
0.0421174 -0.00639353 0.322224 0.0158951
0.0331931 -0.00235434 0.241286 0.581644
0.03989 -0.00573588 0.300501 0.0137686
0.0357668 -0.00938587 0.320225 0.014898
0.0243487 5.38104e-05 0.20652 0.713762
0.0535021 -0.01311 0.428041 -0.977826
0.0435689 -0.00820323 0.353269 0.0188168
0.0682046 -0.011885 0.468531 -1.34668
0.0580282 -0.0102616 0.441326 -1.28014
0.0347241 -0.00646618 0.28136 0.0120494
0.0373632 -0.0064142 0.29409 0.0130613
0.0645366 -0.0125888 0.482821 -1.84454
0.0426519 -0.00591843 0.32091 0.015851
0.0703027 -0.0150705 0.543826 -2.10735
0.0313047 -0.00301566 0.253994 0.414442
0.0558684 -0.0132191 0.464945 -1.41841
0.0349037 -0.00449918 0.259625 0.0105378
0.0356659 -0.0020422 0.242423 0.271504
0.0291878 -0.00301315 0.25844 0.342052
0.03619 -0.00828542 0.312609 0.014594
0.0262992 -0.00614206 0.255758 0.44286
0.0337723 -0.00665805 0.300293 -0.311549
0.04084 -0.00261328 0.269363 0.0114406
0.0227362 0.00186866 0.191107 0.685023
0.0441761 -0.00502796 0.299773 -0.436673
0.0469906 -0.0105705 0.363351 -1.115
0.0337723 -0.00665805 0.300293 -0.311549
0.0428096 -0.0079388 0.31521 -0.425695
0.0604773 -0.0129651 0.477529 -2.07073
0.0336214 -0.0048581 0.259237 0.242567
0.0451184 -0.00831216 0.355651 -0.908224
0.0389018 -0.00564359 0.297358 0.0137157
0.0347241 -0.00646618 0.28136 0.0120494
0.0667085 -0.0154198 0.530537 -2.09363
0.0547944 -0.0104095 0.418174 -1.0451
0.0478464 -0.0110662 0.38895 -0.953043
0.036911 -0.00801587 0.30735 -0.389852
0.0359523 -0.00742265 0.29857 0.0133315
0.0399648 -0.0031474 0.272548 0.0115375
0.0356659 -0.0020422 0.242423 0.271504
0.0531743 -0.00793708 0.388633 -1.04901
0.038472 -0.0119487 0.353637 -0.462405
0.0270211 -0.00246147 0.203611 0.562797
0.0335099 -0.00273845 0.229407 0.00837933
0.0344829 -0.00560145 0.267273 0.0108722
0.0537052 -0.0101158 0.403567 -1.45543
0.0289833 -0.00235058 0.22026 0.427589
0.0618659 -0.00953694 0.44116 -1.09583
0.0389018 -0.00564359 0.297358 0.0137157
0.0558017 -0.0109777 0.446239 -0.92952
0.0496334 -0.00756478 0.371239 -0.360789
0.020652 -0.000747981 0.201676 0.675425
0.0454693 -0.0112066 0.374772 -0.509352
0.0434968 -0.00865419 0.347368 -0.491794
0.227072 -0.0305035 0.0471723 -0.241873
0.0356659 -0.0020422 0.242423 0.271504
0.0397792 -0.00511061 0.294201 0.0134343
0.0666019 -0.0191364 0.613701 -3.31421
0.0406319 -0.00903814 0.338689 -0.385694
0.0397792 -0.00511061 0.294201 0.0134343
0.0441056 -0.00866055 0.349395 -0.412294
0.0509321 -0.00864631 0.397915 -0.740203
0.0513669 -0.0107694 0.404591 -1.00804
0.0397792 -0.00511061 0.294201 0.0134343
0.0243663 -0.00167204 0.212189 0.521455
0.0273361 -0.00114315 0.219862 0.49842
0.0321397 -0.00192705 0.230194 0.389998
0.0635825 -0.0158036 0.506243 -1.29598
0.0476001 -0.00828368 0.359961 -0.437061
0.0451768 -0.00523884 0.327293 0.0165951
0.0706372 -0.00949164 0.480209 -1.24988
0.0428409 -0.00395755 0.299305 0.0140408
0.0575533 -0.00736637 0.391528 -0.895962
0.0259502 -0.00286714 0.212343 0.45216
0.0307547 -0.0042154 0.235315 0.486137
0.04108 -0.00347733 0.283431 0.0127226
0.0395403 -0.00424744 0.28015 0.0121453
0.047507 -0.00867372 0.394844 -0.334094
0.0429032 -0.00657143 0.354343 -0.27455
0.0594342 -0.0103299 0.435076 -1.11586
0.0376826 -0.00428833 0.266171 0.290593
0.03989 -0.00573588 0.300501 0.0137686
0.0400746 -0.00377218 0.278835 0.0120684
0.051156 -0.0115587 0.419924 -0.437333
0.293182 -0.037019 -0.136185 -0.285564
0.0485805 -0.00402744 0.330548 0.0169298
0.0729055 -0.0120849 0.506093 -1.21234
0.0996274 -0.0106886 0.644311 -1.77851
0.0755169 -0.00632055 0.464437 -0.4108
0.0682672 -0.0118315 0.492893 -0.804897
0.067237 -0.00835071 0.509998 -0.654793
-0.0865573 0.0141363 0.428353 0.113429
0.0513669 -0.0107694 0.404591 -1.00804
0.032335 0.000658263 0.199991 0.542404
0.0547944 -0.0104095 0.418174 -1.0451
0.0375184 0.000240025 0.249304 0.453799
0.043206 -0.00451825 0.3091 0.272567
0.0665424 -0.00940059 0.442865 -1.40939
0.0444859 -0.00226734 0.286711 0.0130286
