0.0936157 -0.0175544 0.727688 -2.86987
0.0800963 -0.0114362 0.529903 -1.72102
0.0833313 -0.0174425 0.669252 -2.61064
-0.222548 0.00509736 0.0159505 1.9551
4.7537 -0.453969 -29.5442 -5.84653
0.243367 -0.0293617 0.110322 -0.256317
0.566656 -0.0922804 -0.526022 -0.935055
0.0674944 -0.00712156 0.445422 -0.448344
0.0884468 -0.0118242 0.615341 -1.92571
0.235073 -0.0326829 0.148581 -0.282827
0.0526425 -0.00257645 0.340171 0.0183557
4.39753 -0.303148 -38.6744 -7.66827
-0.107445 -0.00661015 -0.564526 -5.68527
-0.498901 0.0471238 2.68131 -2.32482
0.0839311 -0.0111791 0.546668 -1.29453
0.0571245 0.00112075 0.318842 0.0159435
0.0869015 -0.0143153 0.60637 -1.93515
0.0815822 -0.014133 0.569684 -1.39719
0.0601089 -0.0103896 0.449163 -0.804931
-4.11457 0.256552 36.0797 -7.41218
-7.40157 0.470274 64.0446 -7.55977
0.255304 -0.0306651 0.0613015 -0.284212
0.0684153 -0.0180893 0.555122 -1.44834
0.0656406 -0.00692642 0.435994 -0.700857
0.0890019 -0.0141285 0.654745 -2.47343
0.0545894 -0.0056829 0.388677 -0.373171
0.0619416 -0.0104519 0.450136 -0.491311
-11.6154 0.870401 78.3559 -5.74053
-0.170579 -0.00803634 0.627622 0.42222
0.0657938 -0.0111759 0.522818 -0.628295
0.0980753 -0.0160112 0.71274 -2.407
0.0690299 -0.00380317 0.424473 -0.277857
0.0592488 -0.00751115 0.423185 -0.315594
0.0899705 -0.0178584 0.710987 -2.84907
0.047507 -0.00867372 0.394844 -0.334094
0.083823 -0.0147031 0.588493 -1.13833
0.258306 -0.0374505 0.00626857 -0.286119
0.0404263 0.000843334 0.255451 0.443822
0.052535 -0.0136074 0.451258 -1.38977
0.0575533 -0.00736637 0.391528 -0.895962
0.0552728 -0.00251808 0.35278 0.0195001
0.0897174 -0.01413 0.641645 -2.22886
0.0509969 -0.00272431 0.330663 0.0172697
-0.114795 0.0209196 0.552134 0.110975
0.0578119 -0.00463913 0.394308 0.0242114
0.0715225 -0.0113872 0.503679 -0.819851
0.078138 -0.0121239 0.535264 -0.965384
0.107129 -0.0171664 0.815407 -3.53781
0.0485805 -0.00402744 0.330548 0.0169298
0.0473595 -0.00307573 0.313434 0.0154527
0.0344184 -0.00258672 0.263965 0.382011
0.0802489 -0.0114809 0.533181 -1.26825
0.0460551 -0.00470666 0.324155 0.0162606
0.0581568 -0.00715288 0.391004 -0.502112
0.0336062 -0.00613466 0.27044 0.011108
0.049103 -0.00535446 0.343214 -0.439898
0.0653745 -0.00726414 0.449274 -0.881211
0.0740046 -0.00910144 0.491921 -1.26433
0.0762966 -0.0120213 0.538697 -1.62116
0.0729055 -0.0120849 0.506093 -1.21234
0.0706372 -0.00949164 0.480209 -1.24988
0.0561789 -0.00826643 0.413789 -0.46173
0.054141 -0.00540106 0.385714 -0.272506
0.050118 -0.00325633 0.333794 0.0176436
0.0533226 -0.00494199 0.353444 -0.375055
0.0788533 -0.0152793 0.612701 -2.44661
0.0657699 -0.0130055 0.492475 -1.36925
0.0512998 -0.00139057 0.315402 0.0156246
0.0827196 -0.0150707 0.634971 -2.52185
0.0581305 -0.00530974 0.399028 -0.395257
0.0395925 -0.00707304 0.315839 0.0151281
0.0581548 -0.00799656 0.423685 -0.811228
0.0948193 -0.0164778 0.702094 -2.419
0.0776767 -0.00881221 0.505893 -1.29547
0.100891 -0.0204763 0.791901 -2.90014
0.073943 -0.0126453 0.533387 -1.09386
0.067438 -0.00933248 0.460377 -0.689721
0.082575 -0.014789 0.611298 -2.18246
0.0970247 -0.0206872 0.772305 -2.86069
0.0861242 -0.0144547 0.626364 -2.20511
0.0815822 -0.014133 0.569684 -1.39719
0.067438 -0.00933248 0.460377 -0.689721
0.0649851 -0.0122688 0.481982 -0.788456
0.0849481 -0.0081855 0.532426 -1.34548
0.262021 -0.0346004 0.0502765 -0.308912
0.0980753 -0.0160112 0.71274 -2.407
0.0444436 -0.00909321 0.383353 -0.308928
0.0656406 -0.00692642 0.435994 -0.700857
0.097762 -0.0174 0.748506 -2.92281
0.0688018 -0.00685433 0.460855 -0.904065
0.0572469 -0.00499908 0.397522 -0.299785
0.0725736 -0.0122786 0.517476 -1.40315
0.0550689 -0.00446905 0.374177 0.0216733
0.0589765 -0.00857212 0.440382 -0.210316
0.0813248 -0.012035 0.559732 -1.14597
0.0707733 -0.00892422 0.47199 -0.712185
0.048773 -0.00206887 0.30899 0.0149999
0.0460551 -0.00470666 0.324155 0.0162606
0.0509321 -0.00864631 0.397915 -0.740203
0.0651092 -0.00344055 0.374228 -0.22915
0.0477912 -0.00505701 0.34467 -0.341252
0.0735308 -0.00885251 0.482693 -1.72088
0.0337723 -0.00665805 0.300293 -0.311549
0.0718473 -0.0121591 0.531798 -2.24326
0.0560663 -0.00460108 0.364271 -0.488096
0.0807001 -0.0121946 0.576654 -2.2277
0.0953757 -0.0181234 0.786522 -3.86655
0.0448339 -0.00375473 0.307038 0.0147156
0.0576839 -0.00532945 0.396771 -0.463895
0.0484718 -0.00340374 0.324276 0.0165693
0.0616895 -0.00677487 0.401176 -0.521168
0.0995017 -0.0181919 0.852325 -4.25588
0.0788533 -0.0152793 0.612701 -2.44661
0.0589471 -0.00965054 0.41482 -0.859961
0.0735204 -0.01847 0.610122 -2.2961
0.0686043 -0.00830547 0.448514 -0.916662
0.046246 -0.002747 0.302575 0.0143657
0.0807001 -0.0121946 0.576654 -2.2277
0.0406319 -0.00903814 0.338689 -0.385694
0.0525809 -0.00495882 0.353232 -0.461116
0.0852751 -0.0142758 0.675455 -3.50148
0.0698664 -0.00917113 0.468296 -1.68832
0.0477912 -0.00505701 0.34467 -0.341252
0.0509321 -0.00864631 0.397915 -0.740203
0.054141 -0.00540106 0.385714 -0.272506
0.0431645 -0.00319727 0.285344 0.239961
0.0473595 -0.00307573 0.313434 0.0154527
0.23349 -0.0304672 0.0489407 -0.251788
0.0603699 -0.0097144 0.417358 -0.513449
0.0546294 -0.00753021 0.380753 -0.481831
0.0424595 -0.0078771 0.342468 0.0176559
0.0563599 -0.00426824 0.360699 -0.287593
0.0458984 -0.00125993 0.282254 0.0125863
0.0678996 -0.00900384 0.479661 -1.35227
0.0478464 -0.0110662 0.38895 -0.953043
0.0609858 -0.00698212 0.404245 -0.929584
0.0684752 -0.0100745 0.496905 -0.66676
0.0638892 -0.00748436 0.435162 -0.429254
0.0656406 -0.00692642 0.435994 -0.700857
0.0702602 -0.0129521 0.520202 -1.06641
0.0619416 -0.0104519 0.450136 -0.491311
0.0590423 -0.00711944 0.390173 -0.417469
0.0485805 -0.00402744 0.330548 0.0169298
0.0616895 -0.00677487 0.401176 -0.521168
0.0498856 -0.00239699 0.319836 0.0161181
0.050118 -0.00325633 0.333794 0.0176436
0.0531522 -0.00857342 0.403802 -0.365202
0.0661158 -0.00639117 0.41164 -0.463254
0.0475491 -0.0011152 0.291836 0.0135222
0.0706372 -0.00949164 0.480209 -1.24988
0.0630559 -0.0157498 0.516366 -2.07138
0.0404263 0.000843334 0.255451 0.443822
0.0840898 -0.0118113 0.594235 -2.27149
0.0740046 -0.00910144 0.491921 -1.26433
0.0725736 -0.0122786 0.517476 -1.40315
0.0460551 -0.00470666 0.324155 0.0162606
0.0602943 -0.00784691 0.424813 -0.409089
0.054141 -0.00540106 0.385714 -0.272506
0.066843 -0.00954606 0.471632 -0.845497
0.0832511 -0.0146086 0.590136 -1.89978
0.0654212 -0.00876632 0.437607 -0.901038
0.075335 -0.0117734 0.529867 -1.4136
0.0429032 -0.00657143 0.354343 -0.27455
0.0572469 -0.00499908 0.397522 -0.299785
0.0678996 -0.00900384 0.479661 -1.35227
0.0524114 -0.00171807 0.326235 0.0167726
0.0560283 -0.0130482 0.456538 -1.22251
0.0560663 -0.00460108 0.364271 -0.488096
0.0742692 -0.00924751 0.497595 -1.43813
0.0688018 -0.00685433 0.460855 -0.904065
0.048773 -0.00206887 0.30899 0.0149999
0.048773 -0.00206887 0.30899 0.0149999
0.0581568 -0.00715288 0.391004 -0.502112
0.069327 -0.0126858 0.505968 -1.39483
0.0752031 -0.0111773 0.494243 -1.39116
0.049007 -0.00292902 0.322969 0.0164887
0.0486637 -0.00144469 0.30271 0.0145989
0.046246 -0.002747 0.302575 0.0143657
0.0566668 -0.0107834 0.437329 -0.779151
0.0603115 -0.00420534 0.375214 -0.427609
0.0433693 -0.00193668 0.27581 0.0120184
0.0544608 -0.00387057 0.331891 -0.518112
0.041805 -0.00792388 0.31543 -0.526382
0.066195 -0.00948412 0.453504 -1.65079
0.069568 -0.00929453 0.480887 -1.96146
0.0732629 -0.00898156 0.496021 -1.99591
0.0761984 -0.0121138 0.586202 -3.20036
0.0413743 -0.00213804 0.268048 0.0113634
0.086853 -0.0146625 0.672268 -3.26087
0.0437189 -0.00342507 0.296159 0.0137067
0.0568061 -0.00457377 0.364417 -0.402318
0.0616895 -0.00677487 0.401176 -0.521168
0.0581548 -0.00799656 0.423685 -0.811228
0.0473595 -0.00307573 0.313434 0.0154527
0.0509321 -0.00864631 0.397915 -0.740203
0.0524114 -0.00171807 0.326235 0.0167726
0.0565797 -0.00642545 0.358633 -0.531636
0.0668119 -0.00646345 0.443213 -1.19447
0.0289833 -0.00235058 0.22026 0.427589
0.0464824 -0.00360875 0.316589 0.015706
0.069568 -0.00929453 0.480887 -1.96146
0.0698664 -0.00917113 0.468296 -1.68832
0.0435512 2.89527e-05 0.254104 0.0102449
0.0521125 -0.00673104 0.345844 -0.588583
0.0790516 -0.0116364 0.552753 -1.63112
0.0762966 -0.0120213 0.538697 -1.62116
0.0936157 -0.0175544 0.727688 -2.86987
0.0603115 -0.00420534 0.375214 -0.427609
0.049007 -0.00292902 0.322969 0.0164887
0.0545894 -0.0056829 0.388677 -0.373171
0.0692451 -0.0123874 0.492473 -1.18243
0.0690613 -0.00653479 0.447775 -0.72643
0.0600635 -0.00722831 0.416379 -1.12866
0.0771396 -0.00875121 0.515544 -2.06735
0.041805 -0.00792388 0.31543 -0.526382
0.0427366 -0.00108071 0.262413 0.26838
0.0595695 -0.00421538 0.374386 -0.508183
0.0855408 -0.0144919 0.640466 -2.46233
0.0509558 9.40391e-05 0.295133 0.0136988
0.0427366 -0.00108071 0.262413 0.26838
0.0453433 -0.000480701 0.271026 0.249413
0.0646301 -0.0094325 0.467202 -1.33176
0.0643436 -0.00656896 0.416345 -0.956905
0.0485805 -0.00402744 0.330548 0.0169298
0.0910881 -0.0139651 0.60896 -1.54233
0.0980753 -0.0160112 0.71274 -2.407
0.0839311 -0.0111791 0.546668 -1.29453
0.269351 -0.0307606 0.0632106 -0.307815
0.0927584 -0.0148057 0.681459 -3.03526
0.054937 -0.00103898 0.33263 0.0174181
0.0598921 -0.0160865 0.492182 -1.26419
0.0595695 -0.00421538 0.374386 -0.508183
0.0875971 -0.0114707 0.609376 -2.29313
0.0630777 -0.00382984 0.384449 -0.527155
0.0531783 -0.00210219 0.338872 0.0182495
0.0616895 -0.00677487 0.401176 -0.521168
0.0630777 -0.00382984 0.384449 -0.527155
0.0515324 -0.00224981 0.329361 0.0171685
0.0740046 -0.00910144 0.491921 -1.26433
0.0890019 -0.0141285 0.654745 -2.47343
0.0858222 -0.0080595 0.520418 -1.16746
0.0956323 -0.011215 0.647575 -1.98863
0.0793037 -0.00918344 0.520918 -0.998293
0.0452914 0.00799275 0.23706 0.813916
0.100529 -0.0103922 0.616899 -1.13254
0.0822738 -0.00367325 0.492944 -0.360208
0.0719211 -0.0096751 0.508009 -0.686324
0.102551 -0.013229 0.654951 -1.25532
0.0676298 -0.00612915 0.427821 -0.978162
0.0668119 -0.00646345 0.443213 -1.19447
0.0517266 -0.000292372 0.307828 0.0150812
0.0807001 -0.0121946 0.576654 -2.2277
0.094265 -0.0138126 0.640494 -1.6656
0.0711077 -0.00675811 0.455596 -0.466421
0.0757907 -0.00571261 0.470622 -0.769967
0.2438 -0.0271154 0.0694099 -0.252325
