0.0457783 -0.0191587 0.449912 -1.00678
0.223676 -0.0383791 -0.0073526 -0.230113
0.0424136 -0.0234762 0.481453 -1.25409
-4.61222 0.27794 31.972 -5.59036
-3.6565 0.434935 8.69068 -1.03129
0.223092 -0.0332799 0.0816949 -0.242921
0.0587956 -0.0190765 0.506651 -1.21398
0.347578 -0.0566638 -0.123368 -0.443806
0.077102 -0.0237845 0.686365 -2.39351
0.077847 -0.0237114 0.670251 -2.15343
0.0624662 -0.0187744 0.520193 -1.24238
5.05112 -0.396169 -41.1368 -7.6847
1.85335 -0.32355 -1.87758 0.657228
0.339291 -0.0573902 -0.146022 -0.423145
0.226589 -0.03702 0.0256892 -0.234437
0.289014 -0.0459189 -0.0766324 -0.327581
0.0271351 -0.013924 0.325961 0.0137914
0.0457848 -0.0230856 0.493091 -1.26801
0.0424136 -0.0234762 0.481453 -1.25409
0.280171 -0.0485505 -0.0740561 -0.327688
-5.16212 0.316998 45.4405 -7.64283
0.0882852 -0.0275577 0.814741 -3.38383
0.274962 -0.045978 -0.0749788 -0.303331
0.0513035 -0.0157547 0.438046 -0.902128
0.0587956 -0.0190765 0.506651 -1.21398
0.0700122 -0.0245048 0.659562 -2.37859
0.0604146 -0.0218597 0.546512 -1.37089
2.75134 -0.32963 -8.90722 -2.42091
4.6292 -0.418523 -28.8874 -5.97235
0.0613161 -0.0217525 0.535316 -1.2006
0.0551308 -0.0187383 0.484749 -0.677075
0.0566592 -0.0159152 0.4725 -0.713623
0.0268963 -0.0130608 0.311907 0.012669
0.0366159 -0.0166845 0.363666 -0.584362
0.0218475 -0.0144204 0.299151 0.0108102
0.0602945 -0.0247254 0.549718 -1.1603
0.0814588 -0.0251848 0.79161 -3.90595
0.0569489 -0.0186302 0.494101 -1.59111
0.0470766 -0.0198512 0.459358 -1.57124
0.0536423 -0.0190393 0.482842 -1.58699
0.209878 -0.036134 0.0775106 -0.236472
0.0587956 -0.0190765 0.506651 -1.21398
0.209878 -0.036134 0.0775106 -0.236472
0.0586539 -0.0211534 0.520543 -1.52366
0.293755 -0.0490215 -0.0434097 -0.350059
0.226661 -0.0407205 0.0757122 -0.272747
0.0793032 -0.0264035 0.717051 -2.32558
0.0849561 -0.0245452 0.757008 -3.31269
0.0558615 -0.025786 0.594964 -2.2712
0.0227228 -0.0138864 0.295965 0.0107293
0.0296861 -0.0174632 0.343226 -0.544262
0.0686132 -0.0217738 0.6463 -3.15888
0.0586539 -0.0211534 0.520543 -1.52366
0.0720893 -0.0248124 0.68849 -3.11601
0.197244 -0.0378014 0.0155375 -0.192056
0.0695178 -0.0258803 0.759191 -4.30252
0.0654042 -0.0218671 0.573643 -1.85777
0.0726377 -0.0215971 0.66958 -3.23494
0.0649632 -0.0220886 0.594851 -2.14905
0.0457783 -0.0191587 0.449912 -1.00678
0.0613372 -0.0223704 0.577465 -2.10861
0.0700556 -0.0259099 0.73 -3.80112
0.0514779 -0.0196815 0.479367 -1.1528
0.234957 -0.0410637 0.00998052 -0.259438
0.0512224 -0.0219631 0.506705 -1.71512
0.0394 -0.0201091 0.428817 -0.981179
0.0453636 -0.0228446 0.483917 -1.72599
0.0437995 -0.0170268 0.404948 -0.407676
0.0502221 -0.0135528 0.41665 -0.95721
0.0806398 -0.0252826 0.856252 -4.66713
0.0504209 -0.019472 0.471808 -1.58501
0.0536423 -0.0190393 0.482842 -1.58699
0.0587956 -0.0190765 0.506651 -1.21398
0.0894196 -0.0284239 0.90506 -4.22674
0.085672 -0.0286855 0.885082 -4.20562
0.042691 -0.0170768 0.407659 -0.496287
0.0635113 -0.025012 0.60818 -2.04622
0.0324227 -0.014956 0.359806 -0.333397
0.0514779 -0.0196815 0.479367 -1.1528
0.0514779 -0.0196815 0.479367 -1.1528
0.0598141 -0.0253187 0.593237 -2.02027
0.0561685 -0.0255965 0.575942 -1.97866
0.0550251 -0.0285964 0.591695 -1.90487
0.0660211 -0.0184319 0.530422 -1.72282
0.246918 -0.0401262 0.0412702 -0.277023
0.066145 -0.0184727 0.533688 -1.26957
0.0551332 -0.019379 0.493048 -1.1842
0.226661 -0.0407205 0.0757122 -0.272747
0.20813 -0.0369808 0.0695778 -0.233795
0.0449254 -0.0141094 0.390644 -0.418962
0.0513035 -0.0157547 0.438046 -0.902128
0.216528 -0.0406486 0.0317977 -0.22953
0.0720709 -0.0270315 0.684991 -2.27401
0.0579156 -0.0247502 0.56836 -1.46754
0.0567485 -0.0221699 0.533378 -1.34779
0.0747671 -0.0279867 0.732562 -2.76837
0.0394 -0.0201091 0.428817 -0.981179
0.0313334 -0.0181953 0.375368 -0.511517
0.0529305 -0.0260855 0.596375 -2.93092
0.044043 -0.0141433 0.391475 -0.503626
0.0598765 -0.018405 0.521096 -1.85859
0.0569489 -0.0186302 0.494101 -1.59111
0.0594605 -0.025413 0.648015 -3.34457
0.0504553 -0.0195855 0.483466 -1.84742
0.0477477 -0.0165243 0.441591 -1.09683
0.0684185 -0.0219001 0.676181 -3.64513
0.0739242 -0.0256757 0.751716 -3.84907
0.0468547 -0.0194797 0.440904 -1.28062
0.216547 -0.0410111 0.0538966 -0.259976
0.0348499 -0.0178108 0.385403 -0.53031
0.0457783 -0.0191587 0.449912 -1.00678
0.0545312 -0.0215553 0.517478 -1.71237
0.0411801 -0.0229093 0.456897 -1.4292
0.0368246 -0.0230371 0.452847 -1.11079
0.0302481 -0.0184055 0.376173 -0.916125
0.259875 -0.0450301 -0.0459173 -0.28022
0.0649632 -0.0220886 0.594851 -2.14905
0.0598765 -0.018405 0.521096 -1.85859
0.0366159 -0.0166845 0.363666 -0.584362
0.0545312 -0.0215553 0.517478 -1.71237
0.0536423 -0.0190393 0.482842 -1.58699
0.0541287 -0.0192666 0.497924 -1.87728
0.0281927 -0.0114246 0.301078 0.012352
0.0419088 -0.0200406 0.457157 -1.22448
0.0294201 -0.0123806 0.318277 0.013584
0.0483986 -0.0225478 0.499447 -1.74704
0.0356029 -0.017817 0.38681 -0.454238
0.0426155 -0.0196425 0.439603 -0.996165
0.0444647 -0.0224938 0.467913 -1.43455
0.0456772 -0.0253586 0.520469 -1.85074
0.012157 -0.0131274 0.256135 0.441692
0.0355192 -0.0145551 0.371709 -0.362377
0.0569489 -0.0186302 0.494101 -1.59111
0.205289 -0.033939 0.0138573 -0.193639
0.0372475 -0.0177597 0.405118 -1.0097
0.0453189 -0.0173205 0.4356 -1.11745
0.085672 -0.0286855 0.885082 -4.20562
0.0672241 -0.0247329 0.625196 -2.08548
0.0672241 -0.0247329 0.625196 -2.08548
0.0530981 -0.0224819 0.520199 -1.32372
0.0442137 -0.0201115 0.460341 -0.752377
0.0426155 -0.0196425 0.439603 -0.996165
0.0727474 -0.0287957 0.768388 -3.67513
0.0598141 -0.0253187 0.593237 -2.02027
0.0394 -0.0201091 0.428817 -0.981179
0.0361192 -0.0205525 0.417439 -0.960676
0.0424136 -0.0234762 0.481453 -1.25409
0.234957 -0.0410637 0.00998052 -0.259438
0.0521036 -0.0164786 0.454092 -1.65321
0.216268 -0.0383199 -0.00670734 -0.21939
0.0464097 -0.0199646 0.478327 -2.07543
0.0541596 -0.0192473 0.509252 -2.49711
0.0552123 -0.0196755 0.506488 -1.39616
0.0493215 -0.0184685 0.448397 -0.835267
0.0530981 -0.0224819 0.520199 -1.32372
0.0684608 -0.0285737 0.701375 -3.07375
0.0324227 -0.014956 0.359806 -0.333397
0.049463 -0.022796 0.506978 -1.29859
0.0598141 -0.0253187 0.593237 -2.02027
0.0334772 -0.0152732 0.360463 -0.438819
0.0213155 -0.014897 0.300494 0.0107083
0.0624945 -0.0283111 0.685204 -3.24433
0.0428342 -0.0256175 0.49439 -1.59071
0.0305339 -0.0127095 0.329141 0.0146092
0.0726377 -0.0215971 0.66958 -3.23494
0.0567485 -0.0221699 0.533378 -1.34779
0.0366159 -0.0166845 0.363666 -0.584362
0.0334772 -0.0152732 0.360463 -0.438819
0.0720893 -0.0248124 0.68849 -3.11601
0.0796858 -0.0284655 0.875822 -4.47916
0.231912 -0.0414074 -0.0112275 -0.255447
0.0356029 -0.017817 0.38681 -0.454238
0.0690662 -0.0290779 0.750426 -3.66024
0.0385757 -0.0204419 0.444195 -1.19711
0.0512224 -0.0219631 0.506705 -1.71512
0.0227228 -0.0138864 0.295965 0.0107293
0.0385757 -0.0204419 0.444195 -1.19711
0.0327631 -0.0209678 0.405399 -0.933829
0.0527103 -0.0261906 0.617634 -3.34972
0.03699 -0.0148969 0.370901 -0.461871
0.211522 -0.0378426 0.0152967 -0.211577
0.0536423 -0.0190393 0.482842 -1.58699
0.0594605 -0.025413 0.648015 -3.34457
0.0470766 -0.0198512 0.459358 -1.57124
0.0470766 -0.0198512 0.459358 -1.57124
0.0625852 -0.0230225 0.6567 -3.51471
0.0631159 -0.0251246 0.666686 -3.37566
0.0311206 -0.0145167 0.32612 -0.550485
0.0243721 -0.0137407 0.305532 0.0117451
0.0453636 -0.0228446 0.483917 -1.72599
0.0512224 -0.0219631 0.506705 -1.71512
0.0562277 -0.0220691 0.544522 -2.11033
0.055911 -0.0257345 0.625788 -3.2832
0.0428342 -0.0256175 0.49439 -1.59071
0.0327631 -0.0209678 0.405399 -0.933829
0.044834 -0.0166415 0.415335 -0.861648
0.0453189 -0.0173205 0.4356 -1.11745
0.0739242 -0.0256757 0.751716 -3.84907
0.0203707 -0.0125944 0.26775 0.00879816
0.0467797 -0.0199006 0.468533 -1.81191
0.0574785 -0.0225916 0.583824 -2.98674
0.0470766 -0.0198512 0.459358 -1.57124
0.0470766 -0.0198512 0.459358 -1.57124
0.195421 -0.0383512 -0.00696511 -0.190528
0.0791559 -0.0277373 0.774333 -3.48239
0.049463 -0.022796 0.506978 -1.29859
0.0629536 -0.0251259 0.625902 -2.3191
0.233429 -0.0439838 0.0261261 -0.269094
0.0285622 -0.0185529 0.365404 -0.405696
0.0352176 -0.0208158 0.430506 -1.16419
0.0352176 -0.0208158 0.430506 -1.16419
0.0321275 -0.00973608 0.302968 0.0130521
0.0453189 -0.0173205 0.4356 -1.11745
0.0536423 -0.0190393 0.482842 -1.58699
0.0531744 -0.0226117 0.560298 -2.9021
0.0311206 -0.0145167 0.32612 -0.550485
0.0755904 -0.0283658 0.804462 -4.05165
0.0457783 -0.0191587 0.449912 -1.00678
0.0613372 -0.0223704 0.577465 -2.10861
0.0394 -0.0201091 0.428817 -0.981179
0.0480141 -0.0221594 0.481032 -1.45796
0.0278227 -0.0185802 0.365277 -0.491602
0.0299799 -0.0156497 0.349903 -0.414112
0.0385757 -0.0204419 0.444195 -1.19711
0.032074 -0.0181852 0.376186 -0.430863
0.0424136 -0.0234762 0.481453 -1.25409
0.0366159 -0.0166845 0.363666 -0.584362
0.0355783 -0.0113471 0.341837 0.0164704
0.0552123 -0.0196755 0.506488 -1.39616
0.240683 -0.0417081 -0.0139965 -0.268994
0.0566101 -0.0258004 0.614115 -2.96341
0.0504209 -0.019472 0.471808 -1.58501
0.0684098 -0.0251035 0.67135 -3.09517
0.0684098 -0.0251035 0.67135 -3.09517
0.0613372 -0.0223704 0.577465 -2.10861
0.0419088 -0.0200406 0.457157 -1.22448
0.0700556 -0.0259099 0.73 -3.80112
0.0558615 -0.025786 0.594964 -2.2712
0.0419088 -0.0200406 0.457157 -1.22448
0.0512224 -0.0219631 0.506705 -1.71512
0.0524952 -0.0258853 0.559567 -1.94056
0.20271 -0.0406695 0.0311106 -0.209869
0.0631159 -0.0251246 0.666686 -3.37566
0.0276881 -0.00843223 0.27716 0.407694
0.203546 -0.0349273 0.227498 -0.25483
0.0665023 -0.0146386 0.506374 -0.770132
0.0574099 -0.0183808 0.5043 -0.82177
0.222301 -0.0362875 0.0967885 -0.251303
0.0631159 -0.0251246 0.666686 -3.37566
0.0403161 -0.0168661 0.393778 -1.23486
0.0504209 -0.019472 0.471808 -1.58501
0.0483986 -0.0225478 0.499447 -1.74704
0.216528 -0.0406486 0.0317977 -0.22953
0.221793 -0.0412191 0.00890459 -0.239193
0.0677857 -0.0274281 0.686606 -2.51083
0.0356029 -0.017817 0.38681 -0.454238
