0.0513365 -0.00420616 0.35087 0.0190954
0.0610577 -0.0110824 0.483379 -0.756531
0.0605072 -0.0132369 0.495853 -1.11088
-0.223065 0.00513883 0.016386 1.95097
-2.02065 0.14175 8.96027 -3.04165
0.0813042 -0.00849779 0.519188 -1.32106
0.0440561 -0.00736667 0.391612 -0.292853
0.0802489 -0.0114809 0.533181 -1.26825
0.0551063 -0.00614397 0.422438 -0.285302
0.283757 -0.0382963 0.0197745 -0.364091
0.0625949 -0.0103982 0.4503 -0.421086
-0.107445 -0.00661015 -0.564526 -5.68527
-0.220328 0.0046081 0.015496 1.93395
0.0832511 -0.0146086 0.590136 -1.89978
0.0688018 -0.00685433 0.460855 -0.904065
0.0594415 -0.00927683 0.494644 -0.727897
0.0509086 -0.00426627 0.323729 0.237722
0.0745299 -0.0148676 0.545847 -1.36882
0.223092 -0.0332799 0.0816949 -0.242921
-6.86657 0.464559 54.1898 -6.77572
7.33384 -0.526029 -70.6508 -9.65246
0.242079 -0.0307647 0.05935 -0.262608
0.0635825 -0.0158036 0.506243 -1.29598
0.054141 -0.00540106 0.385714 -0.272506
0.0729055 -0.0120849 0.506093 -1.21234
0.0616895 -0.00677487 0.401176 -0.521168
0.280272 -0.0384988 -0.00824335 -0.32174
0.703893 -0.132286 -0.874988 -1.75297
-3.46101 0.244039 24.8483 -5.71004
0.0692814 -0.012787 0.536669 -0.901669
0.0601751 -0.00823121 0.459349 -0.321545
0.0910881 -0.0139651 0.60896 -1.54233
0.056714 -0.00820974 0.414361 -0.387761
0.0531522 -0.00857342 0.403802 -0.365202
0.0433376 -0.00734475 0.339326 0.0173659
0.0776303 -0.0123396 0.546565 -1.12035
0.0672352 -0.0148609 0.481652 -1.28305
0.069327 -0.0126858 0.505968 -1.39483
0.0344829 -0.00560145 0.267273 0.0108722
0.0476001 -0.00828368 0.359961 -0.437061
0.075335 -0.0117734 0.529867 -1.4136
0.0832588 -0.0150679 0.615707 -1.82418
0.0488111 -0.00488547 0.34448 0.0185021
0.0792557 -0.0149736 0.574624 -1.62302
0.0558432 -0.00331671 0.364841 0.0208612
0.0619416 -0.0104519 0.450136 -0.491311
0.0638892 -0.00748436 0.435162 -0.429254
0.0624969 -0.00712712 0.434632 -0.339211
0.227072 -0.0305035 0.0471723 -0.241873
0.047507 -0.00867372 0.394844 -0.334094
0.0401267 -0.0065978 0.314522 0.0150978
0.0568061 -0.00457377 0.364417 -0.402318
0.0423063 -0.00443252 0.300616 0.0141132
0.0525809 -0.00495882 0.353232 -0.461116
0.224694 -0.0344669 -0.00992403 -0.22148
0.0682127 -0.0122704 0.49729 -1.87465
0.0663608 -0.00977361 0.482749 -1.01185
0.0706372 -0.00949164 0.480209 -1.24988
0.0650356 -0.00904217 0.451346 -1.10467
0.287793 -0.0393569 -0.0367091 -0.334895
0.0725736 -0.0122786 0.517476 -1.40315
0.0779969 -0.0184935 0.630156 -1.94865
0.0745299 -0.0148676 0.545847 -1.36882
0.0617422 -0.00766294 0.436541 -0.844547
0.0496334 -0.00756478 0.371239 -0.360789
0.0558017 -0.0109777 0.446239 -0.92952
0.0686288 -0.0145624 0.51694 -1.71077
0.0643436 -0.00656896 0.416345 -0.956905
0.0525809 -0.00495882 0.353232 -0.461116
0.0498856 -0.00239699 0.319836 0.0161181
0.0535021 -0.01311 0.428041 -0.977826
0.0361359 0.00014889 0.252305 0.385224
0.075335 -0.0117734 0.529867 -1.4136
0.0888108 -0.017548 0.6765 -2.02857
0.0934126 -0.0194093 0.716243 -2.32326
0.266936 -0.0381682 0.0405465 -0.331577
0.0561789 -0.00826643 0.413789 -0.46173
0.0555291 -0.00748152 0.379194 -0.392002
0.0485805 -0.00402744 0.330548 0.0169298
0.0725736 -0.0122786 0.517476 -1.40315
0.0488111 -0.00488547 0.34448 0.0185021
0.0634998 -0.00997632 0.460588 -0.826938
0.0646052 -0.012476 0.492623 -0.945732
0.0698504 -0.00968115 0.470916 -0.458363
0.0700772 -0.00936774 0.492961 -1.02662
0.0876467 -0.0143697 0.597113 -1.53099
0.289509 -0.0424657 -0.0419233 -0.351891
0.0792557 -0.0149736 0.574624 -1.62302
0.066843 -0.00954606 0.471632 -0.845497
0.0656406 -0.00692642 0.435994 -0.700857
0.0765735 -0.0117827 0.519659 -1.2409
0.0500259 -0.00583284 0.361504 0.0201158
0.0589765 -0.00857212 0.440382 -0.210316
0.0615041 -0.010049 0.448023 -0.32735
0.0912061 -0.0167917 0.685673 -2.39157
0.0684752 -0.0100745 0.496905 -0.66676
0.0737444 -0.0148545 0.552305 -1.52605
0.0754331 -0.0153767 0.576853 -2.10669
0.0263893 -0.00226706 0.245471 0.501135
0.0936157 -0.0175544 0.727688 -2.86987
0.0657699 -0.0130055 0.492475 -1.36925
0.046136 -0.0021224 0.296287 0.013984
0.0614402 -0.0188323 0.546912 -2.26692
0.0456357 -0.00574962 0.333083 -0.417043
0.0474672 -0.00328427 0.35095 -0.310846
0.0739054 -0.0113883 0.519898 -1.85142
0.0600635 -0.00722831 0.416379 -1.12866
0.0511095 -0.00790703 0.370408 -0.460187
0.255398 -0.0346266 0.0488364 -0.297711
0.0601089 -0.0103896 0.449163 -0.804931
0.0418209 -0.00144651 0.276813 0.408733
0.0496904 -0.00435384 0.341356 0.0181142
0.049103 -0.00535446 0.343214 -0.439898
0.055641 -0.0100669 0.402808 -0.833142
0.0376012 -0.00727693 0.30813 0.0143361
0.0533226 -0.00494199 0.353444 -0.375055
0.0618659 -0.00953694 0.44116 -1.09583
0.0650356 -0.00904217 0.451346 -1.10467
0.0478464 -0.0110662 0.38895 -0.953043
0.0437189 -0.00342507 0.296159 0.0137067
0.0600635 -0.00722831 0.416379 -1.12866
0.049103 -0.00535446 0.343214 -0.439898
0.0613422 -0.00985307 0.454446 -1.30794
0.0397792 -0.00511061 0.294201 0.0134343
0.0496904 -0.00435384 0.341356 0.0181142
0.0896661 -0.0213702 0.803813 -4.04989
0.0460551 -0.00470666 0.324155 0.0162606
0.0862061 -0.0178265 0.688098 -3.11635
0.0404179 -0.00374024 0.275717 0.265009
0.0531145 -0.00680644 0.348065 -0.50864
0.0414285 -0.00496527 0.303767 0.0144205
0.0485805 -0.00402744 0.330548 0.0169298
0.0546294 -0.00753021 0.380753 -0.481831
0.0404263 0.000843334 0.255451 0.443822
0.0334258 -0.00810109 0.292163 0.012578
0.0600635 -0.00722831 0.416379 -1.12866
0.10351 -0.021429 0.904233 -4.22448
0.0912061 -0.0167917 0.685673 -2.39157
0.0616895 -0.00677487 0.401176 -0.521168
0.0488111 -0.00488547 0.34448 0.0185021
0.0650356 -0.00904217 0.451346 -1.10467
0.069327 -0.0126858 0.505968 -1.39483
0.0555291 -0.00748152 0.379194 -0.392002
0.221307 -0.0298827 0.0707863 -0.230798
0.260949 -0.0348412 0.00187695 -0.275974
0.0629857 -0.00899366 0.412937 -0.696439
0.0448339 -0.00375473 0.307038 0.0147156
0.0936157 -0.0175544 0.727688 -2.86987
0.0609858 -0.00698212 0.404245 -0.929584
0.0678996 -0.00900384 0.479661 -1.35227
0.0513669 -0.0107694 0.404591 -1.00804
0.241399 -0.0310112 -0.00112634 -0.235117
0.0498856 -0.00239699 0.319836 0.0161181
0.0512998 -0.00139057 0.315402 0.0156246
0.0601089 -0.0103896 0.449163 -0.804931
0.0460551 -0.00470666 0.324155 0.0162606
0.0654212 -0.00876632 0.437607 -0.901038
0.0531522 -0.00857342 0.403802 -0.365202
0.0827196 -0.0150707 0.634971 -2.52185
0.0555291 -0.00748152 0.379194 -0.392002
0.0788533 -0.0152793 0.612701 -2.44661
0.0650356 -0.00904217 0.451346 -1.10467
0.0412395 -0.00692617 0.325372 0.0161839
0.0729055 -0.0120849 0.506093 -1.21234
0.0533226 -0.00494199 0.353444 -0.375055
0.0568061 -0.00457377 0.364417 -0.402318
0.0377858 -0.00531321 0.286465 0.0127075
0.0437189 -0.00342507 0.296159 0.0137067
0.0650356 -0.00904217 0.451346 -1.10467
0.0594422 -0.00506928 0.407957 -0.835569
0.0650356 -0.00904217 0.451346 -1.10467
0.0650356 -0.00904217 0.451346 -1.10467
0.0448339 -0.00375473 0.307038 0.0147156
0.0511095 -0.00790703 0.370408 -0.460187
0.0581568 -0.00715288 0.391004 -0.502112
0.0546294 -0.00753021 0.380753 -0.481831
0.0710414 -0.0116361 0.49352 -1.58898
0.0388048 -0.00127802 0.252764 0.301996
0.0547944 -0.0104095 0.418174 -1.0451
0.0800963 -0.0114362 0.529903 -1.72102
0.049103 -0.00535446 0.343214 -0.439898
0.0450206 -0.00179235 0.2854 0.0129377
0.067104 -0.0155676 0.557228 -2.87504
0.0397215 -0.00228141 0.258435 0.0104972
0.050975 -0.00498556 0.347108 -0.812984
0.066195 -0.00948412 0.453504 -1.65079
0.0521125 -0.00673104 0.345844 -0.588583
0.0645366 -0.0125888 0.482821 -1.84454
0.0477912 -0.00505701 0.34467 -0.341252
0.0456357 -0.00574962 0.333083 -0.417043
0.0665424 -0.00940059 0.442865 -1.40939
0.0950455 -0.0183908 0.862007 -4.72161
0.0423063 -0.00443252 0.300616 0.0141132
0.0532705 -0.0104576 0.396727 -0.474037
0.0496607 -0.00718573 0.337335 -0.483602
0.0491153 -0.00355233 0.329233 0.0168877
0.069568 -0.00929453 0.480887 -1.96146
0.0475491 -0.0011152 0.291836 0.0135222
0.0419616 -0.0115918 0.364672 -0.489362
0.0566382 -0.00758995 0.402593 -1.09045
0.0347612 0.0010945 0.212699 0.495254
0.0472313 -0.00287258 0.317304 -0.427302
0.0566382 -0.00758995 0.402593 -1.09045
0.0547944 -0.0104095 0.418174 -1.0451
0.0581305 -0.00530974 0.399028 -0.395257
0.0581548 -0.00799656 0.423685 -0.811228
0.0616895 -0.00677487 0.401176 -0.521168
0.0706372 -0.00949164 0.480209 -1.24988
0.0468247 -0.00355072 0.314745 0.0155201
0.046246 -0.002747 0.302575 0.0143657
0.0788533 -0.0152793 0.612701 -2.44661
0.0512998 -0.00139057 0.315402 0.0156246
0.049103 -0.00535446 0.343214 -0.439898
0.0581568 -0.00715288 0.391004 -0.502112
0.0419616 -0.0115918 0.364672 -0.489362
0.0605554 -0.00944775 0.43733 -1.5746
0.086853 -0.0146625 0.672268 -3.26087
0.0581568 -0.00715288 0.391004 -0.502112
0.0581568 -0.00715288 0.391004 -0.502112
0.0448339 -0.00375473 0.307038 0.0147156
0.048773 -0.00206887 0.30899 0.0149999
0.0618659 -0.00953694 0.44116 -1.09583
0.046246 -0.002747 0.302575 0.0143657
0.0827488 -0.0147829 0.645981 -3.16086
0.0535217 -0.00204474 0.337048 0.0179535
0.070144 -0.00910189 0.482354 -0.861114
0.0782073 -0.0145588 0.558969 -1.39121
0.0901003 -0.0135864 0.591097 -1.3146
0.0568061 -0.00457377 0.364417 -0.402318
0.0708534 -0.0056671 0.438736 -0.994109
0.0395403 -0.00424744 0.28015 0.0121453
0.0475491 -0.0011152 0.291836 0.0135222
0.0742692 -0.00924751 0.497595 -1.43813
0.0676298 -0.00612915 0.427821 -0.978162
0.054141 -0.00540106 0.385714 -0.272506
0.0807001 -0.0121946 0.576654 -2.2277
0.0686043 -0.00830547 0.448514 -0.916662
0.0502257 -0.00387911 0.340049 0.0180413
0.048773 -0.00206887 0.30899 0.0149999
0.0706372 -0.00949164 0.480209 -1.24988
0.0560463 -0.00136499 0.343429 0.0186273
0.0576906 -0.00121615 0.352915 0.0197427
0.0642359 -0.00516854 0.447546 -0.674083
0.073532 -0.00687922 0.495543 -0.720009
0.289013 -0.0304982 0.0655677 -0.34327
0.0764161 -0.00552358 0.558969 -0.71087
0.078138 -0.0121239 0.535264 -0.965384
0.0856486 -0.00440721 0.503555 -0.820543
0.0502653 0.00152382 0.276645 0.0120822
0.082575 -0.014789 0.611298 -2.18246
0.0365439 0.00514916 0.197099 0.642579
0.0491808 -0.00215287 0.329276 -0.348231
0.0773618 -0.00808181 0.494752 -0.751721
0.0929593 -0.0171009 0.676396 -1.84285
0.0813248 -0.012035 0.559732 -1.14597
0.0383957 0.0062668 0.226409 0.761795
