0.03619 -0.00828542 0.312609 0.014594
0.0454693 -0.0112066 0.374772 -0.509352
0.0502221 -0.0135528 0.41665 -0.95721
-1.17115 0.150793 1.33282 0.46135
-0.523518 0.080542 0.781703 0.0288053
0.0692451 -0.0123874 0.492473 -1.18243
0.0429032 -0.00657143 0.354343 -0.27455
0.0580453 -0.0134031 0.472114 -0.92208
0.0532705 -0.0104576 0.396727 -0.474037
0.0583284 -0.0131162 0.459653 -0.749978
0.0494464 -0.0111885 0.420997 -0.350274
-1.82439 0.231151 3.7063 -0.886978
-0.118292 -0.0410033 0.619598 0.198603
0.0476299 -0.0146527 0.436993 -0.845794
0.0414135 -0.00951472 0.371702 -0.282082
0.0555644 -0.0130152 0.422569 -0.485016
0.0475788 -0.0137655 0.401632 -0.522585
0.0476299 -0.0146527 0.436993 -0.845794
0.0333557 -0.0102732 0.351328 -0.311953
0.0497331 -0.0108274 0.386236 -0.452221
-0.686881 0.0547477 3.93833 -3.04237
0.0655914 -0.0126899 0.478779 -1.15092
0.0384785 -0.00674398 0.304973 0.0140773
0.0476001 -0.00828368 0.359961 -0.437061
0.0567191 -0.0126449 0.438863 -0.993104
0.0414135 -0.00951472 0.371702 -0.282082
0.0489817 -0.0108215 0.384817 -0.528219
0.0245887 -0.0129161 0.444836 -0.546652
0.0293154 -0.00263991 0.2546 0.697083
0.0435689 -0.00820323 0.353269 0.0188168
0.0390232 -0.00639613 0.326508 0.260466
0.0806337 -0.0178352 0.64233 -2.34975
0.0502221 -0.0135528 0.41665 -0.95721
0.0502221 -0.0135528 0.41665 -0.95721
0.0346528 -0.00905687 0.309359 0.0138627
0.0635825 -0.0158036 0.506243 -1.29598
0.0547944 -0.0104095 0.418174 -1.0451
0.0513669 -0.0107694 0.404591 -1.00804
0.0403579 -0.0108612 0.332273 -0.519366
0.0350714 -0.00914261 0.329659 -0.34946
0.0465392 -0.00796613 0.359336 -0.331772
0.0410043 -0.00606509 0.311371 0.0148148
0.0635825 -0.0158036 0.506243 -1.29598
0.0648116 -0.0184251 0.542745 -1.4318
0.0616732 -0.0126976 0.470915 -0.770259
0.0583284 -0.0131162 0.459653 -0.749978
0.0460903 -0.00752137 0.359604 0.0196738
0.0462876 -0.00556593 0.338115 0.0177397
0.0468694 -0.0139686 0.404622 -0.930441
0.0367015 -0.0116271 0.35685 -0.371365
0.0459482 -0.014216 0.416806 -1.12978
0.0535021 -0.01311 0.428041 -0.977826
0.0441056 -0.00866055 0.349395 -0.412294
0.0526954 -0.013449 0.443564 -1.19504
0.0321607 -0.00958459 0.317905 -0.319019
0.0350714 -0.00914261 0.329659 -0.34946
0.0567191 -0.0126449 0.438863 -0.993104
0.0489817 -0.0108215 0.384817 -0.528219
0.0560283 -0.0130482 0.456538 -1.22251
0.0406319 -0.00903814 0.338689 -0.385694
0.0546838 -0.0138388 0.461159 -0.904384
0.0382908 -0.00870576 0.326597 0.0157292
0.0453895 -0.0108748 0.373324 -0.320149
0.0497331 -0.0108274 0.386236 -0.452221
0.0424727 -0.0134165 0.359074 -0.533156
0.0321961 -0.00714366 0.274933 0.0113451
0.0557747 -0.0161654 0.468876 -1.69059
0.0384785 -0.00674398 0.304973 0.0140773
0.0547944 -0.0104095 0.418174 -1.0451
0.0441056 -0.00866055 0.349395 -0.412294
0.0478464 -0.0110662 0.38895 -0.953043
0.0344829 -0.00560145 0.267273 0.0108722
0.0531412 -0.011123 0.423675 -0.739978
0.0672779 -0.0157073 0.530735 -1.5235
0.0410043 -0.00606509 0.311371 0.0148148
0.0384785 -0.00674398 0.304973 0.0140773
0.0414135 -0.00951472 0.371702 -0.282082
0.0359523 -0.00742265 0.29857 0.0133315
0.0441056 -0.00866055 0.349395 -0.412294
0.0384785 -0.00674398 0.304973 0.0140773
0.0404712 -0.0126721 0.389121 -0.374494
0.0400257 -0.0123904 0.38614 -0.273766
0.0400257 -0.0123904 0.38614 -0.273766
0.0566668 -0.0107834 0.437329 -0.779151
0.221307 -0.0298827 0.0707863 -0.230798
0.0568168 -0.0100867 0.407098 -0.494403
0.0497331 -0.0108274 0.386236 -0.452221
0.0408144 -0.00802539 0.332964 0.0165518
0.0635825 -0.0158036 0.506243 -1.29598
0.0593411 -0.0126394 0.469278 -1.24704
0.0476001 -0.00828368 0.359961 -0.437061
0.0484571 -0.0137462 0.40145 -0.442614
0.051156 -0.0115587 0.419924 -0.437333
0.0592927 -0.0156358 0.493269 -0.875368
0.0424595 -0.0078771 0.342468 0.0176559
0.0424595 -0.0078771 0.342468 0.0176559
0.0323087 -0.00777018 0.281256 0.0116227
0.0270657 -0.00504346 0.232086 0.422177
0.0308989 -0.00877932 0.285752 0.0118171
0.0547944 -0.0104095 0.418174 -1.0451
0.0384785 -0.00674398 0.304973 0.0140773
0.0513669 -0.0107694 0.404591 -1.00804
0.0408616 -0.0117511 0.362143 -0.872325
0.0468694 -0.0139686 0.404622 -0.930441
0.036592 -0.0061817 0.311493 -0.33913
0.066542 -0.0155525 0.548189 -2.42411
0.0452364 -0.00752662 0.325643 -0.548645
0.0350714 -0.00914261 0.329659 -0.34946
0.0414135 -0.00951472 0.371702 -0.282082
0.0502221 -0.0135528 0.41665 -0.95721
0.0359523 -0.00742265 0.29857 0.0133315
0.0535021 -0.01311 0.428041 -0.977826
0.0281289 -0.00859169 0.265226 0.00998844
0.0283717 -0.00945732 0.279336 0.0110481
0.029781 -0.00844784 0.274832 0.0108918
0.0361347 -0.00545752 0.276875 0.0117742
0.038663 -0.00478018 0.283305 0.0124324
0.0608591 -0.0129038 0.467875 -1.80874
0.0267433 -0.00559056 0.240821 0.301746
0.0594397 -0.0158467 0.483269 -1.72305
0.0478464 -0.0110662 0.38895 -0.953043
0.0478257 -0.0113711 0.399649 -1.17025
0.0478464 -0.0110662 0.38895 -0.953043
0.0296678 -0.00782093 0.268501 0.0106333
0.0286523 -0.00368267 0.247956 0.421738
0.0332425 -0.0100657 0.313848 0.014058
0.0350714 -0.00914261 0.329659 -0.34946
0.0406319 -0.00903814 0.338689 -0.385694
0.0229245 -0.00575976 0.228677 0.35565
0.0331234 -0.00986181 0.31767 -0.428465
0.0350714 -0.00914261 0.329659 -0.34946
0.0359523 -0.00742265 0.29857 0.0133315
0.0421849 -0.00614507 0.322827 -0.392401
0.036592 -0.0061817 0.311493 -0.33913
0.0403579 -0.0108612 0.332273 -0.519366
0.0336062 -0.00613466 0.27044 0.011108
0.0531412 -0.011123 0.423675 -0.739978
0.0414135 -0.00951472 0.371702 -0.282082
0.0414135 -0.00951472 0.371702 -0.282082
0.0373632 -0.0064142 0.29409 0.0130613
0.0454693 -0.0112066 0.374772 -0.509352
0.0371778 -0.00837739 0.315745 0.0146649
0.0368293 -0.00688974 0.295411 0.0130877
0.0513669 -0.0107694 0.404591 -1.00804
0.0367015 -0.0116271 0.35685 -0.371365
0.0333557 -0.0102732 0.351328 -0.311953
0.0359523 -0.00742265 0.29857 0.0133315
0.0567191 -0.0126449 0.438863 -0.993104
0.0537052 -0.0101158 0.403567 -1.45543
0.0535767 -0.0135252 0.436234 -1.71704
0.0296726 -0.00505764 0.233907 0.00841689
0.0319537 -0.00627818 0.260829 0.0102227
0.0667085 -0.0154198 0.530537 -2.09363
0.0513669 -0.0107694 0.404591 -1.00804
0.0359523 -0.00742265 0.29857 0.0133315
0.0348361 -0.0070923 0.287675 0.0123458
0.0368293 -0.00688974 0.295411 0.0130877
0.0371778 -0.00837739 0.315745 0.0146649
0.03619 -0.00828542 0.312609 0.014594
0.0359523 -0.00742265 0.29857 0.0133315
0.0321607 -0.00958459 0.317905 -0.319019
0.0350714 -0.00914261 0.329659 -0.34946
0.0459482 -0.014216 0.416806 -1.12978
0.03619 -0.00828542 0.312609 0.014594
0.0399648 -0.0031474 0.272548 0.0115375
0.0526954 -0.013449 0.443564 -1.19504
0.0443696 -0.0114147 0.375612 -0.91413
0.0348361 -0.0070923 0.287675 0.0123458
0.0336214 -0.0048581 0.259237 0.242567
0.0513669 -0.0107694 0.404591 -1.00804
0.0454693 -0.0112066 0.374772 -0.509352
0.0350714 -0.00914261 0.329659 -0.34946
0.0336062 -0.00613466 0.27044 0.011108
0.0323087 -0.00777018 0.281256 0.0116227
0.0478464 -0.0110662 0.38895 -0.953043
0.0177266 -0.00129536 0.194234 0.698481
0.0443696 -0.0114147 0.375612 -0.91413
0.0321607 -0.00958459 0.317905 -0.319019
0.0317754 -0.00824598 0.282582 0.0116219
0.0406319 -0.00903814 0.338689 -0.385694
0.0451184 -0.00831216 0.355651 -0.908224
0.041805 -0.00792388 0.31543 -0.526382
0.0408616 -0.0117511 0.362143 -0.872325
0.0408616 -0.0117511 0.362143 -0.872325
0.027761 -0.00443324 0.211922 0.296702
0.0323737 -0.00517544 0.253172 0.00992152
0.0450175 -0.0103749 0.37225 -1.32218
0.0285482 -0.00748835 0.257558 0.00975283
0.0294164 -0.00504713 0.25109 0.268323
0.0321607 -0.00958459 0.317905 -0.319019
0.0400289 -0.00905642 0.33755 -0.472132
0.0361347 -0.00545752 0.276875 0.0117742
0.0243036 -0.00575518 0.227484 0.422693
0.0232499 -0.00318085 0.197393 0.517993
0.0310773 -0.0068116 0.264001 0.0104342
0.0434968 -0.00865419 0.347368 -0.491794
0.036592 -0.0061817 0.311493 -0.33913
0.036592 -0.0061817 0.311493 -0.33913
0.0485531 -0.013649 0.420269 -1.64315
0.0310773 -0.0068116 0.264001 0.0104342
0.0296726 -0.00505764 0.233907 0.00841689
0.0383993 -0.00829433 0.304225 -0.495507
0.0307198 -0.00531782 0.243538 0.00908811
0.0242221 -0.00484518 0.206461 0.303865
0.0410043 -0.00606509 0.311371 0.0148148
0.0454693 -0.0112066 0.374772 -0.509352
0.0384785 -0.00674398 0.304973 0.0140773
0.0653347 -0.0149758 0.506321 -1.71472
0.0443696 -0.0114147 0.375612 -0.91413
0.0350714 -0.00914261 0.329659 -0.34946
0.0419616 -0.0115918 0.364672 -0.489362
0.0507356 -0.00969402 0.363125 -0.58231
0.0346604 -0.00363309 0.245509 0.00939006
0.0349037 -0.00449918 0.259625 0.0105378
0.0349666 -0.00871721 0.294689 -0.476067
0.0308337 -0.00594545 0.249881 0.00935369
0.0344829 -0.00560145 0.267273 0.0108722
0.0406319 -0.00903814 0.338689 -0.385694
0.0513669 -0.0107694 0.404591 -1.00804
0.0443696 -0.0114147 0.375612 -0.91413
0.0347241 -0.00646618 0.28136 0.0120494
0.0365693 -0.00945868 0.327653 -0.451053
0.0350714 -0.00914261 0.329659 -0.34946
0.0337723 -0.00665805 0.300293 -0.311549
0.0462079 -0.0111961 0.375607 -0.428801
0.0535021 -0.01311 0.428041 -0.977826
0.0410043 -0.00606509 0.311371 0.0148148
0.0429032 -0.00657143 0.354343 -0.27455
0.057247 -0.00984409 0.422663 -1.53634
0.0273361 -0.00114315 0.219862 0.49842
0.0308337 -0.00594545 0.249881 0.00935369
0.0321961 -0.00714366 0.274933 0.0113451
0.0336214 -0.0048581 0.259237 0.242567
0.0370117 -0.00492453 0.273713 0.0115138
0.0489817 -0.0108215 0.384817 -0.528219
0.0406319 -0.00903814 0.338689 -0.385694
0.0513669 -0.0107694 0.404591 -1.00804
0.0478464 -0.0110662 0.38895 -0.953043
0.0336062 -0.00613466 0.27044 0.011108
0.0361347 -0.00545752 0.276875 0.0117742
0.0441056 -0.00866055 0.349395 -0.412294
0.0395925 -0.00707304 0.315839 0.0151281
0.0437637 -0.00624617 0.331745 0.0169664
0.0531412 -0.011123 0.423675 -0.739978
0.0786613 -0.00803121 0.485649 -0.628087
0.0776303 -0.0123396 0.546565 -1.12035
0.0522136 -0.00367317 0.347718 0.018874
0.0892504 -0.0173907 0.660532 -1.81146
0.0572035 -0.0132171 0.452365 -1.76642
0.0478464 -0.0110662 0.38895 -0.953043
0.0289833 -0.00235058 0.22026 0.427589
0.0380702 -0.00654634 0.3111 -0.457197
0.0672154 -0.0154895 0.519495 -1.32134
0.0547944 -0.0104095 0.418174 -1.0451
0.0410043 -0.00606509 0.311371 0.0148148
0.0476001 -0.00828368 0.359961 -0.437061
