0.0299799 -0.0156497 0.349903 -0.414112
0.0270758 -0.0110939 0.290172 0.0114073
0.0328462 -0.0152408 0.357617 -0.51193
4.4726 -0.302604 -41.4646 -8.30387
0.234361 -0.0806595 0.0388124 2.20553
0.068465 -0.0217787 0.611818 -2.18346
0.0308989 -0.00877932 0.285752 0.0118171
0.0308989 -0.00877932 0.285752 0.0118171
0.0296019 -0.0104151 0.296573 0.0122338
0.0296019 -0.0104151 0.296573 0.0122338
0.0552123 -0.0196755 0.506488 -1.39616
0.164858 -0.0685099 -0.024254 3.4204
-1.10166 0.136314 1.30829 0.386679
0.0259578 -0.0107624 0.279251 0.0104975
0.0615599 -0.0227179 0.602643 -2.46732
0.0459482 -0.014216 0.416806 -1.12978
0.0311206 -0.0145167 0.32612 -0.550485
0.0195059 -0.0118478 0.259599 0.241238
0.0207294 -0.0140889 0.28823 0.00990959
-8.69896 0.578346 69.8494 -7.04341
0.0364347 -0.0160296 0.409426 -1.05395
0.0459482 -0.014216 0.416806 -1.12978
0.0256002 -0.00926871 0.258789 0.00926612
0.0306894 -0.0124664 0.333103 -0.311431
0.0439092 -0.0172505 0.441824 -1.28149
0.0254251 -0.0112386 0.280586 0.0104483
0.0315201 -0.0127391 0.333519 -0.418554
0.18027 -0.0344012 0.00928186 -0.16085
0.0615599 -0.0227179 0.602643 -2.46732
0.0516586 -0.0199968 0.49305 -1.371
0.038472 -0.0119487 0.353637 -0.462405
0.068465 -0.0217787 0.611818 -2.18346
0.0209028 -0.012118 0.266411 0.00887652
0.0293712 -0.0156434 0.347889 -0.49371
0.0265041 -0.016027 0.3392 -0.387561
0.0270758 -0.0110939 0.290172 0.0114073
0.0280145 -0.0116955 0.297246 -0.508677
0.0354842 -0.0152065 0.373178 -0.990811
0.0206043 -0.0107098 0.247437 0.00796707
0.024793 -0.0121524 0.287611 -0.490379
0.0296019 -0.0104151 0.296573 0.0122338
0.0306894 -0.0124664 0.333103 -0.311431
0.03699 -0.0148969 0.370901 -0.461871
0.0245494 -0.0117724 0.283767 0.0105716
0.0564011 -0.0223011 0.542682 -1.52874
0.0376231 -0.0170922 0.397568 -0.377434
0.0405132 -0.0145204 0.381234 -0.483429
0.0509125 -0.0160266 0.451683 -1.105
0.0169681 -0.0138064 0.264522 0.0080027
0.0196573 -0.0136478 0.300733 -0.313247
0.0169681 -0.0138064 0.264522 0.0080027
0.0280666 -0.0131343 0.323275 -0.394009
0.0205669 -0.0106397 0.284702 -0.307679
0.0219082 -0.0090634 0.236372 0.00767946
0.0183697 -0.0122684 0.25519 0.00801043
0.0194956 -0.0131286 0.270942 0.00887044
0.0390597 -0.0149263 0.389103 -1.05049
0.02672 -0.00960132 0.269735 0.0101245
0.0258442 -0.0101351 0.272915 0.0102708
0.0228981 -0.0119166 0.274171 0.00962824
0.0345596 -0.0141193 0.336241 -0.571039
0.0228981 -0.0119166 0.274171 0.00962824
0.0280666 -0.0131343 0.323275 -0.394009
0.0258442 -0.0101351 0.272915 0.0102708
0.0178429 -0.013272 0.261325 0.00795696
0.0194956 -0.0131286 0.270942 0.00887044
0.0194956 -0.0131286 0.270942 0.00887044
0.0280666 -0.0131343 0.323275 -0.394009
0.0242344 -0.0103437 0.296677 -0.353527
0.0256002 -0.00926871 0.258789 0.00926612
0.0224772 -0.0131714 0.311931 -0.340753
0.0319805 -0.0155413 0.359598 -0.949177
0.0296019 -0.0104151 0.296573 0.0122338
0.0349906 -0.0123441 0.343636 -0.441305
0.03699 -0.0148969 0.370901 -0.461871
0.0334772 -0.0152732 0.360463 -0.438819
0.0245494 -0.0117724 0.283767 0.0105716
0.0293712 -0.0156434 0.347889 -0.49371
0.0245494 -0.0117724 0.283767 0.0105716
0.0258442 -0.0101351 0.272915 0.0102708
0.0108974 -0.0108241 0.233547 0.488032
0.0490034 -0.0227532 0.517199 -2.07606
0.0206153 -0.0134612 0.281886 0.00972607
0.0280111 -0.0133903 0.322784 0.0136634
0.0262979 -0.0107297 0.2761 0.263675
0.0286114 -0.00806783 0.262768 0.26718
0.0257802 -0.0127306 0.301013 0.0117099
0.0256673 -0.0121038 0.294686 0.0114867
0.0258442 -0.0101351 0.272915 0.0102708
0.0274956 -0.00999112 0.282514 0.0112094
0.0270758 -0.0110939 0.290172 0.0114073
0.0224772 -0.0131714 0.311931 -0.340753
0.0270758 -0.0110939 0.290172 0.0114073
0.0299799 -0.0156497 0.349903 -0.414112
0.0334772 -0.0152732 0.360463 -0.438819
0.0328462 -0.0152408 0.357617 -0.51193
0.0268447 -0.0156438 0.346585 -0.878775
0.0183697 -0.0122684 0.25519 0.00801043
0.0196573 -0.0136478 0.300733 -0.313247
0.0254251 -0.0112386 0.280586 0.0104483
0.0205669 -0.0106397 0.284702 -0.307679
0.0230712 -0.00994551 0.252347 0.00853553
0.0183697 -0.0122684 0.25519 0.00801043
0.0180707 -0.0113783 0.240819 0.0071884
0.0230712 -0.00994551 0.252347 0.00853553
0.0233163 -0.0108126 0.26649 0.0094848
0.0236008 -0.00893646 0.246171 0.00850217
0.0206043 -0.0107098 0.247437 0.00796707
0.0233163 -0.0108126 0.26649 0.0094848
0.0196573 -0.0136478 0.300733 -0.313247
0.016144 -0.00893673 0.210541 0.541674
0.0228981 -0.0119166 0.274171 0.00962824
0.0145017 -0.0116706 0.215272 0.260565
0.0145017 -0.0116706 0.215272 0.260565
0.00912022 -0.0101661 0.197699 0.516816
0.0220227 -0.0124506 0.277357 0.00972631
0.0233163 -0.0108126 0.26649 0.0094848
0.0256002 -0.00926871 0.258789 0.00926612
0.0183697 -0.0122684 0.25519 0.00801043
0.0137441 -0.00701983 0.196258 0.492186
0.0280145 -0.0116955 0.297246 -0.508677
0.0206043 -0.0107098 0.247437 0.00796707
0.0230712 -0.00994551 0.252347 0.00853553
0.0180707 -0.0113783 0.240819 0.0071884
0.0245494 -0.0117724 0.283767 0.0105716
0.0183697 -0.0122684 0.25519 0.00801043
0.0207881 -0.0114899 0.260059 0.00868952
0.0148544 -0.00933645 0.220587 0.42639
0.0169681 -0.0138064 0.264522 0.0080027
0.0169681 -0.0138064 0.264522 0.0080027
0.0194956 -0.0131286 0.270942 0.00887044
0.0224772 -0.0131714 0.311931 -0.340753
0.0280145 -0.0116955 0.297246 -0.508677
0.0150892 -0.00678623 0.191767 0.572387
0.0180707 -0.0113783 0.240819 0.0071884
0.0206043 -0.0107098 0.247437 0.00796707
0.0380026 -0.0137217 0.346295 -0.590195
0.0309965 -0.0127404 0.330993 -0.500667
0.0315201 -0.0127391 0.333519 -0.418554
0.0280666 -0.0131343 0.323275 -0.394009
0.0180118 -0.00891311 0.230526 0.388808
0.0233163 -0.0108126 0.26649 0.0094848
0.0224772 -0.0131714 0.311931 -0.340753
0.0245494 -0.0117724 0.283767 0.0105716
0.0183697 -0.0122684 0.25519 0.00801043
0.0197633 -0.0112521 0.250627 0.00803243
0.0311206 -0.0145167 0.32612 -0.550485
0.0256002 -0.00926871 0.258789 0.00926612
0.0219082 -0.0090634 0.236372 0.00767946
0.024793 -0.0121524 0.287611 -0.490379
0.0180707 -0.0113783 0.240819 0.0071884
0.0193746 -0.0097328 0.229764 0.00696563
0.0242344 -0.0103437 0.296677 -0.353527
0.0254251 -0.0112386 0.280586 0.0104483
0.0230712 -0.00994551 0.252347 0.00853553
0.0319805 -0.0155413 0.359598 -0.949177
0.0228981 -0.0119166 0.274171 0.00962824
0.0234305 -0.0114403 0.272834 0.00969181
0.0224772 -0.0131714 0.311931 -0.340753
0.0167426 -0.0103457 0.22672 0.302077
0.00912022 -0.0101661 0.197699 0.516816
0.0276866 -0.0149137 0.315918 -0.528337
0.0178429 -0.013272 0.261325 0.00795696
0.0206043 -0.0107098 0.247437 0.00796707
0.0205669 -0.0106397 0.284702 -0.307679
0.0207881 -0.0114899 0.260059 0.00868952
0.0111344 -0.00757312 0.188863 0.504153
0.0127622 -0.00877716 0.187484 0.439855
0.0280145 -0.0116955 0.297246 -0.508677
0.0230712 -0.00994551 0.252347 0.00853553
0.0207881 -0.0114899 0.260059 0.00868952
0.0158667 -0.00831549 0.196892 0.399631
0.0183697 -0.0122684 0.25519 0.00801043
0.0145017 -0.0116706 0.215272 0.260565
0.0197633 -0.0112521 0.250627 0.00803243
0.0180707 -0.0113783 0.240819 0.0071884
0.016773 -0.00895711 0.20046 0.277529
0.00875438 -0.00804749 0.175728 0.566641
0.0180707 -0.0113783 0.240819 0.0071884
0.0207881 -0.0114899 0.260059 0.00868952
0.024793 -0.0121524 0.287611 -0.490379
0.0227561 -0.0117048 0.288245 -0.355361
0.0215772 -0.0126074 0.277836 -0.469942
0.0141883 -0.00953224 0.190744 0.313588
0.0127622 -0.00877716 0.187484 0.439855
0.0193746 -0.0097328 0.229764 0.00696563
0.0111344 -0.00757312 0.188863 0.504153
0.00875438 -0.00804749 0.175728 0.566641
0.0196573 -0.0136478 0.300733 -0.313247
0.00875438 -0.00804749 0.175728 0.566641
0.024793 -0.0121524 0.287611 -0.490379
0.0219082 -0.0090634 0.236372 0.00767946
0.0185573 -0.0130979 0.268171 -0.451673
0.0167667 -0.0130235 0.25187 0.00735379
0.0127622 -0.00877716 0.187484 0.439855
0.0206043 -0.0107098 0.247437 0.00796707
0.0326391 -0.0143961 0.352773 -1.35986
0.0207681 -0.00871656 0.225202 0.00692622
0.0157011 -0.0100553 0.211987 0.00555879
0.0127622 -0.00877716 0.187484 0.439855
0.0141883 -0.00953224 0.190744 0.313588
0.0173937 -0.00992801 0.221781 0.00630434
0.00270272 -0.00446292 0.150593 0.827389
0.00953951 -0.00974515 0.185305 0.337465
0.0232819 -0.00985867 0.24109 0.267025
0.0220227 -0.0124506 0.277357 0.00972631
0.0280666 -0.0131343 0.323275 -0.394009
0.0254251 -0.0112386 0.280586 0.0104483
0.0105374 -0.0100074 0.217165 0.357834
0.0183697 -0.0122684 0.25519 0.00801043
0.0194642 -0.0103624 0.23626 0.00719525
0.0172621 -0.00935252 0.239693 0.263045
0.0190753 -0.00884446 0.215414 0.00617743
0.024793 -0.0121524 0.287611 -0.490379
0.0185573 -0.0130979 0.268171 -0.451673
0.0155371 -0.0120463 0.234195 0.00640083
0.0206043 -0.0107098 0.247437 0.00796707
0.0224772 -0.0131714 0.311931 -0.340753
0.0354842 -0.0152065 0.373178 -0.990811
0.0183697 -0.0122684 0.25519 0.00801043
0.0111344 -0.00757312 0.188863 0.504153
0.0159258 -0.0135651 0.255051 0.00736643
0.0172297 -0.0119202 0.244004 0.00722724
0.0127622 -0.00877716 0.187484 0.439855
0.0431265 -0.0202144 0.453064 -1.77017
0.0148544 -0.00933645 0.220587 0.42639
0.0180118 -0.00891311 0.230526 0.388808
0.0102059 -0.00693039 0.206847 0.712613
0.0210672 -0.00960594 0.239564 0.00776941
0.0211569 -0.0102356 0.246061 0.00801774
0.0141883 -0.00953224 0.190744 0.313588
0.0165418 -0.00951398 0.208809 0.00551609
0.0105382 -0.005408 0.166701 0.561919
0.0206043 -0.0107098 0.247437 0.00796707
0.0150892 -0.00678623 0.191767 0.572387
0.0180707 -0.0113783 0.240819 0.0071884
0.0129004 -0.00611706 0.15786 0.615162
0.0180707 -0.0113783 0.240819 0.0071884
0.0168411 -0.0104018 0.223152 0.00624437
0.0180707 -0.0113783 0.240819 0.0071884
0.0302481 -0.0184055 0.376173 -0.916125
0.0145289 -0.0106728 0.248364 0.420184
0.0180118 -0.00891311 0.230526 0.388808
0.0195059 -0.0118478 0.259599 0.241238
0.0374134 -0.00923862 0.329751 0.0159718
0.0346528 -0.00905687 0.309359 0.0138627
0.0319435 -0.0117002 0.324642 0.0144907
0.0323658 -0.010599 0.317014 0.0142523
0.0324981 -0.0175557 0.366827 -1.29257
0.0145017 -0.0116706 0.215272 0.260565
0.0169306 -0.0110311 0.229644 0.00645038
0.00355518 -0.00491116 0.148719 0.777533
0.0108974 -0.0108241 0.233547 0.488032
0.0102372 -0.00865784 0.212506 0.520305
0.0221957 -0.0104795 0.255534 0.00865035
0.0167426 -0.0103457 0.22672 0.302077
