0.0517437 -0.0101018 0.39703 -0.375598
0.077051 -0.0181326 0.625272 -2.31726
-0.128519 0.0201574 0.476274 0.242975
-0.190806 -0.000573352 0.00100932 2.99502
-4.30171 0.402572 21.5003 -4.49085
0.0688018 -0.00685433 0.460855 -0.904065
0.234952 -0.033424 0.0372642 -0.234392
4.19108 -0.384605 -24.3054 -5.54299
16.5875 -1.04162 -180.798 -10.646
6.8366 -0.552388 -50.5257 -7.10944
-0.104277 0.0436353 0.00025795 1.99894
-0.107445 -0.00661015 -0.564526 -5.68527
-0.107445 -0.00661015 -0.564526 -5.68527
0.248196 -0.0348231 -0.00904973 1.9621
4.82258 -0.446728 -27.2741 -5.26651
0.346689 -0.0495645 -0.119722 -0.41054
0.0532705 -0.0104576 0.396727 -0.474037
0.0497331 -0.0108274 0.386236 -0.452221
0.0302862 -0.00462705 0.241853 0.387089
0.00430724 1.19552e-05 0.15872 -2.3074
-8.50896 0.71439 51.2188 -5.18866
0.0633283 -0.00751474 0.433671 -0.496643
0.0602397 -0.0133613 0.502589 -1.27039
0.0475933 -0.00393602 0.327414 0.0169186
0.0646301 -0.0094325 0.467202 -1.33176
0.458118 -0.0647042 -0.370759 -0.569226
0.0726344 -0.0123521 0.52533 -1.5979
-0.832437 0.113188 0.931396 0.645566
0.390348 -0.107236 -0.0685499 3.55558
0.0502257 -0.00387911 0.340049 0.0180413
0.0525473 -0.00515094 0.36784 0.0209129
0.0688018 -0.00685433 0.460855 -0.904065
-0.107445 -0.00661015 -0.564526 -5.68527
-0.107445 -0.00661015 -0.564526 -5.68527
-0.107445 -0.00661015 -0.564526 -5.68527
-0.107445 -0.00661015 -0.564526 -5.68527
-8.61897 0.557134 73.3776 -7.5127
0.0511095 -0.00790703 0.370408 -0.460187
0.019846 -0.00196416 0.186148 0.739479
0.0574951 -0.00937081 0.404259 -1.24537
0.0404263 0.000843334 0.255451 0.443822
0.0931704 -0.0209075 0.755644 -2.8407
0.0531522 -0.00857342 0.403802 -0.365202
7.8987 -0.603687 -64.4389 -7.91108
-4.91843 0.319457 41.0555 -7.07857
0.0745299 -0.0148676 0.545847 -1.36882
0.0592488 -0.00751115 0.423185 -0.315594
-0.337496 0.0222294 2.32578 -2.44471
-0.107445 -0.00661015 -0.564526 -5.68527
-0.107445 -0.00661015 -0.564526 -5.68527
-0.107445 -0.00661015 -0.564526 -5.68527
-0.107445 -0.00661015 -0.564526 -5.68527
0.069148 -0.0216015 0.590773 -1.9017
0.0545502 -0.00832401 0.4108 -0.776391
0.044043 -0.0141433 0.391475 -0.503626
0.0406567 -0.00457791 0.291048 0.0131429
0.0763388 -0.0144097 0.571272 -1.70876
0.0650356 -0.00904217 0.451346 -1.10467
0.390205 -0.0525941 -0.242382 -0.478447
0.243475 -0.0375636 0.0219466 -0.259795
0.044407 -0.00639463 0.336699 0.0172851
0.0448029 -0.00547678 0.332679 -0.309978
0.0438722 -0.00686963 0.338012 0.0173287
0.0785846 -0.0180999 0.595484 -1.60657
-0.107445 -0.00661015 -0.564526 -5.68527
-0.107445 -0.00661015 -0.564526 -5.68527
-0.107445 -0.00661015 -0.564526 -5.68527
-0.107445 -0.00661015 -0.564526 -5.68527
0.0566382 -0.00758995 0.402593 -1.09045
0.046246 -0.002747 0.302575 0.0143657
0.0359523 -0.00742265 0.29857 0.0133315
0.0404179 -0.00374024 0.275717 0.265009
16.3335 -1.03627 -175.598 -10.4969
0.0700772 -0.00936774 0.492961 -1.02662
0.225251 -0.0363288 0.154228 -0.275831
0.0440561 -0.00736667 0.391612 -0.292853
0.0506315 -0.00943778 0.425479 -0.254859
0.0558017 -0.0109777 0.446239 -0.92952
0.0589471 -0.00965054 0.41482 -0.859961
0.0477912 -0.00505701 0.34467 -0.341252
-0.107445 -0.00661015 -0.564526 -5.68527
-0.107445 -0.00661015 -0.564526 -5.68527
-0.107445 -0.00661015 -0.564526 -5.68527
-0.107445 -0.00661015 -0.564526 -5.68527
0.0634998 -0.00997632 0.460588 -0.826938
0.0625949 -0.0103982 0.4503 -0.421086
0.0602264 -0.011915 0.436369 -0.813276
0.0850397 -0.0174571 0.64142 -2.12083
0.0827196 -0.0150707 0.634971 -2.52185
0.0526995 -0.00319851 0.363226 -0.359682
0.0745374 -0.0184222 0.587306 -1.19911
0.0458803 -0.00620336 0.368127 -0.314954
0.0754351 -0.0147609 0.534663 -1.19862
0.0575035 -0.0114643 0.472101 -0.734335
0.0603699 -0.0097144 0.417358 -0.513449
0.0473595 -0.00307573 0.313434 0.0154527
0.0373632 -0.0064142 0.29409 0.0130613
0.0454693 -0.0112066 0.374772 -0.509352
0.0453336 -0.0120581 0.408353 -0.836648
0.069327 -0.0126858 0.505968 -1.39483
0.0246029 0.00328333 0.162131 0.780135
0.0718616 -0.0119426 0.511274 -1.89923
0.219673 -0.0370952 0.0260335 -0.224194
0.038663 -0.00478018 0.283305 0.0124324
0.0652708 -0.0129983 0.497826 -1.54233
0.0718473 -0.0121591 0.531798 -2.24326
0.0575533 -0.00736637 0.391528 -0.895962
0.0509321 -0.00864631 0.397915 -0.740203
0.306821 -0.0456676 -0.0567796 -0.360275
0.0410043 -0.00606509 0.311371 0.0148148
0.0452117 -0.0080536 0.362739 0.0199838
0.0511095 -0.00790703 0.370408 -0.460187
0.0338142 -0.00446664 0.255691 0.328892
0.0701312 -0.0189571 0.676442 -4.01823
0.0493372 -0.013839 0.430322 -1.16421
0.0397792 -0.00511061 0.294201 0.0134343
0.0827764 -0.0185914 0.738176 -4.1151
0.0339229 0.00143178 0.229103 0.647065
0.0295326 -0.00672803 0.275741 0.234161
0.0521125 -0.00673104 0.345844 -0.588583
0.0545502 -0.00832401 0.4108 -0.776391
0.0465392 -0.00796613 0.359336 -0.331772
0.041191 -0.00410269 0.289733 0.0130785
0.0377858 -0.00531321 0.286465 0.0127075
0.0437637 -0.00624617 0.331745 0.0169664
0.0507356 -0.00969402 0.363125 -0.58231
0.0784696 -0.0183082 0.650493 -3.04127
0.0531743 -0.00793708 0.388633 -1.04901
0.0334793 -0.0109279 0.327873 0.0152989
0.0335995 -0.00336814 0.235905 0.00871908
0.0453336 -0.0120581 0.408353 -0.836648
0.0682127 -0.0122704 0.49729 -1.87465
0.0681298 -0.012469 0.516309 -2.21151
0.0433693 -0.00193668 0.27581 0.0120184
0.041805 -0.00792388 0.31543 -0.526382
0.0521125 -0.00673104 0.345844 -0.588583
0.0702602 -0.0129521 0.520202 -1.06641
0.0524278 -0.00682788 0.414379 -0.355189
0.0650356 -0.00904217 0.451346 -1.10467
-1.10959 0.0847652 6.70984 -3.89171
0.0589471 -0.00965054 0.41482 -0.859961
0.0410043 -0.00606509 0.311371 0.0148148
0.0434203 -0.00476166 0.311483 0.0151814
0.0655914 -0.0126899 0.478779 -1.15092
0.0831406 -0.0220802 0.749595 -3.65682
-0.613812 0.057624 2.82072 -2.03406
0.0766665 -0.0181049 0.689074 -3.81208
0.044982 -0.00719594 0.348818 0.018485
0.066195 -0.00948412 0.453504 -1.65079
0.0361359 0.00014889 0.252305 0.385224
0.0312185 -0.00746818 0.271396 0.248156
0.0790171 -0.0150772 0.628367 -3.13191
0.0739054 -0.0113883 0.519898 -1.85142
0.0560663 -0.00460108 0.364271 -0.488096
0.0819278 -0.0146832 0.662656 -3.52597
-0.698656 0.065266 3.27733 -2.3715
0.0388048 -0.00127802 0.252764 0.301996
0.0446419 -0.00571379 0.328604 0.0166533
0.26263 -0.0413306 0.0263765 -0.30142
0.0444436 -0.00909321 0.383353 -0.308928
-0.180446 0.0158354 1.01193 -1.22243
0.0488507 -0.0117076 0.421074 -0.869558
0.0426991 -0.0115642 0.364824 -0.403603
0.0531412 -0.011123 0.423675 -0.739978
1.1198 -0.148632 -2.60603 -2.07203
0.0600681 -0.0108401 0.463306 -0.99343
0.0428096 -0.0079388 0.31521 -0.425695
0.0598852 -0.012163 0.449229 -1.00414
0.0788533 -0.0152793 0.612701 -2.44661
0.0953757 -0.0181234 0.786522 -3.86655
0.0646052 -0.012476 0.492623 -0.945732
0.0521125 -0.00673104 0.345844 -0.588583
0.0435298 -0.00538597 0.317765 0.0155435
0.0532705 -0.0104576 0.396727 -0.474037
0.0521125 -0.00673104 0.345844 -0.588583
0.0795901 -0.0164457 0.673645 -4.18385
0.0667085 -0.0154198 0.530537 -2.09363
0.0289833 -0.00235058 0.22026 0.427589
0.0225008 -0.00432604 0.222351 0.521676
0.0414285 -0.00496527 0.303767 0.0144205
0.0537052 -0.0101158 0.403567 -1.45543
0.0468371 -0.00435501 0.309263 -0.340271
0.0478257 -0.0113711 0.399649 -1.17025
0.0625308 -0.0155671 0.499231 -1.74809
0.0531743 -0.00793708 0.388633 -1.04901
0.0397781 -0.000280775 0.229447 0.257435
0.0342588 -0.0013075 0.208234 0.337325
0.237096 -0.0398786 -0.00282335 4.7879
0.0645185 -0.0124794 0.47129 -1.58334
0.0352578 -0.00599077 0.280039 0.0120248
0.0419575 -0.00294451 0.280277 0.012414
0.0404179 -0.00374024 0.275717 0.265009
0.0346604 -0.00363309 0.245509 0.00939006
0.0361347 -0.00545752 0.276875 0.0117742
0.0493372 -0.013839 0.430322 -1.16421
0.0645185 -0.0124794 0.47129 -1.58334
0.0486726 -0.00712901 0.335777 -0.569322
0.0441427 -0.00232505 0.28855 0.0132782
0.059041 -0.0161451 0.514537 -2.34223
0.0441761 -0.00502796 0.299773 -0.436673
0.211413 -0.0337848 0.0151034 -0.202211
0.256972 -0.0353527 -0.0791949 -0.237268
0.0384886 -0.00132173 0.241157 0.00926366
0.0352026 -0.00261027 0.239191 0.00913614
0.0737444 -0.0148545 0.552305 -1.52605
0.0531412 -0.011123 0.423675 -0.739978
0.0458803 -0.00620336 0.368127 -0.314954
0.069327 -0.0126858 0.505968 -1.39483
0.083152 -0.0257772 0.890128 -5.18695
0.0370117 -0.00492453 0.273713 0.0115138
0.0295326 -0.00672803 0.275741 0.234161
0.049103 -0.00535446 0.343214 -0.439898
0.0645134 -0.0125435 0.490871 -2.4439
0.0509321 -0.00864631 0.397915 -0.740203
0.0554785 -0.0162907 0.481549 -1.96429
0.038129 -0.00525556 0.284624 0.0124796
0.0267504 0.00184865 0.236021 0.605833
0.0589471 -0.00965054 0.41482 -0.859961
0.0788533 -0.0152793 0.612701 -2.44661
0.0645366 -0.0125888 0.482821 -1.84454
0.0828135 -0.0151461 0.717269 -4.2992
-0.11459 0.0189446 0.448913 0.186442
0.0681855 -0.0122337 0.507843 -2.48646
0.0531743 -0.00793708 0.388633 -1.04901
0.0593411 -0.0126394 0.469278 -1.24704
0.0314467 -0.00372877 0.269281 0.523077
0.0392976 -0.00466471 0.298574 0.303787
-3.36426 0.219384 27.5446 -6.73034
2.41 -0.253114 -11.3161 -4.55281
0.0646301 -0.0094325 0.467202 -1.33176
0.0744911 -0.0223746 0.724672 -3.94417
0.244112 -0.0407023 0.0337328 -0.271913
0.0455201 -0.00518165 0.325466 0.0163299
0.0361359 0.00014889 0.252305 0.385224
0.0356742 0.00403592 0.221861 0.634448
-1.41127 0.12242 7.20143 -3.26027
0.0360115 -0.00114704 0.233601 0.454903
0.0441056 -0.00866055 0.349395 -0.412294
0.0765336 -0.018234 0.644119 -2.61982
0.0567191 -0.0126449 0.438863 -0.993104
-5.74919 0.394377 44.0339 -6.47194
-5.89693 0.31766 56.2566 -8.26367
11.0336 -0.923401 -67.8693 -5.30455
0.14127 -0.010637 -8.24852e-05 1.99948
1.9002 -0.202913 -7.72856 -4.16102
2.38874 -0.237636 -12.1705 -5.26289
0.266829 -0.0333788 -0.0122533 2.93829
-6.23731 0.412678 51.5784 -7.07063
-7.77119 0.502354 66.7732 -7.59718
0.499298 -0.0727463 -0.659906 -1.7106
6.85121 -0.588071 -45.2478 -6.18823
0.259934 -0.0391925 0.00434654 3.01557
-8.57746 0.558051 72.0734 -7.3575
8.19498 -0.594715 -76.6571 -9.27407
-0.380992 0.108913 -0.103773 3.49533
5.46094 -0.47283 -36.8898 -6.48948
