0.0321275 -0.00973608 0.302968 0.0130521
0.0655273 -0.0188192 0.571532 -2.36156
0.0505096 -0.0164194 0.467631 -1.3326
0.18756 -0.080617 0.0387591 3.27956
-2.8562 0.167048 19.907 -5.44862
0.0429032 -0.00657143 0.354343 -0.27455
0.038715 -0.00760592 0.318993 0.0153931
0.0598921 -0.0160865 0.492182 -1.26419
0.0434716 -0.00836576 0.347189 -0.300219
0.0408144 -0.00802539 0.332964 0.0165518
0.0784737 -0.0208231 0.672569 -2.50475
6.36496 -0.557822 -36.4206 -4.68568
-2.34532 0.0553401 22.3459 -7.11068
0.0664402 -0.024805 0.642527 -2.34759
0.0602111 -0.0182369 0.506476 -1.60156
0.0357668 -0.00938587 0.320225 0.014898
0.0350714 -0.00914261 0.329659 -0.34946
0.0559474 -0.0160606 0.457673 -1.44488
0.0321275 -0.00973608 0.302968 0.0130521
0.227027 -0.0403391 0.0394558 -0.245694
0.0455315 -0.0093915 0.383407 -0.401203
0.0497331 -0.0108274 0.386236 -0.452221
0.0346528 -0.00905687 0.309359 0.0138627
0.0371778 -0.00837739 0.315745 0.0146649
0.0426991 -0.0115642 0.364824 -0.403603
0.0426991 -0.0115642 0.364824 -0.403603
0.0363006 -0.00891031 0.318902 0.0149013
0.304192 -0.0507236 -0.120372 -0.362728
0.434199 -0.0829832 -0.215097 -0.715892
0.0515273 -0.0139153 0.436415 -0.701945
0.0598921 -0.0160865 0.492182 -1.26419
0.0635825 -0.0158036 0.506243 -1.29598
0.0468694 -0.0139686 0.404622 -0.930441
0.0367015 -0.0116271 0.35685 -0.371365
0.0440407 -0.0149863 0.424148 -0.812553
0.0376012 -0.00727693 0.30813 0.0143361
0.0406319 -0.00903814 0.338689 -0.385694
0.0350714 -0.00914261 0.329659 -0.34946
0.0425233 -0.0145785 0.403045 -1.09177
0.0321607 -0.00958459 0.317905 -0.319019
0.0382908 -0.00870576 0.326597 0.0157292
0.0454693 -0.0112066 0.374772 -0.509352
0.0371778 -0.00837739 0.315745 0.0146649
0.0367015 -0.0116271 0.35685 -0.371365
0.0635825 -0.0158036 0.506243 -1.29598
0.0399366 -0.00855799 0.336112 0.0168182
0.0635825 -0.0158036 0.506243 -1.29598
0.0532705 -0.0104576 0.396727 -0.474037
0.0434402 -0.0143549 0.391959 -0.897238
0.0321607 -0.00958459 0.317905 -0.319019
0.0292479 -0.00892376 0.27616 0.0108772
0.0502221 -0.0135528 0.41665 -0.95721
0.0336062 -0.00613466 0.27044 0.011108
0.0319537 -0.00627818 0.260829 0.0102227
0.0425233 -0.0145785 0.403045 -1.09177
0.0281289 -0.00859169 0.265226 0.00998844
0.0406319 -0.00903814 0.338689 -0.385694
0.0406319 -0.00903814 0.338689 -0.385694
0.0419616 -0.0115918 0.364672 -0.489362
0.0350714 -0.00914261 0.329659 -0.34946
0.0350753 -0.00795582 0.301733 0.0135663
0.0334258 -0.00810109 0.292163 0.012578
0.0346528 -0.00905687 0.309359 0.0138627
0.0371778 -0.00837739 0.315745 0.0146649
0.0292479 -0.00892376 0.27616 0.0108772
0.0321607 -0.00958459 0.317905 -0.319019
0.029781 -0.00844784 0.274832 0.0108918
0.0348361 -0.0070923 0.287675 0.0123458
0.0370117 -0.00492453 0.273713 0.0115138
0.0572035 -0.0132171 0.452365 -1.76642
0.0459482 -0.014216 0.416806 -1.12978
0.0321607 -0.00958459 0.317905 -0.319019
0.0601713 -0.016238 0.497995 -1.43898
0.0515273 -0.0139153 0.436415 -0.701945
0.0374134 -0.00923862 0.329751 0.0159718
0.0565313 -0.0164814 0.480599 -1.25057
0.0350714 -0.00914261 0.329659 -0.34946
0.0325491 -0.00863447 0.295331 0.0127883
0.0426991 -0.0115642 0.364824 -0.403603
0.0350714 -0.00914261 0.329659 -0.34946
0.0312185 -0.00746818 0.271396 0.248156
0.0419616 -0.0115918 0.364672 -0.489362
0.0509125 -0.0160266 0.451683 -1.105
0.0549474 -0.0135226 0.448161 -0.727296
0.0672154 -0.0154895 0.519495 -1.32134
0.0672154 -0.0154895 0.519495 -1.32134
0.0371778 -0.00837739 0.315745 0.0146649
0.0371778 -0.00837739 0.315745 0.0146649
0.0385916 -0.0101881 0.363605 -0.360793
0.03619 -0.00828542 0.312609 0.014594
0.0370672 -0.00775231 0.309449 0.0143529
0.0346528 -0.00905687 0.309359 0.0138627
0.0382908 -0.00870576 0.326597 0.0157292
0.0475788 -0.0137655 0.401632 -0.522585
0.0535021 -0.01311 0.428041 -0.977826
0.0382908 -0.00870576 0.326597 0.0157292
0.0300225 -0.0093129 0.288925 0.0120028
0.0434402 -0.0143549 0.391959 -0.897238
0.0349906 -0.0123441 0.343636 -0.441305
0.0462079 -0.0111961 0.375607 -0.428801
0.0336062 -0.00613466 0.27044 0.011108
0.0478464 -0.0110662 0.38895 -0.953043
0.0368334 -0.0119353 0.346061 -0.802401
0.0161389 -0.00516641 0.203828 0.589372
0.0365693 -0.00945868 0.327653 -0.451053
0.0443696 -0.0114147 0.375612 -0.91413
0.0493372 -0.013839 0.430322 -1.16421
0.0281289 -0.00859169 0.265226 0.00998844
0.0509125 -0.0160266 0.451683 -1.105
0.029781 -0.00844784 0.274832 0.0108918
0.038472 -0.0119487 0.353637 -0.462405
0.0419616 -0.0115918 0.364672 -0.489362
0.0296976 -0.0102668 0.307594 -0.404276
0.0315201 -0.0127391 0.333519 -0.418554
0.0268946 -0.00763107 0.24793 0.00890139
0.0443696 -0.0114147 0.375612 -0.91413
0.0472712 -0.0100842 0.352942 -0.562918
0.0594397 -0.0158467 0.483269 -1.72305
0.0281289 -0.00859169 0.265226 0.00998844
0.0321607 -0.00958459 0.317905 -0.319019
0.0308337 -0.00594545 0.249881 0.00935369
0.0408616 -0.0117511 0.362143 -0.872325
0.0408616 -0.0117511 0.362143 -0.872325
0.0296976 -0.0102668 0.307594 -0.404276
0.0334258 -0.00810109 0.292163 0.012578
0.0296019 -0.0104151 0.296573 0.0122338
0.0308989 -0.00877932 0.285752 0.0118171
0.0317754 -0.00824598 0.282582 0.0116219
0.0306894 -0.0124664 0.333103 -0.311431
0.0296976 -0.0102668 0.307594 -0.404276
0.0408616 -0.0117511 0.362143 -0.872325
0.0350714 -0.00914261 0.329659 -0.34946
0.0478464 -0.0110662 0.38895 -0.953043
0.0321961 -0.00714366 0.274933 0.0113451
0.0368334 -0.0119353 0.346061 -0.802401
0.0408616 -0.0117511 0.362143 -0.872325
0.0371778 -0.00837739 0.315745 0.0146649
0.0357668 -0.00938587 0.320225 0.014898
0.0565313 -0.0164814 0.480599 -1.25057
0.0332425 -0.0100657 0.313848 0.014058
0.0594397 -0.0158467 0.483269 -1.72305
0.0332425 -0.0100657 0.313848 0.014058
0.0367015 -0.0116271 0.35685 -0.371365
0.0350714 -0.00914261 0.329659 -0.34946
0.0308989 -0.00877932 0.285752 0.0118171
0.0403579 -0.0108612 0.332273 -0.519366
0.0334258 -0.00810109 0.292163 0.012578
0.0535021 -0.01311 0.428041 -0.977826
0.0322063 -0.00438593 0.240487 0.00900964
0.0294243 -0.00695472 0.254382 0.0095658
0.0308427 -0.00893767 0.283395 -0.433001
0.0283035 -0.00662149 0.243423 0.00872762
0.0493372 -0.013839 0.430322 -1.16421
0.0591711 -0.0159771 0.496689 -1.99868
0.038472 -0.0119487 0.353637 -0.462405
0.0404338 -0.0153137 0.411273 -0.77779
0.0334258 -0.00810109 0.292163 0.012578
0.0346528 -0.00905687 0.309359 0.0138627
0.0325491 -0.00863447 0.295331 0.0127883
0.038472 -0.0119487 0.353637 -0.462405
0.0260187 -0.00816489 0.251112 0.00906391
0.0286114 -0.00806783 0.262768 0.26718
0.0300225 -0.0093129 0.288925 0.0120028
0.0334258 -0.00810109 0.292163 0.012578
0.0361347 -0.00545752 0.276875 0.0117742
0.0350714 -0.00914261 0.329659 -0.34946
0.029781 -0.00844784 0.274832 0.0108918
0.0281289 -0.00859169 0.265226 0.00998844
0.0323087 -0.00777018 0.281256 0.0116227
0.0294164 -0.00504713 0.25109 0.268323
0.0317754 -0.00824598 0.282582 0.0116219
0.0246795 -0.00826485 0.253113 0.300767
0.0331234 -0.00986181 0.31767 -0.428465
0.0315201 -0.0127391 0.333519 -0.418554
0.0321607 -0.00958459 0.317905 -0.319019
0.0229245 -0.00575976 0.228677 0.35565
0.0294243 -0.00695472 0.254382 0.0095658
0.0281289 -0.00859169 0.265226 0.00998844
0.0349906 -0.0123441 0.343636 -0.441305
0.0438116 -0.0104733 0.342663 -0.542005
0.0319537 -0.00627818 0.260829 0.0102227
0.0308337 -0.00594545 0.249881 0.00935369
0.0449404 -0.013895 0.400062 -1.55109
0.0296976 -0.0102668 0.307594 -0.404276
0.0368334 -0.0119353 0.346061 -0.802401
0.0285482 -0.00748835 0.257558 0.00975283
0.0450049 -0.0136829 0.391607 -1.31327
0.0244418 -0.00839358 0.242974 0.00838665
0.0294243 -0.00695472 0.254382 0.0095658
0.0296976 -0.0102668 0.307594 -0.404276
0.0331234 -0.00986181 0.31767 -0.428465
0.0310773 -0.0068116 0.264001 0.0104342
0.0260187 -0.00816489 0.251112 0.00906391
0.0187031 -0.0039101 0.195815 0.44737
0.0281289 -0.00859169 0.265226 0.00998844
0.0334258 -0.00810109 0.292163 0.012578
0.0310773 -0.0068116 0.264001 0.0104342
0.0420952 -0.00879017 0.344941 -0.89221
0.0327997 -0.0115889 0.30829 -0.554716
0.0368334 -0.0119353 0.346061 -0.802401
0.0260187 -0.00816489 0.251112 0.00906391
0.0449404 -0.013895 0.400062 -1.55109
0.027139 -0.00572903 0.227323 0.00781806
0.0394205 -0.0136639 0.380371 -1.43309
0.0359523 -0.00742265 0.29857 0.0133315
0.0325491 -0.00863447 0.295331 0.0127883
0.0334258 -0.00810109 0.292163 0.012578
0.03619 -0.00828542 0.312609 0.014594
0.0283717 -0.00945732 0.279336 0.0110481
0.0285482 -0.00748835 0.257558 0.00975283
0.0267433 -0.00559056 0.240821 0.301746
0.0478464 -0.0110662 0.38895 -0.953043
0.027761 -0.00443324 0.211922 0.296702
0.0383993 -0.00829433 0.304225 -0.495507
0.022115 -0.00754023 0.219424 0.297676
0.0308427 -0.00893767 0.283395 -0.433001
0.0308989 -0.00877932 0.285752 0.0118171
0.0310773 -0.0068116 0.264001 0.0104342
0.0319537 -0.00627818 0.260829 0.0102227
0.0283717 -0.00945732 0.279336 0.0110481
0.0232499 -0.00318085 0.197393 0.517993
0.0272529 -0.00912528 0.268404 0.010153
0.0285482 -0.00748835 0.257558 0.00975283
0.0281289 -0.00859169 0.265226 0.00998844
0.0334258 -0.00810109 0.292163 0.012578
0.0367015 -0.0116271 0.35685 -0.371365
0.0368293 -0.00688974 0.295411 0.0130877
0.0313047 -0.00301566 0.253994 0.414442
0.0478257 -0.0113711 0.399649 -1.17025
0.0321961 -0.00714366 0.274933 0.0113451
0.0281289 -0.00859169 0.265226 0.00998844
0.0368334 -0.0119353 0.346061 -0.802401
0.0554785 -0.0162907 0.481549 -1.96429
0.0317754 -0.00824598 0.282582 0.0116219
0.0259502 -0.00286714 0.212343 0.45216
0.0310773 -0.0068116 0.264001 0.0104342
0.0323087 -0.00777018 0.281256 0.0116227
0.0296678 -0.00782093 0.268501 0.0106333
0.0321607 -0.00958459 0.317905 -0.319019
0.0267433 -0.00559056 0.240821 0.301746
0.0323087 -0.00777018 0.281256 0.0116227
0.0346528 -0.00905687 0.309359 0.0138627
0.0414135 -0.00951472 0.371702 -0.282082
0.0455315 -0.0093915 0.383407 -0.401203
0.0683011 -0.00702626 0.443024 -0.368348
0.0713601 -0.0149772 0.550291 -0.744793
0.0616732 -0.0126976 0.470915 -0.770259
0.0626019 -0.0125634 0.461444 -0.634431
0.0294243 -0.00695472 0.254382 0.0095658
0.0229245 -0.00575976 0.228677 0.35565
0.0443898 -0.0105921 0.390841 -1.66272
0.0407434 -0.0119818 0.368942 -1.06192
0.0354186 -0.00789824 0.299893 0.0133432
0.0359523 -0.00742265 0.29857 0.0133315
0.0359523 -0.00742265 0.29857 0.0133315
0.0454693 -0.0112066 0.374772 -0.509352
