0.0505129 -0.0132068 0.401961 -0.747777
0.0598921 -0.0160865 0.492182 -1.26419
0.0350753 -0.00795582 0.301733 0.0135663
-0.80155 0.0838212 0.848482 0.693027
0.598299 -0.17152 0.107111 3.38685
0.0617422 -0.00766294 0.436541 -0.844547
0.072039 -0.0177572 0.567522 -1.46464
0.0616732 -0.0126976 0.470915 -0.770259
0.0277242 0.000954222 0.253098 0.676096
0.0591341 -0.0126469 0.432913 -0.50408
0.26018 -0.0412938 0.0532484 -0.331844
0.0358916 -0.0490259 -7.98378e-05 1.99939
0.445272 -0.136787 -0.000104388 1.99971
0.0512594 -0.0142508 0.449645 -0.88196
0.0453895 -0.0108748 0.373324 -0.320149
0.0511095 -0.00790703 0.370408 -0.460187
0.0533239 -0.016324 0.460906 -0.691291
0.0484571 -0.0137462 0.40145 -0.442614
0.0348898 -0.00991896 0.323385 0.0151166
-2.08773 0.148049 14.1978 -5.23443
-1.90617 0.104471 12.5626 -4.62504
0.0601089 -0.0103896 0.449163 -0.804931
0.0567191 -0.0126449 0.438863 -0.993104
0.0421174 -0.00639353 0.322224 0.0158951
0.0558017 -0.0109777 0.446239 -0.92952
0.0412395 -0.00692617 0.325372 0.0161839
0.223903 -0.0341293 0.0537134 -0.247226
-7.03754 0.461276 58.9582 -7.36828
-2.51595 0.115611 22.9693 -7.12686
0.0475212 -0.00984679 0.413936 -0.230254
0.0649851 -0.0122688 0.481982 -0.788456
0.0486113 -0.00683923 0.365934 0.0205221
0.0346528 -0.00905687 0.309359 0.0138627
0.0765329 -0.0213061 0.684343 -3.23986
0.0565313 -0.0164814 0.480599 -1.25057
0.0410163 -0.00591718 0.299569 0.231654
0.0741844 -0.0151819 0.586426 -2.52473
0.0547944 -0.0104095 0.418174 -1.0451
0.0572035 -0.0132171 0.452365 -1.76642
0.0373632 -0.0064142 0.29409 0.0130613
0.0437637 -0.00624617 0.331745 0.0169664
0.0437637 -0.00624617 0.331745 0.0169664
0.0437637 -0.00624617 0.331745 0.0169664
0.0546838 -0.0138388 0.461159 -0.904384
0.0560456 -0.00789668 0.411463 -0.289993
0.0460903 -0.00752137 0.359604 0.0196738
0.0531522 -0.00857342 0.403802 -0.365202
0.0745299 -0.0148676 0.545847 -1.36882
0.0334258 -0.00810109 0.292163 0.012578
0.0325491 -0.00863447 0.295331 0.0127883
0.0321275 -0.00973608 0.302968 0.0130521
0.0408942 -0.00544033 0.305081 0.0144716
0.0547944 -0.0104095 0.418174 -1.0451
0.0513669 -0.0107694 0.404591 -1.00804
0.0443696 -0.0114147 0.375612 -0.91413
0.0478464 -0.0110662 0.38895 -0.953043
0.0703027 -0.0150705 0.543826 -2.10735
0.0686288 -0.0145624 0.51694 -1.71077
0.0395925 -0.00707304 0.315839 0.0151281
0.0370672 -0.00775231 0.309449 0.0143529
0.0465392 -0.00796613 0.359336 -0.331772
0.0414135 -0.00951472 0.371702 -0.282082
0.0570289 -0.0123723 0.426096 -0.80106
0.0532705 -0.0104576 0.396727 -0.474037
0.0321961 -0.00714366 0.274933 0.0113451
0.0327295 -0.00666813 0.27361 0.0113342
0.0419616 -0.0115918 0.364672 -0.489362
0.0395403 -0.00424744 0.28015 0.0121453
0.0682127 -0.0122704 0.49729 -1.87465
0.0580282 -0.0102616 0.441326 -1.28014
0.036592 -0.0061817 0.311493 -0.33913
0.0513669 -0.0107694 0.404591 -1.00804
0.047507 -0.00867372 0.394844 -0.334094
0.0446419 -0.00571379 0.328604 0.0166533
0.0672154 -0.0154895 0.519495 -1.32134
0.0410043 -0.00606509 0.311371 0.0148148
0.0444436 -0.00909321 0.383353 -0.308928
0.0860736 -0.0216795 0.788968 -4.06808
0.0410043 -0.00606509 0.311371 0.0148148
0.0567191 -0.0126449 0.438863 -0.993104
0.0462079 -0.0111961 0.375607 -0.428801
0.0371778 -0.00837739 0.315745 0.0146649
0.0385249 -0.00956611 0.340582 0.017076
0.0459463 -0.00408285 0.317882 0.0158746
0.082575 -0.014789 0.611298 -2.18246
0.0634998 -0.00997632 0.460588 -0.826938
0.0410471 -0.00888481 0.346928 0.0179508
0.228781 -0.0338746 0.0579096 -0.254859
0.0465392 -0.00796613 0.359336 -0.331772
0.0317564 -0.00123826 0.242381 0.626869
0.047507 -0.00867372 0.394844 -0.334094
0.0515273 -0.0139153 0.436415 -0.701945
0.0566668 -0.0107834 0.437329 -0.779151
0.0433376 -0.00734475 0.339326 0.0173659
0.0532705 -0.0104576 0.396727 -0.474037
0.0475212 -0.00984679 0.413936 -0.230254
0.0346528 -0.00905687 0.309359 0.0138627
0.0343025 -0.00756797 0.288999 0.0123586
0.0502221 -0.0135528 0.41665 -0.95721
0.0414285 -0.00496527 0.303767 0.0144205
0.0703027 -0.0150705 0.543826 -2.10735
0.0523396 -0.0113474 0.433712 -0.90055
0.0367015 -0.0116271 0.35685 -0.371365
0.0337723 -0.00665805 0.300293 -0.311549
0.0395403 -0.00424744 0.28015 0.0121453
0.0507356 -0.00969402 0.363125 -0.58231
0.0441056 -0.00866055 0.349395 -0.412294
0.0406319 -0.00903814 0.338689 -0.385694
0.0598852 -0.012163 0.449229 -1.00414
0.0454693 -0.0112066 0.374772 -0.509352
0.0535021 -0.01311 0.428041 -0.977826
0.0408144 -0.00802539 0.332964 0.0165518
0.0321607 -0.00958459 0.317905 -0.319019
0.0204451 -0.00441002 0.20523 0.652494
0.0320157 -0.00911011 0.296656 0.0127778
0.0389018 -0.00564359 0.297358 0.0137157
0.0465392 -0.00796613 0.359336 -0.331772
0.0547944 -0.0104095 0.418174 -1.0451
0.0334258 -0.00810109 0.292163 0.012578
0.0608591 -0.0129038 0.467875 -1.80874
0.0667085 -0.0154198 0.530537 -2.09363
0.0740222 -0.0187508 0.68927 -3.97671
0.0370117 -0.00492453 0.273713 0.0115138
0.0310773 -0.0068116 0.264001 0.0104342
0.0489817 -0.0108215 0.384817 -0.528219
0.0345417 -0.00843133 0.303055 0.0135695
0.0370117 -0.00492453 0.273713 0.0115138
0.0611795 -0.01286 0.458883 -1.56995
0.0443696 -0.0114147 0.375612 -0.91413
0.0350714 -0.00914261 0.329659 -0.34946
0.0344829 -0.00560145 0.267273 0.0108722
0.0372518 -0.0057885 0.287782 0.0127458
0.0399648 -0.0031474 0.272548 0.0115375
0.0667085 -0.0154198 0.530537 -2.09363
0.0493372 -0.013839 0.430322 -1.16421
0.0574108 -0.0130278 0.439086 -1.49384
0.0657699 -0.0130055 0.492475 -1.36925
0.0593411 -0.0126394 0.469278 -1.24704
0.0410163 -0.00591718 0.299569 0.231654
0.0489817 -0.0108215 0.384817 -0.528219
0.0686288 -0.0145624 0.51694 -1.71077
0.070141 -0.0188515 0.595757 -2.28096
0.0535021 -0.01311 0.428041 -0.977826
0.0476001 -0.00828368 0.359961 -0.437061
0.0350753 -0.00795582 0.301733 0.0135663
0.0286523 -0.00368267 0.247956 0.421738
0.0384785 -0.00674398 0.304973 0.0140773
0.0435298 -0.00538597 0.317765 0.0155435
0.0421849 -0.00614507 0.322827 -0.392401
0.0391525 -0.00521535 0.287785 -0.495681
0.0532576 -0.0135498 0.441187 -1.94555
0.041805 -0.00792388 0.31543 -0.526382
0.0593411 -0.0126394 0.469278 -1.24704
0.0547944 -0.0104095 0.418174 -1.0451
0.0513669 -0.0107694 0.404591 -1.00804
0.0434968 -0.00865419 0.347368 -0.491794
0.0639793 -0.0161069 0.518914 -1.51432
0.0497331 -0.0108274 0.386236 -0.452221
0.0560283 -0.0130482 0.456538 -1.22251
0.0489817 -0.0108215 0.384817 -0.528219
0.0321275 -0.00973608 0.302968 0.0130521
0.0406319 -0.00903814 0.338689 -0.385694
0.0419616 -0.0115918 0.364672 -0.489362
0.0395925 -0.00707304 0.315839 0.0151281
0.049103 -0.00535446 0.343214 -0.439898
0.0653347 -0.0149758 0.506321 -1.71472
0.0472712 -0.0100842 0.352942 -0.562918
0.0472712 -0.0100842 0.352942 -0.562918
0.0645366 -0.0125888 0.482821 -1.84454
0.055641 -0.0100669 0.402808 -0.833142
0.0434968 -0.00865419 0.347368 -0.491794
0.0472712 -0.0100842 0.352942 -0.562918
0.0336214 -0.0048581 0.259237 0.242567
0.0233662 -0.00400892 0.217489 0.601069
0.0434968 -0.00865419 0.347368 -0.491794
0.0478464 -0.0110662 0.38895 -0.953043
0.0478464 -0.0110662 0.38895 -0.953043
0.0319537 -0.00627818 0.260829 0.0102227
0.0334258 -0.00810109 0.292163 0.012578
0.0547944 -0.0104095 0.418174 -1.0451
0.0495986 -0.00821663 0.37269 -0.989144
0.0452364 -0.00752662 0.325643 -0.548645
0.0443696 -0.0114147 0.375612 -0.91413
0.0535767 -0.0135252 0.436234 -1.71704
0.0568793 -0.0132735 0.459966 -2.01479
0.0346604 -0.00363309 0.245509 0.00939006
0.041805 -0.00792388 0.31543 -0.526382
0.0383993 -0.00829433 0.304225 -0.495507
0.0462232 -0.00756291 0.326389 -0.456022
0.0323087 -0.00777018 0.281256 0.0116227
0.0513669 -0.0107694 0.404591 -1.00804
0.057247 -0.00984409 0.422663 -1.53634
0.0267433 -0.00559056 0.240821 0.301746
0.0383993 -0.00829433 0.304225 -0.495507
0.0319537 -0.00627818 0.260829 0.0102227
0.0421849 -0.00614507 0.322827 -0.392401
0.0421849 -0.00614507 0.322827 -0.392401
0.038663 -0.00478018 0.283305 0.0124324
0.0319537 -0.00627818 0.260829 0.0102227
0.0535767 -0.0135252 0.436234 -1.71704
0.0420952 -0.00879017 0.344941 -0.89221
0.0311492 -0.00373139 0.222286 0.329001
0.0336062 -0.00613466 0.27044 0.011108
0.027761 -0.00443324 0.211922 0.296702
0.0532705 -0.0104576 0.396727 -0.474037
0.0727075 -0.0184566 0.622302 -2.55001
0.0531412 -0.011123 0.423675 -0.739978
0.0410043 -0.00606509 0.311371 0.0148148
0.0591711 -0.0159771 0.496689 -1.99868
0.0406319 -0.00903814 0.338689 -0.385694
0.0472712 -0.0100842 0.352942 -0.562918
0.0594342 -0.0103299 0.435076 -1.11586
0.0544252 -0.00987722 0.393347 -1.23362
0.0371912 -0.00295745 0.251976 0.00992659
0.0450175 -0.0103749 0.37225 -1.32218
0.036911 -0.00801587 0.30735 -0.389852
0.0513669 -0.0107694 0.404591 -1.00804
0.0667085 -0.0154198 0.530537 -2.09363
0.0476001 -0.00828368 0.359961 -0.437061
0.0350165 -0.00512585 0.265951 0.0108376
0.0469686 -0.0082513 0.357111 -0.510127
0.0406319 -0.00903814 0.338689 -0.385694
0.0526954 -0.013449 0.443564 -1.19504
0.0357804 -0.0039659 0.256457 0.0102779
0.03989 -0.00573588 0.300501 0.0137686
0.0395925 -0.00707304 0.315839 0.0151281
0.0444436 -0.00909321 0.383353 -0.308928
0.0479323 -0.00541756 0.347611 0.0188554
0.0682127 -0.0122704 0.49729 -1.87465
0.0185783 0.00319982 0.183076 0.857781
0.0259502 -0.00286714 0.212343 0.45216
0.0451184 -0.00831216 0.355651 -0.908224
0.041191 -0.00410269 0.289733 0.0130785
0.038663 -0.00478018 0.283305 0.0124324
0.0415387 -0.00558989 0.310056 0.0147692
0.038663 -0.00478018 0.283305 0.0124324
0.0456357 -0.00574962 0.333083 -0.417043
0.0370117 -0.00492453 0.273713 0.0115138
0.0558684 -0.0132191 0.464945 -1.41841
0.0395403 -0.00424744 0.28015 0.0121453
0.0476001 -0.00828368 0.359961 -0.437061
0.0363739 -0.00518619 0.289332 0.327903
0.0431645 -0.00319727 0.285344 0.239961
0.273674 -0.0385335 -0.00958376 -0.31033
0.106838 -0.0159086 0.751931 -2.13951
0.100378 -0.01652 0.708177 -1.90321
0.0670046 -0.0128861 0.508567 -0.632116
0.275467 -0.0365432 0.0763967 -0.345767
0.0608591 -0.0129038 0.467875 -1.80874
0.0574108 -0.0130278 0.439086 -1.49384
0.0421849 -0.00614507 0.322827 -0.392401
0.0361347 -0.00545752 0.276875 0.0117742
0.047397 -0.00589216 0.348917 0.0189169
0.0526172 -0.00861376 0.402991 -0.43834
0.0575533 -0.00736637 0.391528 -0.895962
0.0568168 -0.0100867 0.407098 -0.494403
