0.942469 -0.16939 -1.51244 -1.4359
-7.81903 0.519327 66.1672 -7.64849
-9.44927 0.623103 77.336 -7.21503
-0.107445 -0.00661015 -0.564526 -5.68527
-0.107445 -0.00661015 -0.564526 -5.68527
6.18152 -0.507985 -45.1313 -7.06195
-4.55575 0.285446 39.1711 -7.41901
0.0598852 -0.012163 0.449229 -1.00414
5.57016 -0.465537 -40.3404 -7.06333
0.0676599 -0.0241578 0.578457 -1.22219
-8.03916 0.55064 61.7425 -6.61892
-0.325441 0.00292677 0.531225 0.170527
-0.107445 -0.00661015 -0.564526 -5.68527
0.0675289 -0.0214231 0.610481 -2.64063
0.0702588 -0.0186186 0.576256 -1.98219
0.0739258 -0.0183243 0.592425 -2.01749
0.0271198 -0.0089715 0.287092 0.302052
0.0440407 -0.0149863 0.424148 -0.812553
0.0303657 -0.00925516 0.287079 0.0118014
-8.87939 0.614894 76.0484 -7.97958
-9.50158 0.902332 42.719 -3.48146
0.0735204 -0.01847 0.610122 -2.2961
0.036951 -0.0130476 0.378701 -0.351336
0.114481 -0.00992505 0.00073978 1.99026
0.0462079 -0.0111961 0.375607 -0.428801
0.0634012 -0.0161227 0.531696 -1.90635
0.0601713 -0.016238 0.497995 -1.43898
0.28259 -0.086805 -0.0623686 3.51357
-0.0519052 -0.0241192 -0.0377436 3.15733
0.0350001 -0.0105438 0.329676 0.0154112
0.0420077 -0.00978143 0.373508 -0.381014
0.0698312 -0.0181712 0.547142 -1.29568
0.0564011 -0.0223011 0.542682 -1.52874
6.95503 -0.591465 -48.6403 -6.64494
0.0289047 -0.00898148 0.278007 0.0110712
0.468848 -0.141285 0.0459762 -4.43263
-9.43807 0.693244 66.7366 -6.15411
0.04595 -0.0130339 0.36948 -0.55419
0.0370448 -0.014169 0.362849 -1.20587
0.0339736 -0.00843757 0.295084 -0.353907
10.0908 -0.752592 -86.1712 -8.25019
0.0441056 -0.00866055 0.349395 -0.412294
0.0560289 -0.016092 0.482846 -0.862413
0.450236 -0.0755936 -0.372979 -0.606774
5.53186 -0.426292 -41.1809 -6.94806
0.247104 -0.0453181 0.0374618 -0.324291
0.0395931 -0.00861568 0.337946 0.0170683
0.37357 -0.0588351 -0.192308 -0.487387
0.0684098 -0.0251035 0.67135 -3.09517
-9.96495 0.634531 86.1601 -7.71291
-9.23394 0.618158 73.4498 -6.97523
0.044043 -0.0141433 0.391475 -0.503626
0.441397 -0.0785023 -0.353657 -0.610337
0.0647772 -0.0222781 0.613449 -2.4496
0.0504209 -0.019472 0.471808 -1.58501
0.0368334 -0.0119353 0.346061 -0.802401
0.0560283 -0.0130482 0.456538 -1.22251
0.0406319 -0.00903814 0.338689 -0.385694
0.070531 -0.0191993 0.628603 -2.7192
0.0440407 -0.0149863 0.424148 -0.812553
0.0302862 -0.00462705 0.241853 0.387089
0.0284847 -0.0100842 0.285664 0.0112942
0.0246241 -0.00440768 0.244089 0.361472
0.34843 -0.05145 -0.254041 -0.347784
0.0536423 -0.0190393 0.482842 -1.58699
0.0152466 -0.0062543 0.228018 0.590269
0.023564 -0.0112785 0.266562 0.28916
0.0438116 -0.0104733 0.342663 -0.542005
-9.52503 0.633908 76.9905 -7.11373
0.269538 -0.0422486 -0.0643486 -0.281753
0.0504209 -0.019472 0.471808 -1.58501
0.0569489 -0.0186302 0.494101 -1.59111
0.0394641 -0.0106509 0.395101 -0.261091
0.0412395 -0.00692617 0.325372 0.0161839
0.0275544 -0.00462218 0.269592 0.453066
0.0579854 -0.0227494 0.559322 -1.2143
0.0233662 -0.00400892 0.217489 0.601069
0.323265 -0.122458 0.443226 -2.62741
0.0522445 -0.0167628 0.483229 -1.01306
0.033776 -0.00959001 0.312522 0.0140751
0.0165331 -0.00242798 0.179336 0.762997
-0.134342 0.0144961 0.515077 0.263139
0.0404338 -0.0153137 0.411273 -0.77779
0.0702588 -0.0186186 0.576256 -1.98219
0.0283265 -0.00419081 0.285737 0.348876
11.1006 -0.804396 -98.123 -8.52765
0.0424727 -0.0134165 0.359074 -0.533156
0.0374134 -0.00923862 0.329751 0.0159718
0.066542 -0.0155525 0.548189 -2.42411
0.228606 -0.0375201 0.0430662 -0.26777
0.399775 -0.0705208 -0.000149708 1.99853
-10.1156 0.67657 81.8145 -7.14111
0.0454693 -0.0112066 0.374772 -0.509352
0.0328991 -0.0101234 0.315688 0.014278
0.0261985 -0.0075635 0.28456 0.428766
0.362419 -0.131074 0.467719 -2.83655
0.0622367 -0.0191553 0.589278 -3.22638
0.0272356 -0.00926189 0.247775 0.318539
-0.254349 0.0227231 1.06941 -0.967205
0.299251 -0.0900026 0.265565 -2.02833
0.0514028 -0.0165977 0.471118 -2.16086
0.225341 -0.0377379 0.00255957 -0.233686
0.0224772 -0.0131714 0.311931 -0.340753
0.0407434 -0.0119818 0.368942 -1.06192
0.0251693 -0.00257139 0.187994 0.686528
0.067104 -0.0155676 0.557228 -2.87504
-9.92866 0.643363 83.5503 -7.44955
0.0408616 -0.0117511 0.362143 -0.872325
7.3774 -0.633299 -49.6406 -6.31194
0.0281927 -0.0114246 0.301078 0.012352
0.0304814 -0.0107495 0.340489 -0.288925
0.0349906 -0.0123441 0.343636 -0.441305
0.0272112 -0.014411 0.383574 -0.737175
0.0354842 -0.0152065 0.373178 -0.990811
0.0265431 -0.01157 0.291506 0.011357
0.406695 -0.129178 0.0744971 -3.25184
0.0674181 -0.0192526 0.603284 -2.99641
0.269538 -0.0422486 -0.0643486 -0.281753
0.0631159 -0.0251246 0.666686 -3.37566
7.10196 -0.623157 -46.0961 -6.06535
0.0701312 -0.0189571 0.676442 -4.01823
0.0357386 -0.0109437 0.322137 -0.378053
0.0419616 -0.0115918 0.364672 -0.489362
0.0345596 -0.0141193 0.336241 -0.571039
0.034583 -0.0177081 0.465204 -0.877577
0.0247245 -0.0098025 0.261971 0.00940595
0.038472 -0.0119487 0.353637 -0.462405
0.0258442 -0.0101351 0.272915 0.0102708
0.0334772 -0.0152732 0.360463 -0.438819
0.0328462 -0.0152408 0.357617 -0.51193
0.0334797 -0.0116334 0.31107 -0.46785
-5.12476 0.322309 43.6084 -7.34108
-0.146678 0.0242593 0.454971 0.175554
0.0140412 -0.000742496 0.181229 0.852202
-0.129007 0.012639 0.465633 0.117069
0.0321607 -0.00958459 0.317905 -0.319019
10.1429 -0.72524 -93.7883 -9.01544
0.0625308 -0.0155671 0.499231 -1.74809
0.0526954 -0.013449 0.443564 -1.19504
0.373906 -0.0621876 -0.244764 -0.452804
0.0339493 -0.00607717 0.268597 0.0109002
0.0305441 -0.00728734 0.265327 0.0104399
0.0290445 -0.0101867 0.285733 0.238622
0.0459482 -0.014216 0.416806 -1.12978
0.0152466 -0.0062543 0.228018 0.590269
0.0308989 -0.00877932 0.285752 0.0118171
0.0321275 -0.00973608 0.302968 0.0130521
0.0291555 -0.00629659 0.274984 0.302058
8.68766 -0.663649 -71.8057 -7.94978
8.88226 -0.708009 -67.4517 -7.21565
0.0416054 -0.0140466 0.377148 -1.26913
-0.5036 0.0438182 2.35069 -2.17226
8.88226 -0.708009 -67.4517 -7.21565
0.068465 -0.0217787 0.611818 -2.18346
0.0350714 -0.00914261 0.329659 -0.34946
-9.4418 0.63871 74.4834 -6.9241
0.0509125 -0.0160266 0.451683 -1.105
0.0640571 -0.0221277 0.632887 -3.00258
0.0417878 -0.0123996 0.395596 -0.802044
0.0439092 -0.0172505 0.441824 -1.28149
0.0143924 -0.00456935 0.167551 0.647839
0.0161389 -0.00516641 0.203828 0.589372
0.0117448 -0.00463219 0.199111 0.658079
-0.541284 0.122578 0.000202948 1.99955
0.019846 -0.00196416 0.186148 0.739479
0.0630559 -0.0157498 0.516366 -2.07138
0.0173756 -0.00485768 0.156589 0.768584
0.305901 -0.0504152 -0.160075 -0.326362
7.44032 -0.640678 -49.4874 -6.21072
0.0258188 -0.00150636 0.231387 0.374222
0.0315943 -0.010212 0.304297 0.0130297
0.539079 -0.0899178 -0.579072 -0.728226
-1.94172 0.159668 10.4797 -3.92341
-0.298221 0.0286195 1.12122 -0.908745
0.0407434 -0.0119818 0.368942 -1.06192
6.31834 -0.437502 -51.3614 -7.63982
0.0349906 -0.0123441 0.343636 -0.441305
0.0294948 -0.0139022 0.358425 -0.391261
0.0173889 -0.00747688 0.225612 0.54149
0.0408616 -0.0117511 0.362143 -0.872325
0.0779845 -0.0235203 0.952145 -7.0242
0.0632065 -0.0159873 0.560007 -3.27657
0.0242344 -0.0103437 0.296677 -0.353527
0.0541596 -0.0192473 0.509252 -2.49711
6.64235 -0.586622 -42.9239 -6.03492
-0.013946 0.00321418 0.230006 0.600105
0.0408616 -0.0117511 0.362143 -0.872325
0.0186041 -0.00451163 0.205088 0.299983
0.484017 -0.0868593 -0.42214 -0.69221
0.02672 -0.00960132 0.269735 0.0101245
-0.525424 0.12128 0.00475142 1.98884
0.286423 -0.0491709 -0.106128 -0.301003
0.0254251 -0.0112386 0.280586 0.0104483
-9.20218 0.604828 76.2853 -7.37202
0.191388 -0.0313658 -0.00705484 2.97572
0.0245235 -0.00432502 0.198327 0.439174
-1.54406 0.12564 8.33533 -3.77772
0.0337723 -0.00665805 0.300293 -0.311549
0.0629127 -0.0287829 0.75288 -4.29522
0.0338075 -0.00929589 0.320507 -0.796394
0.0477434 -0.0128536 0.388675 -1.66575
0.0619894 -0.0156418 0.557821 -3.52326
0.0402631 -0.00874667 0.357877 -1.29517
-2.81033 0.196931 19.9195 -5.74515
0.233714 -0.0341966 -0.00269514 2.93778
0.0350927 -0.0137094 0.407365 -0.69612
0.0286114 -0.00806783 0.262768 0.26718
0.0320157 -0.00911011 0.296656 0.0127778
-9.41369 0.639362 73.6339 -6.85804
0.0540622 -0.0194708 0.517212 -2.21657
0.0272529 -0.00912528 0.268404 0.010153
0.0875803 -0.0290725 0.945248 -5.1275
0.0496214 -0.0139504 0.435724 -2.35023
-9.59322 0.623702 80.696 -7.47163
0.0177433 -0.00748292 0.182044 0.621746
0.0186041 -0.00451163 0.205088 0.299983
0.0779845 -0.0235203 0.952145 -7.0242
0.0572035 -0.0132171 0.452365 -1.76642
0.0339493 -0.00607717 0.268597 0.0109002
-3.69948 0.223784 33.3175 -7.77867
-10.3532 0.729662 77.9161 -6.61153
0.0687935 -0.0257928 0.792433 -4.88531
0.0258352 -0.00737618 0.238397 0.00826651
0.0104352 -0.00449556 0.183537 0.818468
0.0403579 -0.0108612 0.332273 -0.519366
0.00678721 -0.00120165 0.172878 0.869968
0.0221922 -0.00830274 0.280679 0.377787
-9.40211 0.628391 75.3665 -7.02024
0.0294897 -0.00328352 0.189388 0.31189
-0.123969 0.0168229 0.489094 0.124374
0.000121223 -0.00256635 0.161224 0.862517
0.0138654 -0.00196985 0.187624 0.668084
8.44543 -0.665911 -66.2528 -7.51695
0.016096 -0.000274962 0.157878 0.824295
0.0323912 -0.00614363 0.246434 0.279253
0.0174221 -0.00356238 0.214359 0.612154
-0.419977 0.0649422 0.682381 0.447228
-0.129256 0.0150448 0.441836 0.175778
0.0541287 -0.0192666 0.497924 -1.87728
0.0257802 -0.0127306 0.301013 0.0117099
-5.26939 0.588702 16.12 -1.8058
0.0418371 0.000612116 0.000508 1.99556
0.0233662 -0.00400892 0.217489 0.601069
0.510291 -0.153061 0.0923775 3.51036
0.0256929 0.00276693 0.22058 0.788749
0.0583398 -0.0108208 0.440126 -0.474221
-6.36784 0.538689 34.5162 -4.26784
0.28491 -0.0510397 0.0751366 -0.422858
-9.42627 0.623295 77.6952 -7.30187
3.3451 -0.350234 -16.2984 -4.47654
0.502455 -0.0741463 -0.66281 -0.290097
-7.18691 0.451821 61.0885 -7.45056
0.029966 0.00517687 -0.0759907 2.61371
-3.55033 0.484753 6.19119 -0.255733
0.0409718 -0.055325 0.68841 -1.06113
-7.7579 0.503144 63.9854 -7.21888
