-0.117561 0.0437861 -0.00768451 2.03406
0.823412 -0.106644 -1.19181 -0.0659366
0.0354186 -0.00789824 0.299893 0.0133432
-0.229354 0.0062621 0.0188636 1.9546
-0.107445 -0.00661015 -0.564526 -5.68527
0.0936157 -0.0175544 0.727688 -2.86987
0.0484562 -0.0115363 0.400865 -0.223375
0.0684529 -0.0160739 0.545668 -1.1887
0.23349 -0.0304672 0.0489407 -0.251788
0.253183 -0.0334696 -0.0119918 2.92979
-0.0498306 0.0321517 -0.0116665 2.05745
-0.217746 0.00423647 0.0131617 1.97121
-0.107445 -0.00661015 -0.564526 -5.68527
-0.154764 0.0493125 0.000108395 1.99952
-4.85876 0.307985 40.6815 -7.12876
0.200296 -0.0243277 0.0178716 -0.182945
0.0517437 -0.0101018 0.39703 -0.375598
0.0410163 -0.00591718 0.299569 0.231654
0.0407052 -0.00740132 0.326687 0.016213
-0.232844 0.00675777 0.0216365 1.94448
0.568825 -0.158424 0.0548271 3.1911
0.0792557 -0.0149736 0.574624 -1.62302
0.0632876 -0.0185876 0.506895 -1.06248
0.0655914 -0.0126899 0.478779 -1.15092
0.0792643 -0.0207903 0.65631 -2.24598
0.0558017 -0.0109777 0.446239 -0.92952
0.250905 -0.0377076 0.0287852 -0.306106
5.34101 -0.53838 -20.9487 -2.69942
-5.20388 0.273813 42.1784 -6.63949
0.059751 -0.00789026 0.423744 -0.47957
0.0451194 -0.00175673 0.302845 0.477846
0.0861242 -0.0144547 0.626364 -2.20511
0.345488 -0.0471079 -0.158355 -0.387824
0.0686288 -0.0145624 0.51694 -1.71077
0.0860736 -0.0216795 0.788968 -4.06808
12.434 -0.857751 -119.234 -9.33318
13.4682 -0.945304 -122.126 -8.69016
0.0436201 -0.00691346 0.357944 -0.389671
0.0165331 -0.00242798 0.179336 0.762997
0.0434968 -0.00865419 0.347368 -0.491794
0.069327 -0.0126858 0.505968 -1.39483
0.0429032 -0.00657143 0.354343 -0.27455
0.0546294 -0.00753021 0.380753 -0.481831
-1.35016 0.0898256 9.27571 -4.70413
-12.6785 0.968897 83.947 -5.63878
0.052341 -0.00710023 0.389202 0.023054
0.0791394 -0.0144687 0.548467 -1.2276
0.0851497 -0.0178781 0.662696 -2.01191
0.0497331 -0.0108274 0.386236 -0.452221
0.212553 -0.0313954 0.0356254 -0.219679
0.0714605 -0.0214906 0.641242 -2.46531
-1.1029 0.0774053 7.47429 -4.41225
0.0431843 -0.00390019 0.297472 0.0137799
0.219099 -0.0344344 0.0497833 -0.239766
0.0321961 -0.00714366 0.274933 0.0113451
0.0336214 -0.0048581 0.259237 0.242567
0.0896661 -0.0213702 0.803813 -4.04989
0.0909411 -0.021702 0.797329 -3.78099
0.0544608 -0.00387057 0.331891 -0.518112
0.0846626 -0.0177992 0.698949 -3.03688
0.289188 -0.0406766 -0.0118089 2.96722
0.051156 -0.0115587 0.419924 -0.437333
0.0568168 -0.0100867 0.407098 -0.494403
0.063431 -0.0114745 0.447783 -0.833099
0.0331931 -0.00235434 0.241286 0.581644
0.0593411 -0.0126394 0.469278 -1.24704
0.0488507 -0.0117076 0.421074 -0.869558
0.0356687 0.00153821 0.247558 0.524216
0.0510717 -0.00605864 0.378249 -0.349955
0.0471138 -0.00651546 0.36775 -0.409822
0.0350753 -0.00795582 0.301733 0.0135663
0.0410043 -0.00606509 0.311371 0.0148148
0.0654212 -0.00876632 0.437607 -0.901038
0.0435689 -0.00820323 0.353269 0.0188168
0.0375184 0.000240025 0.249304 0.453799
0.229857 -0.0344846 0.0923896 -0.284494
0.0600681 -0.0108401 0.463306 -0.99343
0.0739258 -0.0183243 0.592425 -2.01749
-0.226162 0.0228857 1.28016 -1.36541
0.0384353 -0.0025148 0.277098 0.329709
0.0357983 -0.00242725 0.284776 0.239095
0.0651991 -0.0161745 0.521377 -0.99942
0.0266025 -0.00310551 0.264887 0.575805
0.275896 -0.0377058 0.0643176 -0.346024
0.086746 -0.0149068 0.672957 -2.90417
0.050421 -0.00192239 0.318532 0.0160155
0.0410043 -0.00606509 0.311371 0.0148148
0.0496334 -0.00756478 0.371239 -0.360789
0.0579258 -0.0100367 0.4044 -0.405879
0.0600681 -0.0108401 0.463306 -0.99343
0.0581548 -0.00799656 0.423685 -0.811228
0.0357189 -0.000385538 0.261863 0.265402
0.0583398 -0.0108208 0.440126 -0.474221
0.0508693 -0.0096921 0.4294 -0.34697
0.0393318 -0.005255 0.311616 0.425287
0.248219 -0.0314448 0.0347391 -0.274814
0.242328 -0.0319284 -0.0288702 -0.235539
0.038715 -0.00760592 0.318993 0.0153931
0.301177 -0.0463463 -0.101708 -0.347604
0.0832588 -0.0150679 0.615707 -1.82418
0.0360115 -0.00114704 0.233601 0.454903
0.04108 -0.00347733 0.283431 0.0127226
-0.106503 0.0136558 0.456028 0.115447
0.066542 -0.0155525 0.548189 -2.42411
0.0486726 -0.00712901 0.335777 -0.569322
0.0766665 -0.0181049 0.689074 -3.81208
0.0682127 -0.0122704 0.49729 -1.87465
0.0441056 -0.00866055 0.349395 -0.412294
0.0494464 -0.0111885 0.420997 -0.350274
0.0414135 -0.00951472 0.371702 -0.282082
0.0404179 -0.00374024 0.275717 0.265009
0.0437637 -0.00624617 0.331745 0.0169664
0.0397792 -0.00511061 0.294201 0.0134343
0.0469686 -0.0082513 0.357111 -0.510127
0.0660211 -0.0184319 0.530422 -1.72282
0.0475041 -0.00651452 0.355163 0.0193054
0.0718473 -0.0121591 0.531798 -2.24326
0.0434203 -0.00476166 0.311483 0.0151814
0.0365693 -0.00945868 0.327653 -0.451053
0.0372518 -0.0057885 0.287782 0.0127458
0.211524 -0.0275705 -0.0109232 -0.18211
0.0512886 -0.0110299 0.413962 -1.21131
0.0408942 -0.00544033 0.305081 0.0144716
0.036592 -0.0061817 0.311493 -0.33913
0.233465 -0.0313917 -0.00719389 2.97834
0.0291878 -0.00301315 0.25844 0.342052
0.0363739 -0.00518619 0.289332 0.327903
0.0455315 -0.0093915 0.383407 -0.401203
-9.74806 0.640149 80.7911 -7.31742
-10.9523 0.713882 92.8404 -7.54908
0.0415715 -0.00614593 0.320868 -0.478766
-11.4445 0.787136 89.2761 -6.81926
0.0424918 -0.00246934 0.278962 0.012344
0.0825082 -0.0181128 0.670833 -3.09429
0.0710935 -0.0214041 0.709821 -4.05148
0.0326727 -0.00530919 0.275524 0.379725
0.463098 -0.0588176 -0.445638 -0.460252
0.0909411 -0.021702 0.797329 -3.78099
0.0433376 -0.00734475 0.339326 0.0173659
0.228781 -0.0338746 0.0579096 -0.254859
0.0384353 -0.0025148 0.277098 0.329709
0.0505858 -0.00885596 0.404997 -0.899338
0.0648069 -0.0163919 0.532694 -1.16429
0.217213 -0.0279618 0.0265663 -0.216457
0.0301012 -0.000763975 0.232823 0.450599
0.0429032 -0.00657143 0.354343 -0.27455
0.0421174 -0.00639353 0.322224 0.0158951
0.0787957 -0.0108549 0.507621 -1.41617
0.0718616 -0.0119426 0.511274 -1.89923
0.0451122 -0.00575115 0.330557 -0.499155
0.0526624 -0.0160174 0.423749 -1.13062
0.0406567 -0.00457791 0.291048 0.0131429
0.0438722 -0.00686963 0.338012 0.0173287
0.0756387 -0.0157208 0.601613 -2.46176
0.0399648 -0.0031474 0.272548 0.0115375
0.0340825 -0.00830051 0.306101 0.250011
0.0568168 -0.0100867 0.407098 -0.494403
0.0710414 -0.0116361 0.49352 -1.58898
0.0691738 -0.0144937 0.507141 -1.5028
0.0650867 -0.0130916 0.506122 -1.75488
0.0270785 0.000190992 0.215158 0.639132
0.0367017 -6.9952e-06 0.209483 0.436552
0.0291878 -0.00301315 0.25844 0.342052
0.0483269 -0.00177812 0.27416 0.426405
0.0399494 -0.00553431 0.356879 -0.268258
0.044982 -0.00719594 0.348818 0.018485
0.031384 -0.0023654 0.239358 0.264253
0.0403134 -0.00463546 0.292886 0.0133818
0.070509 -0.0153076 0.541988 -1.5264
0.0511095 -0.00790703 0.370408 -0.460187
0.077051 -0.0181326 0.625272 -2.31726
0.041114 -0.00784302 0.381222 -0.27392
10.0908 -0.752592 -86.1712 -8.25019
0.0373632 -0.0064142 0.29409 0.0130613
0.0295754 -0.00136886 0.27471 0.34957
0.0531412 -0.011123 0.423675 -0.739978
0.211633 -0.0281554 0.0240056 -0.208252
0.0860736 -0.0216795 0.788968 -4.06808
0.0653347 -0.0149758 0.506321 -1.71472
0.0897899 -0.0197213 0.700136 -2.2973
0.0422516 -0.00160533 0.264893 0.0110426
0.0574951 -0.00937081 0.404259 -1.24537
0.0311492 -0.00373139 0.222286 0.329001
0.0344829 -0.00560145 0.267273 0.0108722
0.038424 -0.004864 0.322395 -0.353545
0.0368293 -0.00688974 0.295411 0.0130877
0.250425 -0.0379658 -0.0203128 -0.273034
0.0382283 -0.00508992 0.291686 -0.398031
0.230843 -0.0311751 -0.0218906 -0.219368
0.0346992 -0.00348455 0.233222 0.283293
0.0399648 -0.0031474 0.272548 0.0115375
0.0346409 1.99737e-05 0.232601 0.521856
0.038663 -0.00478018 0.283305 0.0124324
0.066542 -0.0155525 0.548189 -2.42411
0.0265663 -0.00361893 0.251231 0.353401
0.0306475 0.00456697 0.178875 0.765322
0.04084 -0.00261328 0.269363 0.0114406
0.04108 -0.00347733 0.283431 0.0127226
0.0267433 -0.00559056 0.240821 0.301746
0.0333706 -0.000406274 0.199763 0.477983
0.0495986 -0.00821663 0.37269 -0.989144
0.0714351 -0.0157322 0.621784 -3.59329
0.0286229 0.00286907 0.165029 0.7232
-0.180446 0.0158354 1.01193 -1.22243
0.0997563 -0.0216888 0.884134 -4.20229
0.0459463 -0.00408285 0.317882 0.0158746
-11.0268 0.723016 92.3441 -7.4123
0.0693844 -0.00892808 0.455999 -1.42685
0.362967 -0.0519175 -0.228567 -0.385098
0.0455315 -0.0093915 0.383407 -0.401203
0.0394286 -0.0036214 0.273836 0.0118084
0.23823 -0.0251543 -0.0239226 2.93271
0.0795109 -0.00210027 0.0716103 1.34238
0.0413743 -0.00213804 0.268048 0.0113634
0.0125098 0.00106488 0.165433 0.839854
0.0202646 0.00223348 0.176286 0.847844
0.0413586 -0.0022735 0.247404 0.319925
0.0344184 -0.00258672 0.263965 0.382011
0.0555291 -0.00748152 0.379194 -0.392002
0.0389018 -0.00564359 0.297358 0.0137157
0.0329979 0.00107477 0.193908 0.63703
0.0313047 -0.00301566 0.253994 0.414442
0.0650867 -0.0130916 0.506122 -1.75488
-10.4416 0.700589 84.1438 -7.09076
0.0346734 0.00293955 0.246952 0.626729
0.0953757 -0.0181234 0.786522 -3.86655
0.0484718 -0.00340374 0.324276 0.0165693
0.0805434 -0.0157368 0.613085 -1.15551
-0.144594 0.0277769 0.498215 0.231489
0.043955 -0.00428676 0.310172 0.0151145
0.0290767 -0.0124382 0.320118 0.0137912
0.0413743 -0.00213804 0.268048 0.0113634
0.044595 -0.00376062 0.340098 -0.287722
0.0434203 -0.00476166 0.311483 0.0151814
0.0525809 -0.00495882 0.353232 -0.461116
0.0374961 0.00297662 0.217179 0.602159
0.23349 -0.0304672 0.0489407 -0.251788
0.0938716 -0.0215109 0.877438 -4.496
0.05188 -0.0064864 0.347906 -0.394165
0.0589471 -0.00965054 0.41482 -0.859961
0.657352 -0.183201 0.102187 3.44268
1.47919 -0.193391 -2.50872 -0.415267
-10.1526 0.688888 80.4388 -6.9005
-0.0766988 0.0427536 -0.0403325 0.438729
-8.89795 0.60181 72.0704 -7.04244
0.522577 -0.115649 0.0646651 3.28285
-10.097 0.725955 73.432 -6.235
0.230464 -0.0207406 0.000180489 1.99753
7.25338 -0.590304 -53.6532 -7.06689
-0.857252 0.113095 1.97856 -0.499951
0.0541018 -0.00850283 0.417739 -0.932179
7.23451 -0.60209 -50.4447 -6.59168
1.28439 -0.163064 -3.25693 -2.24547
-9.93109 0.623276 89.3285 -8.00991
-7.59866 0.496909 65.0064 -7.5181
0.136133 -0.0490844 -0.00027823 2.00158
