0.0413487 -0.00755011 0.331647 0.016528
0.0465392 -0.00796613 0.359336 -0.331772
0.0509125 -0.0160266 0.451683 -1.105
0.294352 -0.106065 0.111655 2.40543
-0.148834 0.037884 -0.0377289 3.39999
0.0702602 -0.0129521 0.520202 -1.06641
0.0503412 -0.0143644 0.455683 -1.01877
0.0568168 -0.0100867 0.407098 -0.494403
0.228383 -0.0330582 0.0852851 -0.251394
0.0357218 0.000252913 0.228778 0.590409
0.0648069 -0.0163919 0.532694 -1.16429
-0.0106473 -0.0635164 0.713667 -1.45906
-0.107445 -0.00661015 -0.564526 -5.68527
0.0399366 -0.00855799 0.336112 0.0168182
0.0566668 -0.0107834 0.437329 -0.779151
0.0602397 -0.0133613 0.502589 -1.27039
0.0635825 -0.0158036 0.506243 -1.29598
0.0340825 -0.00830051 0.306101 0.250011
0.0323658 -0.010599 0.317014 0.0142523
-2.3846 0.124525 19.798 -6.46381
0.335059 -0.0562493 -0.090525 -0.462537
0.069327 -0.0126858 0.505968 -1.39483
0.0505096 -0.0164194 0.467631 -1.3326
0.077051 -0.0181326 0.625272 -2.31726
0.0531412 -0.011123 0.423675 -0.739978
0.0607337 -0.0159222 0.478566 -1.06818
0.0515273 -0.0139153 0.436415 -0.701945
0.1919 -0.0599621 0.259296 -0.371946
-1.90135 0.0810316 16.046 -6.21138
0.0422636 -0.00983339 0.363976 0.0194637
0.0708654 -0.0151777 0.532688 -1.34555
0.0872953 -0.0200738 0.670776 -2.06048
0.0402112 -0.00732525 0.348167 -0.36947
0.0624662 -0.0187744 0.520193 -1.24238
0.0493372 -0.013839 0.430322 -1.16421
0.0938716 -0.0215109 0.877438 -4.496
0.0535021 -0.01311 0.428041 -0.977826
0.0611795 -0.01286 0.458883 -1.56995
0.0280666 -0.0131343 0.323275 -0.394009
0.0406319 -0.00903814 0.338689 -0.385694
0.0583284 -0.0131162 0.459653 -0.749978
0.0531412 -0.011123 0.423675 -0.739978
0.0401267 -0.0065978 0.314522 0.0150978
0.0538057 -0.0176411 0.516998 -0.946005
0.0829297 -0.020493 0.673041 -2.27864
0.0598852 -0.012163 0.449229 -1.00414
0.0547439 -0.0111896 0.430055 -0.456243
0.047397 -0.00589216 0.348917 0.0189169
0.0453336 -0.0120581 0.408353 -0.836648
0.0537789 -0.0159896 0.480046 -1.35282
0.0283717 -0.00945732 0.279336 0.0110481
0.0532705 -0.0104576 0.396727 -0.474037
0.0253481 -0.00129283 0.20448 0.621663
0.0441056 -0.00866055 0.349395 -0.412294
0.0242344 -0.0103437 0.296677 -0.353527
0.0698876 -0.0187072 0.62337 -3.26334
0.041191 -0.00410269 0.289733 0.0130785
0.0580282 -0.0102616 0.441326 -1.28014
0.0546838 -0.0138388 0.461159 -0.904384
0.038129 -0.00525556 0.284624 0.0124796
0.0489817 -0.0108215 0.384817 -0.528219
0.0505129 -0.0132068 0.401961 -0.747777
0.0414135 -0.00951472 0.371702 -0.282082
0.0591106 -0.0127775 0.477414 -1.43806
0.0472712 -0.0100842 0.352942 -0.562918
0.0426991 -0.0115642 0.364824 -0.403603
0.0459482 -0.014216 0.416806 -1.12978
0.077051 -0.0181326 0.625272 -2.31726
0.0645366 -0.0125888 0.482821 -1.84454
0.055641 -0.0100669 0.402808 -0.833142
0.0425233 -0.0145785 0.403045 -1.09177
0.0370117 -0.00492453 0.273713 0.0115138
0.070509 -0.0153076 0.541988 -1.5264
0.0566668 -0.0107834 0.437329 -0.779151
0.0672779 -0.0157073 0.530735 -1.5235
0.0475786 -0.0119284 0.409728 -0.41744
0.0749166 -0.0211259 0.655482 -2.47602
0.0291555 -0.00629659 0.274984 0.302058
0.0507356 -0.00969402 0.363125 -0.58231
0.0489817 -0.0108215 0.384817 -0.528219
0.0444436 -0.00909321 0.383353 -0.308928
0.0484571 -0.0137462 0.40145 -0.442614
0.0426991 -0.0115642 0.364824 -0.403603
0.0603699 -0.0097144 0.417358 -0.513449
0.0568168 -0.0100867 0.407098 -0.494403
0.0485805 -0.00402744 0.330548 0.0169298
0.0332425 -0.0100657 0.313848 0.014058
0.0444436 -0.00909321 0.383353 -0.308928
0.0618659 -0.00953694 0.44116 -1.09583
0.0435298 -0.00538597 0.317765 0.0155435
0.0509321 -0.00864631 0.397915 -0.740203
0.0263893 -0.00226706 0.245471 0.501135
0.0743439 -0.0188133 0.615741 -1.92622
0.0471106 -0.0119241 0.406742 -0.481127
0.0501287 -0.0121582 0.447946 -0.675093
0.0426906 -0.00873572 0.35641 0.0191033
0.0371778 -0.00837739 0.315745 0.0146649
0.0348361 -0.0070923 0.287675 0.0123458
0.0434402 -0.0143549 0.391959 -0.897238
0.0600681 -0.0108401 0.463306 -0.99343
0.0347241 -0.00646618 0.28136 0.0120494
0.0486726 -0.00712901 0.335777 -0.569322
0.0230712 -0.00994551 0.252347 0.00853553
0.036911 -0.00801587 0.30735 -0.389852
0.0546793 -0.0106546 0.427821 -1.24793
0.0421849 -0.00614507 0.322827 -0.392401
0.0373632 -0.0064142 0.29409 0.0130613
0.0478464 -0.0110662 0.38895 -0.953043
0.0735204 -0.01847 0.610122 -2.2961
0.0350753 -0.00795582 0.301733 0.0135663
0.070141 -0.0188515 0.595757 -2.28096
0.070141 -0.0188515 0.595757 -2.28096
0.0343025 -0.00756797 0.288999 0.0123586
0.029781 -0.00844784 0.274832 0.0108918
0.0274956 -0.00999112 0.282514 0.0112094
0.038663 -0.00478018 0.283305 0.0124324
0.0372518 -0.0057885 0.287782 0.0127458
0.0397792 -0.00511061 0.294201 0.0134343
0.0258442 -0.0101351 0.272915 0.0102708
0.0434968 -0.00865419 0.347368 -0.491794
0.0370117 -0.00492453 0.273713 0.0115138
0.0478464 -0.0110662 0.38895 -0.953043
0.0434968 -0.00865419 0.347368 -0.491794
0.0365693 -0.00945868 0.327653 -0.451053
0.0441056 -0.00866055 0.349395 -0.412294
0.0367015 -0.0116271 0.35685 -0.371365
0.0359523 -0.00742265 0.29857 0.0133315
0.0735896 -0.0184412 0.648785 -3.3545
0.0359523 -0.00742265 0.29857 0.0133315
0.038472 -0.0119487 0.353637 -0.462405
0.038472 -0.0119487 0.353637 -0.462405
0.0397792 -0.00511061 0.294201 0.0134343
0.0472712 -0.0100842 0.352942 -0.562918
0.0469686 -0.0082513 0.357111 -0.510127
0.0256002 -0.00926871 0.258789 0.00926612
0.0452364 -0.00752662 0.325643 -0.548645
0.0566668 -0.0107834 0.437329 -0.779151
0.0532705 -0.0104576 0.396727 -0.474037
0.0412395 -0.00692617 0.325372 0.0161839
0.0462079 -0.0111961 0.375607 -0.428801
0.0515273 -0.0139153 0.436415 -0.701945
0.0302862 -0.00462705 0.241853 0.387089
0.0526954 -0.013449 0.443564 -1.19504
0.0560283 -0.0130482 0.456538 -1.22251
0.0441056 -0.00866055 0.349395 -0.412294
0.0382908 -0.00870576 0.326597 0.0157292
0.0502221 -0.0135528 0.41665 -0.95721
0.0600681 -0.0108401 0.463306 -0.99343
0.0383108 -0.00328991 0.262917 0.010822
0.0771954 -0.0181313 0.666216 -3.37477
0.0258442 -0.0101351 0.272915 0.0102708
0.0375456 -0.00444906 0.272394 0.0114647
0.0594342 -0.0103299 0.435076 -1.11586
0.0397792 -0.00511061 0.294201 0.0134343
0.070531 -0.0191993 0.628603 -2.7192
0.0361347 -0.00545752 0.276875 0.0117742
0.0535021 -0.01311 0.428041 -0.977826
0.0598921 -0.0160865 0.492182 -1.26419
0.0373632 -0.0064142 0.29409 0.0130613
0.0454693 -0.0112066 0.374772 -0.509352
0.0345417 -0.00843133 0.303055 0.0135695
0.0357668 -0.00938587 0.320225 0.014898
0.0243036 -0.00575518 0.227484 0.422693
0.0580453 -0.0134031 0.472114 -0.92208
0.0513669 -0.0107694 0.404591 -1.00804
0.03989 -0.00573588 0.300501 0.0137686
0.02672 -0.00960132 0.269735 0.0101245
0.0336214 -0.0048581 0.259237 0.242567
0.041191 -0.00410269 0.289733 0.0130785
0.055641 -0.0100669 0.402808 -0.833142
0.0625308 -0.0155671 0.499231 -1.74809
0.0535021 -0.01311 0.428041 -0.977826
0.0347241 -0.00646618 0.28136 0.0120494
0.0490816 -0.0128915 0.387695 -1.08133
0.0441056 -0.00866055 0.349395 -0.412294
0.0594397 -0.0158467 0.483269 -1.72305
0.0452364 -0.00752662 0.325643 -0.548645
0.0334258 -0.00810109 0.292163 0.012578
0.0296019 -0.0104151 0.296573 0.0122338
0.0476001 -0.00828368 0.359961 -0.437061
0.0443696 -0.0114147 0.375612 -0.91413
0.0513669 -0.0107694 0.404591 -1.00804
0.0539771 -0.0194148 0.532239 -2.94117
0.0518409 -0.0130015 0.423299 -1.41921
0.0503379 -0.0104961 0.389077 -1.41371
0.0349037 -0.00449918 0.259625 0.0105378
0.0337723 -0.00665805 0.300293 -0.311549
0.0310773 -0.0068116 0.264001 0.0104342
0.0478464 -0.0110662 0.38895 -0.953043
0.0360333 -0.00940627 0.323202 -0.523365
0.0604773 -0.0129651 0.477529 -2.07073
0.0441056 -0.00866055 0.349395 -0.412294
0.0347241 -0.00646618 0.28136 0.0120494
0.0225008 -0.00432604 0.222351 0.521676
0.0477477 -0.0165243 0.441591 -1.09683
0.0476001 -0.00828368 0.359961 -0.437061
0.041805 -0.00792388 0.31543 -0.526382
0.0352731 -0.00149757 0.240113 0.354406
0.0242344 -0.0103437 0.296677 -0.353527
0.0346604 -0.00363309 0.245509 0.00939006
0.0335995 -0.00336814 0.235905 0.00871908
0.0400289 -0.00905642 0.33755 -0.472132
0.0323737 -0.00517544 0.253172 0.00992152
0.0331234 -0.00986181 0.31767 -0.428465
0.0558017 -0.0109777 0.446239 -0.92952
0.0361347 -0.00545752 0.276875 0.0117742
0.0395925 -0.00707304 0.315839 0.0151281
0.03989 -0.00573588 0.300501 0.0137686
0.0372518 -0.0057885 0.287782 0.0127458
0.0462079 -0.0111961 0.375607 -0.428801
0.0419616 -0.0115918 0.364672 -0.489362
0.0511095 -0.00790703 0.370408 -0.460187
0.0574108 -0.0130278 0.439086 -1.49384
0.0469686 -0.0082513 0.357111 -0.510127
0.0370448 -0.014169 0.362849 -1.20587
0.0330727 -0.00661028 0.271763 0.0111275
0.0653347 -0.0149758 0.506321 -1.71472
0.0567191 -0.0126449 0.438863 -0.993104
0.0389018 -0.00564359 0.297358 0.0137157
0.0348361 -0.0070923 0.287675 0.0123458
0.0441056 -0.00866055 0.349395 -0.412294
0.0210241 -0.0020331 0.202379 0.559535
0.0434968 -0.00865419 0.347368 -0.491794
0.0370117 -0.00492453 0.273713 0.0115138
0.0566668 -0.0107834 0.437329 -0.779151
0.0570289 -0.0123723 0.426096 -0.80106
0.0593411 -0.0126394 0.469278 -1.24704
0.0782073 -0.0145588 0.558969 -1.39121
0.0547944 -0.0104095 0.418174 -1.0451
0.0448029 -0.00547678 0.332679 -0.309978
0.0283717 -0.00945732 0.279336 0.0110481
0.0421849 -0.00614507 0.322827 -0.392401
0.0414285 -0.00496527 0.303767 0.0144205
0.03989 -0.00573588 0.300501 0.0137686
0.0414285 -0.00496527 0.303767 0.0144205
0.0399648 -0.0031474 0.272548 0.0115375
0.0547944 -0.0104095 0.418174 -1.0451
0.0434968 -0.00865419 0.347368 -0.491794
0.0402112 -0.00732525 0.348167 -0.36947
0.0441056 -0.00866055 0.349395 -0.412294
0.0448339 -0.00375473 0.307038 0.0147156
0.0442985 -0.0057713 0.330434 0.0169172
0.313959 -0.0465102 -0.0838907 -0.371779
-0.28097 0.0358961 1.36998 -1.23515
0.056709 -0.00431731 0.383601 0.0228997
0.0588231 -0.00753961 0.432767 0.0285191
0.0444436 -0.00909321 0.383353 -0.308928
0.056916 -0.00236845 0.362249 0.0206425
0.0771954 -0.0181313 0.666216 -3.37477
0.0513669 -0.0107694 0.404591 -1.00804
0.0372518 -0.0057885 0.287782 0.0127458
0.031384 -0.0023654 0.239358 0.264253
0.0888923 -0.0209972 0.731811 -2.76666
0.0594342 -0.0103299 0.435076 -1.11586
0.0477912 -0.00505701 0.34467 -0.341252
0.0458803 -0.00620336 0.368127 -0.314954
