0.245153 -0.0449372 -0.0441461 -0.256914
0.0243721 -0.0137407 0.305532 0.0117451
0.0558615 -0.025786 0.594964 -2.2712
0.468783 -0.109283 -0.689618 -1.13323
1.57481 -0.232452 -4.00431 -1.59818
0.0791559 -0.0277373 0.774333 -3.48239
0.0727474 -0.0287957 0.768388 -3.67513
0.0348499 -0.0178108 0.385403 -0.53031
0.203548 -0.0403102 0.0776281 -0.237152
0.0542929 -0.0250828 0.555981 -1.45144
0.0629536 -0.0251259 0.625902 -2.3191
-0.240988 0.00810285 0.0275506 1.89203
0.25553 -0.091897 -0.0687938 0.504617
0.0490034 -0.0227532 0.517199 -2.07606
0.253207 -0.0479462 -0.0477962 -0.283581
0.0631159 -0.0251246 0.666686 -3.37566
0.0624945 -0.0283111 0.685204 -3.24433
0.0483986 -0.0225478 0.499447 -1.74704
0.0361192 -0.0205525 0.417439 -0.960676
0.0436381 -0.0189105 0.400236 -0.53032
0.725311 -0.11631 -1.07292 -1.10001
0.0791559 -0.0277373 0.774333 -3.48239
0.0452217 -0.0196312 0.469877 -1.24885
0.0684608 -0.0285737 0.701375 -3.07375
0.0426155 -0.0196425 0.439603 -0.996165
0.052645 -0.0224211 0.531309 -2.09747
0.0299799 -0.0156497 0.349903 -0.414112
2.94882 -0.302914 -15.3729 -4.92643
0.0615042 -0.0281171 0.643112 -2.23331
0.0466075 -0.0229135 0.479262 -1.07056
0.049463 -0.022796 0.506978 -1.29859
0.0684098 -0.0251035 0.67135 -3.09517
0.0419088 -0.0200406 0.457157 -1.22448
0.0366159 -0.0166845 0.363666 -0.584362
0.0394 -0.0201091 0.428817 -0.981179
0.259875 -0.0450301 -0.0459173 -0.28022
0.0464728 -0.0164434 0.437923 -1.57731
0.0605093 -0.0255499 0.632534 -3.00393
0.0371107 -0.0173173 0.381259 -1.20741
0.0276866 -0.0149137 0.315918 -0.528337
0.0545312 -0.0215553 0.517478 -1.71237
0.0562277 -0.0220691 0.544522 -2.11033
0.203548 -0.0403102 0.0776281 -0.237152
0.0524952 -0.0258853 0.559567 -1.94056
0.0598141 -0.0253187 0.593237 -2.02027
0.0598141 -0.0253187 0.593237 -2.02027
0.0598141 -0.0253187 0.593237 -2.02027
0.0442137 -0.0201115 0.460341 -0.752377
0.0453636 -0.0228446 0.483917 -1.72599
0.0337266 -0.0180573 0.389512 -0.955003
0.0643771 -0.0291456 0.744994 -3.97637
0.0453189 -0.0173205 0.4356 -1.11745
0.059083 -0.0250606 0.594018 -2.47358
0.0483986 -0.0225478 0.499447 -1.74704
0.0453636 -0.0228446 0.483917 -1.72599
0.0327631 -0.0209678 0.405399 -0.933829
0.0690662 -0.0290779 0.750426 -3.66024
0.052645 -0.0224211 0.531309 -2.09747
0.0480141 -0.0221594 0.481032 -1.45796
0.0483986 -0.0225478 0.499447 -1.74704
0.0218475 -0.0144204 0.299151 0.0108102
0.0525184 -0.0261826 0.577862 -2.2317
0.0483986 -0.0225478 0.499447 -1.74704
0.0483986 -0.0225478 0.499447 -1.74704
0.0525184 -0.0261826 0.577862 -2.2317
0.0394 -0.0201091 0.428817 -0.981179
0.0299799 -0.0156497 0.349903 -0.414112
0.221793 -0.0412191 0.00890459 -0.239193
0.0700556 -0.0259099 0.73 -3.80112
0.0512224 -0.0219631 0.506705 -1.71512
0.0311206 -0.0145167 0.32612 -0.550485
0.0566101 -0.0258004 0.614115 -2.96341
0.0598141 -0.0253187 0.593237 -2.02027
0.05942 -0.0254619 0.610694 -2.29758
0.0514912 -0.0218223 0.495049 -1.48589
0.0615042 -0.0281171 0.643112 -2.23331
0.0558615 -0.025786 0.594964 -2.2712
0.0424136 -0.0234762 0.481453 -1.25409
0.0558615 -0.025786 0.594964 -2.2712
0.0394 -0.0201091 0.428817 -0.981179
0.0506864 -0.025419 0.543668 -1.43532
0.0426155 -0.0196425 0.439603 -0.996165
0.049463 -0.022796 0.506978 -1.29859
0.219843 -0.0408356 0.0760523 -0.261942
0.0791559 -0.0277373 0.774333 -3.48239
0.250451 -0.0452132 -0.00601507 -0.297241
0.0429219 -0.0193679 0.426757 -0.803633
0.0561685 -0.0255965 0.575942 -1.97866
0.0470766 -0.0198512 0.459358 -1.57124
0.0561685 -0.0255965 0.575942 -1.97866
0.0561685 -0.0255965 0.575942 -1.97866
0.0394 -0.0201091 0.428817 -0.981179
0.0334105 -0.0203971 0.399314 -0.337454
0.0290062 -0.0189777 0.398485 -0.302773
0.0561685 -0.0255965 0.575942 -1.97866
0.0752468 -0.031916 0.87463 -4.29212
0.0453636 -0.0228446 0.483917 -1.72599
0.0490034 -0.0227532 0.517199 -2.07606
0.0410476 -0.0195958 0.437853 -1.455
0.0768549 -0.0286958 0.797925 -3.7821
0.0594605 -0.025413 0.648015 -3.34457
0.0467797 -0.0199006 0.468533 -1.81191
0.0318288 -0.0211933 0.417033 -1.13018
0.0414424 -0.0232946 0.482352 -1.96959
0.0566101 -0.0258004 0.614115 -2.96341
0.0410476 -0.0195958 0.437853 -1.455
0.0410476 -0.0195958 0.437853 -1.455
0.0417059 -0.0231642 0.469541 -1.69394
0.032074 -0.0181852 0.376186 -0.430863
0.0361192 -0.0205525 0.417439 -0.960676
0.0624945 -0.0283111 0.685204 -3.24433
0.0525184 -0.0261826 0.577862 -2.2317
0.0302481 -0.0184055 0.376173 -0.916125
0.0193225 -0.0150998 0.292765 0.00986315
0.0453636 -0.0228446 0.483917 -1.72599
0.0512224 -0.0219631 0.506705 -1.71512
0.0366159 -0.0166845 0.363666 -0.584362
0.0366159 -0.0166845 0.363666 -0.584362
0.0377488 -0.0199936 0.423849 -1.42167
0.0377488 -0.0199936 0.423849 -1.42167
0.0453636 -0.0228446 0.483917 -1.72599
0.055911 -0.0257345 0.625788 -3.2832
0.0531744 -0.0226117 0.560298 -2.9021
0.0234443 -0.0151061 0.304754 -0.488651
0.0195059 -0.0118478 0.259599 0.241238
0.0327631 -0.0209678 0.405399 -0.933829
0.0453636 -0.0228446 0.483917 -1.72599
0.0361192 -0.0205525 0.417439 -0.960676
0.0201975 -0.0145656 0.289573 0.00980849
0.0453636 -0.0228446 0.483917 -1.72599
0.0594605 -0.025413 0.648015 -3.34457
0.0271351 -0.013924 0.325961 0.0137914
0.0480141 -0.0221594 0.481032 -1.45796
0.0410476 -0.0195958 0.437853 -1.455
0.0608215 -0.0294976 0.732997 -4.01793
0.195421 -0.0383512 -0.00696511 -0.190528
0.0356029 -0.017817 0.38681 -0.454238
0.032074 -0.0181852 0.376186 -0.430863
0.0561685 -0.0255965 0.575942 -1.97866
0.0403888 -0.0222953 0.449818 -0.92151
0.0483333 -0.0257664 0.521043 -1.24543
0.0524952 -0.0258853 0.559567 -1.94056
0.0424136 -0.0234762 0.481453 -1.25409
0.0241924 -0.0157076 0.327264 0.0129242
0.0285622 -0.0185529 0.365404 -0.405696
0.0394 -0.0201091 0.428817 -0.981179
0.0631159 -0.0251246 0.666686 -3.37566
0.0461173 -0.0189094 0.436997 -0.815576
0.040676 -0.0173995 0.418689 -1.04665
0.0594605 -0.025413 0.648015 -3.34457
0.055911 -0.0257345 0.625788 -3.2832
0.055911 -0.0257345 0.625788 -3.2832
0.0558615 -0.025786 0.594964 -2.2712
0.0483986 -0.0225478 0.499447 -1.74704
0.0364077 -0.0202042 0.402665 -0.750742
0.0361192 -0.0205525 0.417439 -0.960676
0.0372114 -0.0227596 0.439008 -0.90662
0.0394 -0.0201091 0.428817 -0.981179
0.0453636 -0.0228446 0.483917 -1.72599
0.0525184 -0.0261826 0.577862 -2.2317
0.0428342 -0.0256175 0.49439 -1.59071
0.0483986 -0.0225478 0.499447 -1.74704
0.0361192 -0.0205525 0.417439 -0.960676
0.0690662 -0.0290779 0.750426 -3.66024
0.0348499 -0.0178108 0.385403 -0.53031
0.0361192 -0.0205525 0.417439 -0.960676
0.0327631 -0.0209678 0.405399 -0.933829
0.0484094 -0.0260497 0.556279 -2.68887
0.0337266 -0.0180573 0.389512 -0.955003
0.207694 -0.0411844 0.00878875 -0.21867
0.0368246 -0.0230371 0.452847 -1.11079
0.0327631 -0.0209678 0.405399 -0.933829
0.0195519 -0.019036 0.345632 -0.344706
0.0145322 -0.0145799 0.259596 0.00725099
0.0608215 -0.0294976 0.732997 -4.01793
0.0417059 -0.0231642 0.469541 -1.69394
0.0453636 -0.0228446 0.483917 -1.72599
0.0225718 -0.018616 0.357403 -0.373408
0.0201975 -0.0145656 0.289573 0.00980849
0.0512224 -0.0219631 0.506705 -1.71512
0.0410476 -0.0195958 0.437853 -1.455
0.055911 -0.0257345 0.625788 -3.2832
0.0495461 -0.0231225 0.568049 -3.35849
0.0380419 -0.0234781 0.454777 -1.65707
0.0342676 -0.0202905 0.406129 -1.35361
0.0527103 -0.0261906 0.617634 -3.34972
0.0262302 -0.0178509 0.332843 -0.521715
0.0180422 -0.0165742 0.318382 -0.320861
0.0176718 -0.0152444 0.283176 0.00887464
0.0151458 -0.0159231 0.276774 0.00792536
0.0302481 -0.0184055 0.376173 -0.916125
0.0453636 -0.0228446 0.483917 -1.72599
0.0380419 -0.0234781 0.454777 -1.65707
0.0327631 -0.0209678 0.405399 -0.933829
0.0417059 -0.0231642 0.469541 -1.69394
0.0483986 -0.0225478 0.499447 -1.74704
0.0276866 -0.0149137 0.315918 -0.528337
0.0531744 -0.0226117 0.560298 -2.9021
0.194671 -0.04133 0.00705508 -0.200546
0.022783 -0.0182374 0.322325 -0.497182
0.022783 -0.0182374 0.322325 -0.497182
0.0485375 -0.0262672 0.596348 -3.29521
0.0484094 -0.0260497 0.556279 -2.68887
0.0231336 -0.0190764 0.348961 -0.820524
0.0483986 -0.0225478 0.499447 -1.74704
0.020554 -0.0160585 0.310021 0.0109492
0.0361192 -0.0205525 0.417439 -0.960676
0.032074 -0.0181852 0.376186 -0.430863
0.0225718 -0.018616 0.357403 -0.373408
0.0453636 -0.0228446 0.483917 -1.72599
0.0361192 -0.0205525 0.417439 -0.960676
0.0512224 -0.0219631 0.506705 -1.71512
0.0377488 -0.0199936 0.423849 -1.42167
0.0377488 -0.0199936 0.423849 -1.42167
0.0142715 -0.0164577 0.279978 0.00792426
0.0302782 -0.0206084 0.394909 -1.32362
0.0411801 -0.0229093 0.456897 -1.4292
0.0411801 -0.0229093 0.456897 -1.4292
0.0385757 -0.0204419 0.444195 -1.19711
0.0428342 -0.0256175 0.49439 -1.59071
0.0417059 -0.0231642 0.469541 -1.69394
0.0231336 -0.0190764 0.348961 -0.820524
0.0380419 -0.0234781 0.454777 -1.65707
0.0167972 -0.0157789 0.286374 0.00890215
0.0377488 -0.0199936 0.423849 -1.42167
0.0461028 -0.0252094 0.505464 -1.59206
0.214393 -0.0411402 0.00936913 -0.228327
0.222086 -0.0449519 0.0585253 -0.279737
0.0431265 -0.0202144 0.453064 -1.77017
0.0377488 -0.0199936 0.423849 -1.42167
0.0383162 -0.0233758 0.443648 -1.41072
0.0380419 -0.0234781 0.454777 -1.65707
0.0267612 -0.0187394 0.362532 -0.873868
0.0417059 -0.0231642 0.469541 -1.69394
0.0453636 -0.0228446 0.483917 -1.72599
0.0336578 -0.0235352 0.442746 -1.10257
0.0209527 -0.0161324 0.330145 -0.351298
0.0417059 -0.0231642 0.469541 -1.69394
0.0293283 -0.0213527 0.392704 -0.900395
0.0527103 -0.0261906 0.617634 -3.34972
0.0456772 -0.0253586 0.520469 -1.85074
0.0483986 -0.0225478 0.499447 -1.74704
0.0690662 -0.0290779 0.750426 -3.66024
0.296309 -0.0537631 -0.10539 -0.365237
0.077847 -0.0237114 0.670251 -2.15343
0.0779696 -0.0276431 0.762925 -3.05568
0.03699 -0.0148969 0.370901 -0.461871
0.0539825 -0.0223301 0.507013 -1.13652
0.0201648 -0.0155423 0.294673 -0.466182
0.025439 -0.018839 0.36969 -1.03468
0.0262302 -0.0178509 0.332843 -0.521715
0.0293283 -0.0213527 0.392704 -0.900395
0.0218475 -0.0144204 0.299151 0.0108102
0.211736 -0.0438482 0.0268143 -0.23612
0.0524952 -0.0258853 0.559567 -1.94056
0.0525184 -0.0261826 0.577862 -2.2317
