0.0349906 -0.0123441 0.343636 -0.441305
0.0308989 -0.00877932 0.285752 0.0118171
0.028788 -0.0135612 0.354786 -0.276005
-0.231117 0.00636137 0.0217212 1.91957
9.16119 -0.67012 -74.8287 -7.53997
0.0422516 -0.0112585 0.361104 -0.288863
0.0321275 -0.00973608 0.302968 0.0130521
0.0367015 -0.0116271 0.35685 -0.371365
0.0509125 -0.0160266 0.451683 -1.105
0.0321275 -0.00973608 0.302968 0.0130521
0.0400376 -0.0127136 0.387579 -0.448105
-0.217416 0.0480975 -0.0820016 3.51175
-1.40748 0.191301 1.65443 0.393058
0.0281927 -0.0114246 0.301078 0.012352
0.0472224 -0.016841 0.454913 -1.30906
0.0468694 -0.0139686 0.404622 -0.930441
0.028788 -0.0135612 0.354786 -0.276005
0.0296019 -0.0104151 0.296573 0.0122338
0.0281927 -0.0114246 0.301078 0.012352
0.033776 -0.00959001 0.312522 0.0140751
4.12426 -0.355792 -28.8606 -6.88151
0.0346528 -0.00905687 0.309359 0.0138627
0.038472 -0.0119487 0.353637 -0.462405
0.033681 -0.0120472 0.345092 -0.342674
0.0321275 -0.00973608 0.302968 0.0130521
0.033681 -0.0120472 0.345092 -0.342674
0.0349906 -0.0123441 0.343636 -0.441305
-0.383928 0.0324627 1.54674 -1.23639
0.0472385 -0.0199438 0.483303 -0.938221
0.0319435 -0.0117002 0.324642 0.0144907
0.0323658 -0.010599 0.317014 0.0142523
0.0359523 -0.00742265 0.29857 0.0133315
0.0273166 -0.0119584 0.304255 0.0124967
0.0246795 -0.00826485 0.253113 0.300767
0.0453189 -0.0173205 0.4356 -1.11745
0.0367015 -0.0116271 0.35685 -0.371365
0.029781 -0.00844784 0.274832 0.0108918
0.0281289 -0.00859169 0.265226 0.00998844
0.0256002 -0.00926871 0.258789 0.00926612
0.0256002 -0.00926871 0.258789 0.00926612
0.0367015 -0.0116271 0.35685 -0.371365
0.038472 -0.0119487 0.353637 -0.462405
0.0405132 -0.0145204 0.381234 -0.483429
0.0307178 -0.0107453 0.307465 0.0132091
0.044043 -0.0141433 0.391475 -0.503626
0.0344665 -0.0110195 0.331002 0.0153876
0.0509125 -0.0160266 0.451683 -1.105
0.0475788 -0.0137655 0.401632 -0.522585
0.0345596 -0.0141193 0.336241 -0.571039
0.0334797 -0.0116334 0.31107 -0.46785
0.0258442 -0.0101351 0.272915 0.0102708
0.0323658 -0.010599 0.317014 0.0142523
0.0368334 -0.0119353 0.346061 -0.802401
0.0281289 -0.00859169 0.265226 0.00998844
0.0354842 -0.0152065 0.373178 -0.990811
0.043166 -0.01684 0.423263 -1.53925
0.0308989 -0.00877932 0.285752 0.0118171
0.0296678 -0.00782093 0.268501 0.0106333
0.0283717 -0.00945732 0.279336 0.0110481
0.0306894 -0.0124664 0.333103 -0.311431
0.0453189 -0.0173205 0.4356 -1.11745
0.0211463 -0.00848381 0.240447 0.353233
0.0273166 -0.0119584 0.304255 0.0124967
0.0296019 -0.0104151 0.296573 0.0122338
0.0232819 -0.00985867 0.24109 0.267025
0.019869 -0.00620183 0.218638 0.393402
0.0211463 -0.00848381 0.240447 0.353233
0.0468694 -0.0139686 0.404622 -0.930441
0.0459482 -0.014216 0.416806 -1.12978
0.0408616 -0.0117511 0.362143 -0.872325
0.0361383 -0.0120519 0.351586 -0.975985
0.0327997 -0.0115889 0.30829 -0.554716
0.038472 -0.0119487 0.353637 -0.462405
0.0509125 -0.0160266 0.451683 -1.105
0.0321275 -0.00973608 0.302968 0.0130521
0.0296019 -0.0104151 0.296573 0.0122338
0.0281289 -0.00859169 0.265226 0.00998844
0.0541287 -0.0192666 0.497924 -1.87728
0.0292479 -0.00892376 0.27616 0.0108772
0.0296019 -0.0104151 0.296573 0.0122338
0.0298414 -0.0112788 0.310637 0.0133789
0.03699 -0.0148969 0.370901 -0.461871
0.0514779 -0.0196815 0.479367 -1.1528
0.0454693 -0.0112066 0.374772 -0.509352
0.0598921 -0.0160865 0.492182 -1.26419
0.0475788 -0.0137655 0.401632 -0.522585
0.036951 -0.0130476 0.378701 -0.351336
0.0317659 -0.0131932 0.368571 -0.316371
0.0294894 -0.00978868 0.290252 0.0119786
0.0577758 -0.0189386 0.511903 -1.90169
0.0298414 -0.0112788 0.310637 0.0133789
0.0270758 -0.0110939 0.290172 0.0114073
0.0405132 -0.0145204 0.381234 -0.483429
0.0243102 -0.00950295 0.277473 0.328466
0.031067 -0.0122335 0.32781 0.0146621
0.0271198 -0.0089715 0.287092 0.302052
0.0256002 -0.00926871 0.258789 0.00926612
0.0390597 -0.0149263 0.389103 -1.05049
0.04822 -0.0169161 0.448876 -1.8699
0.0334258 -0.00810109 0.292163 0.012578
0.0294894 -0.00978868 0.290252 0.0119786
0.0425233 -0.0145785 0.403045 -1.09177
0.0230712 -0.00994551 0.252347 0.00853553
0.0227561 -0.0117048 0.288245 -0.355361
0.0281289 -0.00859169 0.265226 0.00998844
0.0268946 -0.00763107 0.24793 0.00890139
0.0368334 -0.0119353 0.346061 -0.802401
0.0242344 -0.0103437 0.296677 -0.353527
0.0274956 -0.00999112 0.282514 0.0112094
0.0270758 -0.0110939 0.290172 0.0114073
0.0211463 -0.00848381 0.240447 0.353233
0.0315201 -0.0127391 0.333519 -0.418554
0.0230712 -0.00994551 0.252347 0.00853553
0.0230712 -0.00994551 0.252347 0.00853553
0.0280666 -0.0131343 0.323275 -0.394009
0.0321607 -0.00958459 0.317905 -0.319019
0.0321607 -0.00958459 0.317905 -0.319019
0.0281289 -0.00859169 0.265226 0.00998844
0.0247245 -0.0098025 0.261971 0.00940595
0.0327997 -0.0115889 0.30829 -0.554716
0.0258442 -0.0101351 0.272915 0.0102708
0.0327997 -0.0115889 0.30829 -0.554716
0.0296976 -0.0102668 0.307594 -0.404276
0.020134 -0.00829425 0.208572 0.335933
0.0425233 -0.0145785 0.403045 -1.09177
0.0299799 -0.0156497 0.349903 -0.414112
0.0254251 -0.0112386 0.280586 0.0104483
0.0270758 -0.0110939 0.290172 0.0114073
0.0180118 -0.00891311 0.230526 0.388808
0.0230712 -0.00994551 0.252347 0.00853553
0.0272529 -0.00912528 0.268404 0.010153
0.029781 -0.00844784 0.274832 0.0108918
0.0349666 -0.00871721 0.294689 -0.476067
0.0449404 -0.013895 0.400062 -1.55109
0.0280666 -0.0131343 0.323275 -0.394009
0.0394205 -0.0136639 0.380371 -1.43309
0.0321275 -0.00973608 0.302968 0.0130521
0.0296019 -0.0104151 0.296573 0.0122338
0.0246795 -0.00826485 0.253113 0.300767
0.0425233 -0.0145785 0.403045 -1.09177
0.0196612 -0.00756066 0.246217 0.391154
0.0281289 -0.00859169 0.265226 0.00998844
0.0315201 -0.0127391 0.333519 -0.418554
0.0281289 -0.00859169 0.265226 0.00998844
0.0270758 -0.0110939 0.290172 0.0114073
0.0349906 -0.0123441 0.343636 -0.441305
0.0321607 -0.00958459 0.317905 -0.319019
0.0419616 -0.0115918 0.364672 -0.489362
0.0349666 -0.00871721 0.294689 -0.476067
0.0244418 -0.00839358 0.242974 0.00838665
0.0219082 -0.0090634 0.236372 0.00767946
0.0233016 -0.00804657 0.231802 0.00759945
0.0434402 -0.0143549 0.391959 -0.897238
0.0281289 -0.00859169 0.265226 0.00998844
0.0256002 -0.00926871 0.258789 0.00926612
0.0327997 -0.0115889 0.30829 -0.554716
0.0380026 -0.0137217 0.346295 -0.590195
0.0283717 -0.00945732 0.279336 0.0110481
0.0368131 -0.0156358 0.398396 -0.74166
0.0380026 -0.0137217 0.346295 -0.590195
0.0233163 -0.0108126 0.26649 0.0094848
0.0315201 -0.0127391 0.333519 -0.418554
0.0309965 -0.0127404 0.330993 -0.500667
0.0296019 -0.0104151 0.296573 0.0122338
0.0321607 -0.00958459 0.317905 -0.319019
0.0390597 -0.0149263 0.389103 -1.05049
0.022115 -0.00754023 0.219424 0.297676
0.0230712 -0.00994551 0.252347 0.00853553
0.0334797 -0.0116334 0.31107 -0.46785
0.0272529 -0.00912528 0.268404 0.010153
0.0247245 -0.0098025 0.261971 0.00940595
0.0233163 -0.0108126 0.26649 0.0094848
0.0360358 -0.0140305 0.366534 -1.39716
0.0219082 -0.0090634 0.236372 0.00767946
0.0136978 -0.00567883 0.191194 0.64442
0.0170791 -0.0067887 0.211159 0.412815
0.0256002 -0.00926871 0.258789 0.00926612
0.0247245 -0.0098025 0.261971 0.00940595
0.0236008 -0.00893646 0.246171 0.00850217
0.0349906 -0.0123441 0.343636 -0.441305
0.0258352 -0.00737618 0.238397 0.00826651
0.0416054 -0.0140466 0.377148 -1.26913
0.0280145 -0.0116955 0.297246 -0.508677
0.0207681 -0.00871656 0.225202 0.00692622
0.0219082 -0.0090634 0.236372 0.00767946
0.0233016 -0.00804657 0.231802 0.00759945
0.0219082 -0.0090634 0.236372 0.00767946
0.0207681 -0.00871656 0.225202 0.00692622
0.0280145 -0.0116955 0.297246 -0.508677
0.0207881 -0.0114899 0.260059 0.00868952
0.022115 -0.00754023 0.219424 0.297676
0.0256519 -0.00726694 0.229787 0.256167
0.0150892 -0.00678623 0.191767 0.572387
0.0230712 -0.00994551 0.252347 0.00853553
0.0215449 -0.00903035 0.24278 0.27015
0.0285482 -0.00748835 0.257558 0.00975283
0.0361383 -0.0120519 0.351586 -0.975985
0.0268946 -0.00763107 0.24793 0.00890139
0.0219082 -0.0090634 0.236372 0.00767946
0.0219082 -0.0090634 0.236372 0.00767946
0.0216089 -0.00817455 0.222015 0.00683166
0.0284809 -0.0127553 0.330401 -0.914666
0.0280145 -0.0116955 0.297246 -0.508677
0.016773 -0.00895711 0.20046 0.277529
0.0477477 -0.0165243 0.441591 -1.09683
0.0315201 -0.0127391 0.333519 -0.418554
0.0283717 -0.00945732 0.279336 0.0110481
0.0321607 -0.00958459 0.317905 -0.319019
0.0345596 -0.0141193 0.336241 -0.571039
0.0211463 -0.00848381 0.240447 0.353233
0.019869 -0.00620183 0.218638 0.393402
0.0310773 -0.0068116 0.264001 0.0104342
0.0214594 -0.00491693 0.19244 0.452199
0.0244418 -0.00839358 0.242974 0.00838665
0.0148787 -0.00610611 0.17529 0.44843
0.0207681 -0.00871656 0.225202 0.00692622
0.0327997 -0.0115889 0.30829 -0.554716
0.0256002 -0.00926871 0.258789 0.00926612
0.0368334 -0.0119353 0.346061 -0.802401
0.0233163 -0.0108126 0.26649 0.0094848
0.0230712 -0.00994551 0.252347 0.00853553
0.0210672 -0.00960594 0.239564 0.00776941
0.0221957 -0.0104795 0.255534 0.00865035
0.0230712 -0.00994551 0.252347 0.00853553
0.0315201 -0.0127391 0.333519 -0.418554
0.021681 -0.00941501 0.285104 0.23809
0.038472 -0.0119487 0.353637 -0.462405
0.0367015 -0.0116271 0.35685 -0.371365
0.0308427 -0.00893767 0.283395 -0.433001
0.0327997 -0.0115889 0.30829 -0.554716
0.0230712 -0.00994551 0.252347 0.00853553
0.0446035 -0.0172029 0.431223 -1.80818
0.0256002 -0.00926871 0.258789 0.00926612
0.0327997 -0.0115889 0.30829 -0.554716
0.0272529 -0.00912528 0.268404 0.010153
0.0170791 -0.0067887 0.211159 0.412815
0.0327997 -0.0115889 0.30829 -0.554716
0.0236008 -0.00893646 0.246171 0.00850217
0.0233163 -0.0108126 0.26649 0.0094848
0.022115 -0.00754023 0.219424 0.297676
0.0270758 -0.0110939 0.290172 0.0114073
-0.0286775 0.00306445 0.267028 0.566733
0.0419616 -0.0115918 0.364672 -0.489362
-0.452134 0.0371528 2.26859 -2.11565
0.0547439 -0.0111896 0.430055 -0.456243
0.0684153 -0.0180893 0.555122 -1.44834
0.0440155 -0.0122993 0.399462 -0.396512
0.039059 -0.00909083 0.339263 0.0170753
0.0360358 -0.0140305 0.366534 -1.39716
0.0230712 -0.00994551 0.252347 0.00853553
0.0246055 -0.00640008 0.220735 0.0072135
0.0230483 -0.00941084 0.247549 0.00847183
0.033681 -0.0120472 0.345092 -0.342674
0.0296019 -0.0104151 0.296573 0.0122338
0.0283717 -0.00945732 0.279336 0.0110481
0.033681 -0.0120472 0.345092 -0.342674
