0.0368131 -0.0156358 0.398396 -0.74166
0.0355192 -0.0145551 0.371709 -0.362377
0.0273166 -0.0119584 0.304255 0.0124967
0.242699 -0.0962272 0.0693879 3.47153
-0.107445 -0.00661015 -0.564526 -5.68527
0.0346528 -0.00905687 0.309359 0.0138627
0.0319435 -0.0117002 0.324642 0.0144907
0.0440407 -0.0149863 0.424148 -0.812553
0.0308989 -0.00877932 0.285752 0.0118171
0.038472 -0.0119487 0.353637 -0.462405
0.0323658 -0.010599 0.317014 0.0142523
0.121328 -0.0656672 0.0255257 3.21489
-2.10641 0.286287 3.25855 -0.135182
0.0268963 -0.0130608 0.311907 0.012669
0.0294948 -0.0139022 0.358425 -0.391261
0.033681 -0.0120472 0.345092 -0.342674
0.0439092 -0.0172505 0.441824 -1.28149
0.0453189 -0.0173205 0.4356 -1.11745
0.0504209 -0.019472 0.471808 -1.58501
0.349154 -0.0526044 -0.266469 -0.342075
0.0480889 -0.0162053 0.426871 -0.883722
0.0557747 -0.0161654 0.468876 -1.69059
0.0349906 -0.0123441 0.343636 -0.441305
0.0684185 -0.0219001 0.676181 -3.64513
0.0541287 -0.0192666 0.497924 -1.87728
0.0306894 -0.0124664 0.333103 -0.311431
0.0368131 -0.0156358 0.398396 -0.74166
-6.36171 0.417452 50.6971 -6.89942
-1.85876 0.146096 10.3999 -3.99225
0.03699 -0.0148969 0.370901 -0.461871
0.0319435 -0.0117002 0.324642 0.0144907
0.0346528 -0.00905687 0.309359 0.0138627
0.03699 -0.0148969 0.370901 -0.461871
0.0380026 -0.0137217 0.346295 -0.590195
0.0545312 -0.0215553 0.517478 -1.71237
0.0321275 -0.00973608 0.302968 0.0130521
0.0449404 -0.013895 0.400062 -1.55109
0.0390597 -0.0149263 0.389103 -1.05049
0.0170791 -0.0067887 0.211159 0.412815
0.0233163 -0.0108126 0.26649 0.0094848
0.0744911 -0.0223746 0.724672 -3.94417
0.0246795 -0.00826485 0.253113 0.300767
0.0404338 -0.0153137 0.411273 -0.77779
0.023564 -0.0112785 0.266562 0.28916
0.0323658 -0.010599 0.317014 0.0142523
0.0569489 -0.0186302 0.494101 -1.59111
0.0286114 -0.00806783 0.262768 0.26718
0.0348898 -0.00991896 0.323385 0.0151166
0.043166 -0.01684 0.423263 -1.53925
0.0182063 -0.00632665 0.200284 0.541309
0.0390597 -0.0149263 0.389103 -1.05049
0.029781 -0.00844784 0.274832 0.0108918
0.0268946 -0.00763107 0.24793 0.00890139
0.0244418 -0.00839358 0.242974 0.00838665
0.0576018 -0.0228128 0.627322 -3.64482
0.0284809 -0.0127553 0.330401 -0.914666
0.0349906 -0.0123441 0.343636 -0.441305
0.0425233 -0.0145785 0.403045 -1.09177
0.0334797 -0.0116334 0.31107 -0.46785
0.0254251 -0.0112386 0.280586 0.0104483
0.0254251 -0.0112386 0.280586 0.0104483
0.0258442 -0.0101351 0.272915 0.0102708
0.0211463 -0.00848381 0.240447 0.353233
0.0283717 -0.00945732 0.279336 0.0110481
0.0241919 -0.0102786 0.263304 0.0093634
0.0247245 -0.0098025 0.261971 0.00940595
0.0215449 -0.00903035 0.24278 0.27015
0.0286114 -0.00806783 0.262768 0.26718
0.0369127 -0.0112479 0.321751 -0.494751
0.0272529 -0.00912528 0.268404 0.010153
0.0416054 -0.0140466 0.377148 -1.26913
0.0230712 -0.00994551 0.252347 0.00853553
0.0220098 -0.00683679 0.252618 0.384222
0.0434402 -0.0143549 0.391959 -0.897238
0.0453189 -0.0173205 0.4356 -1.11745
0.0270758 -0.0110939 0.290172 0.0114073
0.0254251 -0.0112386 0.280586 0.0104483
0.0256673 -0.0121038 0.294686 0.0114867
0.0270758 -0.0110939 0.290172 0.0114073
0.0453189 -0.0173205 0.4356 -1.11745
0.0270758 -0.0110939 0.290172 0.0114073
0.0270758 -0.0110939 0.290172 0.0114073
0.0380026 -0.0137217 0.346295 -0.590195
0.0537789 -0.0159896 0.480046 -1.35282
0.0404712 -0.0126721 0.389121 -0.374494
0.0419616 -0.0115918 0.364672 -0.489362
0.038472 -0.0119487 0.353637 -0.462405
0.0511534 -0.0199877 0.498336 -1.5435
0.0281289 -0.00859169 0.265226 0.00998844
0.029781 -0.00844784 0.274832 0.0108918
0.0472224 -0.016841 0.454913 -1.30906
0.0257802 -0.0127306 0.301013 0.0117099
0.0306894 -0.0124664 0.333103 -0.311431
0.03699 -0.0148969 0.370901 -0.461871
0.0296019 -0.0104151 0.296573 0.0122338
0.0307178 -0.0107453 0.307465 0.0132091
0.0236008 -0.00893646 0.246171 0.00850217
0.0256002 -0.00926871 0.258789 0.00926612
0.0245494 -0.0117724 0.283767 0.0105716
0.0311905 -0.00743858 0.270332 0.0107025
0.0464728 -0.0164434 0.437923 -1.57731
0.04822 -0.0169161 0.448876 -1.8699
0.0206043 -0.0107098 0.247437 0.00796707
0.0206043 -0.0107098 0.247437 0.00796707
0.0256002 -0.00926871 0.258789 0.00926612
0.0327997 -0.0115889 0.30829 -0.554716
0.0209325 -0.00517221 0.194663 0.361948
0.0205669 -0.0106397 0.284702 -0.307679
0.0269628 -0.010467 0.283844 0.0111713
0.0241919 -0.0102786 0.263304 0.0093634
0.0258442 -0.0101351 0.272915 0.0102708
0.0315201 -0.0127391 0.333519 -0.418554
0.0167849 -0.00782125 0.18746 0.52694
0.0219082 -0.0090634 0.236372 0.00767946
0.0504967 -0.0195601 0.492424 -2.45644
0.0229245 -0.00575976 0.228677 0.35565
0.0518292 -0.016607 0.465679 -1.92197
0.0368334 -0.0119353 0.346061 -0.802401
0.0311206 -0.0145167 0.32612 -0.550485
0.0230712 -0.00994551 0.252347 0.00853553
0.0233016 -0.00804657 0.231802 0.00759945
0.020134 -0.00829425 0.208572 0.335933
0.0247245 -0.0098025 0.261971 0.00940595
0.024793 -0.0121524 0.287611 -0.490379
0.02672 -0.00960132 0.269735 0.0101245
0.0206153 -0.0134612 0.281886 0.00972607
0.0230712 -0.00994551 0.252347 0.00853553
0.0254251 -0.0112386 0.280586 0.0104483
0.0207881 -0.0114899 0.260059 0.00868952
0.0143924 -0.00456935 0.167551 0.647839
0.0390597 -0.0149263 0.389103 -1.05049
0.0331234 -0.00986181 0.31767 -0.428465
0.0268946 -0.00763107 0.24793 0.00890139
0.0256002 -0.00926871 0.258789 0.00926612
0.0230712 -0.00994551 0.252347 0.00853553
0.0233016 -0.00804657 0.231802 0.00759945
0.0434402 -0.0143549 0.391959 -0.897238
0.0281289 -0.00859169 0.265226 0.00998844
0.0349906 -0.0123441 0.343636 -0.441305
0.0257802 -0.0127306 0.301013 0.0117099
0.0161389 -0.00516641 0.203828 0.589372
0.0315201 -0.0127391 0.333519 -0.418554
0.0256673 -0.0121038 0.294686 0.0114867
0.0390597 -0.0149263 0.389103 -1.05049
0.0241919 -0.0102786 0.263304 0.0093634
0.0270758 -0.0110939 0.290172 0.0114073
0.0434402 -0.0143549 0.391959 -0.897238
0.038472 -0.0119487 0.353637 -0.462405
0.0258352 -0.00737618 0.238397 0.00826651
0.0207681 -0.00871656 0.225202 0.00692622
0.020134 -0.00829425 0.208572 0.335933
0.0216089 -0.00817455 0.222015 0.00683166
0.0390597 -0.0149263 0.389103 -1.05049
0.0170791 -0.0067887 0.211159 0.412815
0.0345596 -0.0141193 0.336241 -0.571039
0.0230712 -0.00994551 0.252347 0.00853553
0.0245494 -0.0117724 0.283767 0.0105716
0.0265431 -0.01157 0.291506 0.011357
0.0247245 -0.0098025 0.261971 0.00940595
0.0233163 -0.0108126 0.26649 0.0094848
0.00640094 -0.00772081 0.202325 0.673507
0.0390597 -0.0149263 0.389103 -1.05049
0.0256002 -0.00926871 0.258789 0.00926612
0.0315201 -0.0127391 0.333519 -0.418554
0.0281289 -0.00859169 0.265226 0.00998844
0.0244418 -0.00839358 0.242974 0.00838665
0.0280145 -0.0116955 0.297246 -0.508677
0.0207881 -0.0114899 0.260059 0.00868952
0.0242344 -0.0103437 0.296677 -0.353527
0.0258442 -0.0101351 0.272915 0.0102708
0.0221957 -0.0104795 0.255534 0.00865035
0.0319805 -0.0155413 0.359598 -0.949177
0.0206043 -0.0107098 0.247437 0.00796707
0.024793 -0.0121524 0.287611 -0.490379
0.0150892 -0.00678623 0.191767 0.572387
0.0227561 -0.0117048 0.288245 -0.355361
0.0311206 -0.0145167 0.32612 -0.550485
0.0311206 -0.0145167 0.32612 -0.550485
0.0230712 -0.00994551 0.252347 0.00853553
0.0272529 -0.00912528 0.268404 0.010153
0.0276159 -0.0093738 0.272965 -0.405448
0.0276159 -0.0093738 0.272965 -0.405448
0.0205669 -0.0106397 0.284702 -0.307679
0.0197633 -0.0112521 0.250627 0.00803243
0.0206043 -0.0107098 0.247437 0.00796707
0.0280145 -0.0116955 0.297246 -0.508677
0.0216089 -0.00817455 0.222015 0.00683166
0.0111344 -0.00757312 0.188863 0.504153
0.0210672 -0.00960594 0.239564 0.00776941
0.0111344 -0.00757312 0.188863 0.504153
0.0233163 -0.0108126 0.26649 0.0094848
0.0256002 -0.00926871 0.258789 0.00926612
0.0194642 -0.0103624 0.23626 0.00719525
0.0396195 -0.0171089 0.404072 -1.45765
0.0230712 -0.00994551 0.252347 0.00853553
0.0256519 -0.00726694 0.229787 0.256167
0.0327997 -0.0115889 0.30829 -0.554716
0.0276159 -0.0093738 0.272965 -0.405448
0.0112491 -0.00503733 0.161238 0.666649
0.024793 -0.0121524 0.287611 -0.490379
0.016773 -0.00895711 0.20046 0.277529
0.0193746 -0.0097328 0.229764 0.00696563
0.0280145 -0.0116955 0.297246 -0.508677
0.0168411 -0.0104018 0.223152 0.00624437
0.0276086 -0.0106178 0.28884 0.0114509
0.0171723 -0.0100011 0.254329 0.413381
0.0306894 -0.0124664 0.333103 -0.311431
0.0281289 -0.00859169 0.265226 0.00998844
0.0372475 -0.0177597 0.405118 -1.0097
0.0354842 -0.0152065 0.373178 -0.990811
0.0247245 -0.0098025 0.261971 0.00940595
0.0296976 -0.0102668 0.307594 -0.404276
0.0192043 -0.00521004 0.174825 0.541234
0.0258352 -0.00737618 0.238397 0.00826651
0.0338837 -0.0169405 0.387157 -1.5359
0.0111344 -0.00757312 0.188863 0.504153
0.0280145 -0.0116955 0.297246 -0.508677
0.0230712 -0.00994551 0.252347 0.00853553
0.0258442 -0.0101351 0.272915 0.0102708
0.0311206 -0.0145167 0.32612 -0.550485
0.0150892 -0.00678623 0.191767 0.572387
0.016773 -0.00895711 0.20046 0.277529
0.0193746 -0.0097328 0.229764 0.00696563
0.0219082 -0.0090634 0.236372 0.00767946
0.0211463 -0.00848381 0.240447 0.353233
0.0545312 -0.0215553 0.517478 -1.71237
0.0296678 -0.00782093 0.268501 0.0106333
0.0477477 -0.0165243 0.441591 -1.09683
0.0258442 -0.0101351 0.272915 0.0102708
0.0236008 -0.00893646 0.246171 0.00850217
0.0194642 -0.0103624 0.23626 0.00719525
0.024793 -0.0121524 0.287611 -0.490379
0.0221957 -0.0104795 0.255534 0.00865035
0.0233163 -0.0108126 0.26649 0.0094848
0.0182063 -0.00632665 0.200284 0.541309
0.0137441 -0.00701983 0.196258 0.492186
0.0170791 -0.0067887 0.211159 0.412815
0.0230712 -0.00994551 0.252347 0.00853553
0.020134 -0.00829425 0.208572 0.335933
0.0210672 -0.00960594 0.239564 0.00776941
0.0232819 -0.00985867 0.24109 0.267025
0.0504209 -0.019472 0.471808 -1.58501
0.0286114 -0.00806783 0.262768 0.26718
0.0356029 -0.017817 0.38681 -0.454238
0.289509 -0.0424657 -0.0419233 -0.351891
0.0598244 -0.019636 0.533968 -1.09545
0.0356563 -0.00876086 0.31393 0.014596
0.0400257 -0.0123904 0.38614 -0.273766
0.0269063 -0.0110887 0.266096 -0.567256
-0.11746 0.0115669 0.394234 0.126361
0.0219082 -0.0090634 0.236372 0.00767946
0.024793 -0.0121524 0.287611 -0.490379
0.0232819 -0.00985867 0.24109 0.267025
0.0452217 -0.0196312 0.469877 -1.24885
0.0256002 -0.00926871 0.258789 0.00926612
0.0306894 -0.0124664 0.333103 -0.311431
