0.488999 -0.0560239 -0.673008 -0.0390377
0.459952 -0.144189 0.104036 3.47158
-5.50845 0.350562 47.897 -7.78712
-0.107445 -0.00661015 -0.564526 -5.68527
-0.107445 -0.00661015 -0.564526 -5.68527
12.4367 -0.93355 -100.795 -7.68277
-0.577515 0.12991 0.000589098 1.99884
8.67735 -0.7649 -52.8812 -5.5201
5.8268 -0.486276 -44.1018 -7.40714
-5.41729 0.492568 25.8005 -3.59468
3.00738 -0.28759 -16.7754 -5.56964
-0.107445 -0.00661015 -0.564526 -5.68527
-0.107445 -0.00661015 -0.564526 -5.68527
-0.148775 0.0455172 6.32636e-05 1.99962
9.09253 -0.654575 -85.3883 -9.24658
-10.493 0.675354 90.2807 -7.65736
11.3553 -0.795041 -106.679 -9.11989
0.0259796 -0.00228181 0.226432 0.670326
-9.74696 0.616929 85.1553 -7.77366
10.9585 -0.745587 -91.7593 -7.45789
0.547714 -0.158718 0.0882303 3.33292
-11.1577 0.723225 95.7589 -7.64032
9.67379 -0.739198 -78.8383 -7.81024
12.4062 -0.863816 -116.426 -9.08916
10.1769 -0.741808 -90.3404 -8.60667
7.95096 -0.885204 -26.7173 -2.19152
0.0609903 -0.103535 1.81085 -3.01636
-0.107445 -0.00661015 -0.564526 -5.68527
0.728933 -0.182255 -0.0344693 1.93811
-10.5936 0.70436 87.0683 -7.25595
0.0634998 -0.00997632 0.460588 -0.826938
0.0600614 -0.10605 1.83687 -2.7294
-9.11739 0.935495 34.199 -2.59336
0.21877 -0.0309737 0.015507 -0.200331
9.67918 -0.733277 -80.3139 -7.97309
0.651082 -0.18301 0.119569 3.39106
-5.20645 0.439033 29.3389 -4.49393
0.541611 -0.059038 -1.22762 -2.53242
0.027139 -0.00572903 0.227323 0.00781806
7.69117 -0.658962 -51.3539 -6.23439
0.051633 -0.00928649 0.433115 -0.698434
0.230464 -0.0337724 0.0328699 -0.227299
-10.1858 0.681075 82.6956 -7.15656
9.67379 -0.739198 -78.8383 -7.81024
0.59815 -0.172947 0.115856 3.42539
12.7086 -0.894154 -116.641 -8.86514
0.0489929 -0.00692682 0.39749 -0.22617
0.0479323 -0.00541756 0.347611 0.0188554
0.586138 -0.169236 0.107427 3.396
8.42732 -0.686089 -61.7152 -6.9244
-9.95463 0.630947 85.9574 -7.68311
-10.4416 0.700589 84.1438 -7.09076
6.76582 -0.644248 -36.9623 -4.93285
0.349937 -0.049067 -0.235338 -0.374025
-8.97283 0.576766 75.5153 -7.43929
0.170607 -0.0198511 -0.011413 2.96249
0.598299 -0.17152 0.107111 3.38685
0.0547944 -0.0104095 0.418174 -1.0451
-10.8856 0.712433 90.7178 -7.36566
0.405034 -0.134666 0.2928 -3.22088
-0.120926 0.0175451 0.543366 0.298
-10.3274 0.678239 85.8106 -7.34842
0.0363739 -0.00518619 0.289332 0.327903
-0.517355 0.126467 0.00131433 1.9972
-0.526193 0.129103 -0.106403 3.41879
0.203121 -0.0285769 -0.0167264 2.9461
0.0633817 -0.0124225 0.507861 -3.09141
-0.555274 0.129308 0.173899 -0.0427173
7.95096 -0.885204 -26.7173 -2.19152
-9.11739 0.935495 34.199 -2.59336
-0.102411 9.37187e-05 0.000227814 1.99907
0.16809 -0.0157866 -0.0192179 2.93869
13.1507 -0.89064 -128.798 -9.5159
13.1351 -0.920704 -120.665 -8.85201
0.0736009 -0.015029 0.565077 -1.74404
0.265538 -0.0366008 -0.0192748 2.94473
0.600295 -0.172614 0.113592 3.40616
-0.217042 0.00405612 0.0128333 1.96739
0.20292 -0.0226962 -0.0192973 2.94113
0.0426519 -0.00591843 0.32091 0.015851
0.598299 -0.17152 0.107111 3.38685
0.409238 -0.0639668 -0.0984571 1.79241
0.548108 -0.148447 -0.249707 -1.42594
0.0654212 -0.00876632 0.437607 -0.901038
0.659141 -0.185838 0.113196 3.409
0.0544566 -0.00932426 0.439238 -0.365568
12.9807 -0.929507 -114.374 -8.43498
0.0609903 -0.103535 1.81085 -3.01636
0.242495 -0.0331352 -0.00274249 1.99257
0.0346409 1.99737e-05 0.232601 0.521856
-10.174 0.674182 83.2876 -7.2034
12.2279 -0.847739 -116.016 -9.21145
-8.82285 0.943559 30.263 -2.22465
0.347624 -0.0991121 -0.0656984 3.54393
-9.0473 0.574119 77.752 -7.59338
0.241757 -0.0320263 -0.00177888 1.9952
5.29356 -0.418623 -50.1614 -9.73219
0.169559 -0.020714 -0.0142244 2.95266
0.0125098 0.00106488 0.165433 0.839854
1.31036 -0.167212 -3.62847 -2.65623
-10.6844 0.708407 88.5557 -7.354
-10.3189 0.68072 85.9422 -7.38253
7.40832 -0.629222 -50.9529 -6.46918
0.0368293 -0.00688974 0.295411 0.0130877
-9.21424 0.922703 36.8146 -2.89542
0.0714705 -0.0155654 0.581457 -2.96758
0.0681298 -0.012469 0.516309 -2.21151
0.576406 -0.16978 0.0357522 2.31144
-0.190629 -0.000697414 0.00130512 2.99627
0.260962 -0.0416625 -0.000811812 2.99753
10.6773 -0.764117 -97.4225 -8.85238
0.0574951 -0.00937081 0.404259 -1.24537
8.49461 -0.631543 -75.7569 -8.73479
0.0518409 -0.0130015 0.423299 -1.41921
-9.08972 0.595446 75.7907 -7.39908
-0.22489 0.00545979 0.0169694 1.95148
0.340143 -0.125885 0.452022 -2.8481
0.0367017 -6.9952e-06 0.209483 0.436552
0.059297 -0.0157444 0.486536 -2.24283
0.586138 -0.169236 0.107427 3.396
0.222738 -0.0291068 -0.040497 -0.0278409
7.69117 -0.658962 -51.3539 -6.23439
0.0495986 -0.00821663 0.37269 -0.989144
-9.21424 0.922703 36.8146 -2.89542
-0.816672 -0.0326424 7.24062 -4.60716
-10.13 0.691129 79.0825 -6.83355
0.558595 -0.163378 0.104849 3.39996
-0.909937 -0.0281476 8.4889 -5.27834
0.490339 -0.13806 -0.191953 -1.27445
-9.54697 0.644129 75.737 -6.96682
8.86886 -0.682634 -72.3665 -7.85128
-11.4742 0.783156 91.0952 -6.98708
0.582263 -0.167951 0.104354 3.3842
-10.4954 0.679552 89.7643 -7.6244
0.0666636 -0.0192044 0.578183 -2.23768
7.10231 -0.644608 -42.488 -5.47722
-10.1266 0.700138 78.0136 -6.71795
-7.63369 0.666302 45.5958 -5.4487
-0.23428 0.00713375 0.0217886 1.94705
0.0790171 -0.0150772 0.628367 -3.13191
0.487159 -0.146088 0.0840445 -4.03665
-10.5883 0.693417 88.599 -7.42744
-8.85367 0.910864 33.1199 -2.59294
0.0509321 -0.00864631 0.397915 -0.740203
-11.7806 0.82861 91.8761 -6.92455
-7.66208 0.824926 25.8877 -2.19417
-0.217042 0.00405612 0.0128333 1.96739
0.526006 -0.080878 -0.496796 -0.743639
0.230599 -0.0349041 0.00385508 3.01208
0.0471952 -0.00735938 0.338457 -1.05095
0.378762 -0.124722 0.128566 -2.97959
0.0355933 -0.00384832 0.285239 -0.325085
10.7445 -0.792427 -92.5127 -8.29423
9.74448 -0.981697 -40.7516 -3.10974
0.180522 -0.0178072 -0.0241885 2.92436
0.00701748 -0.0915251 1.64409 -2.39358
-10.7157 0.699336 91.218 -7.58401
-9.69242 0.6721 73.5441 -6.58614
0.328528 -0.0480374 -0.0735946 1.82685
-8.74273 0.901183 32.6097 -2.58484
9.03669 -0.664726 -80.8684 -8.74543
-0.210075 0.020144 1.08081 -1.36426
-11.9622 0.853442 89.2931 -6.51998
-11.0155 0.757186 86.596 -6.92043
0.262919 -0.0831398 -0.0596663 3.51602
0.0400746 -0.00377218 0.278835 0.0120684
0.0162103 0.00101191 0.175036 0.743095
0.38015 -0.0476067 -0.419066 -0.217608
0.0714705 -0.0155654 0.581457 -2.96758
-9.83892 0.630776 83.234 -7.45743
9.25898 -0.721175 -72.9854 -7.52146
-9.77894 0.646708 80.1637 -7.22653
0.52574 -0.144524 -0.22678 -1.44615
8.37947 -0.656076 -66.8964 -7.67554
-0.547834 0.138435 -0.111633 3.4384
-0.0609581 -0.0894834 2.40688 -3.61327
6.19704 -0.566415 -37.5251 -5.61177
0.177366 -0.0243518 -0.00720014 2.97578
-0.221726 0.00491862 0.0156964 1.95663
11.2207 -0.836358 -93.6721 -7.97808
0.26426 -0.0332758 -0.194838 -0.161956
0.0363143 -0.00349049 0.255139 0.0102179
6.93671 -0.589603 -48.13 -6.5619
0.490339 -0.13806 -0.191953 -1.27445
11.4439 -0.795202 -107.368 -9.05031
0.216293 -0.0278365 -0.0523909 -0.161796
0.0374333 -0.00382276 0.266074 0.0111446
9.03115 -0.679177 -77.1683 -8.25249
0.170848 -0.0194229 -0.00618548 1.98094
10.4018 -0.77132 -87.9118 -8.0744
0.187973 -0.0237291 -0.0216821 2.92997
-9.71415 0.971099 39.1356 -2.93072
-9.79577 0.642106 80.4083 -7.22131
0.0452759 -0.0122759 0.414 -0.994304
0.216714 -0.0309102 -0.0216347 2.93169
-1.91418 0.0503327 15.8297 -5.96173
5.41994 -0.682985 -13.6485 -1.21362
0.0367017 -6.9952e-06 0.209483 0.436552
-0.191379 -0.00052219 0.000965844 2.99671
-9.44213 0.632455 76.3578 -7.14235
-0.221726 0.00491862 0.0156964 1.95663
0.542775 -0.159879 0.10203 3.39834
-0.53242 0.132875 -0.000709949 2.00173
-0.595432 -0.0303532 4.8013 -4.09221
-11.4316 0.772521 91.0463 -6.99413
0.178516 -0.0184784 -0.0269129 2.91495
0.439808 -0.142672 0.32744 -3.4197
-0.191529 -0.000405275 0.000919789 2.99714
0.598299 -0.17152 0.107111 3.38685
7.342 -0.653225 -45.7787 -5.75668
0.548108 -0.148447 -0.249707 -1.42594
10.6963 -0.798675 -89.7127 -8.03641
-10.493 0.666599 91.6617 -7.79348
9.85251 -0.774307 -75.072 -7.19253
6.93671 -0.589603 -48.13 -6.5619
5.89462 -0.563919 -32.4339 -4.98363
0.393307 -0.0557835 -0.343766 -0.386123
-9.58256 0.646075 76.2148 -6.97642
-0.23428 0.00713375 0.0217886 1.94705
-9.38836 0.622225 77.2738 -7.26788
12.9165 -0.950899 -105.115 -7.60437
-0.306386 0.0673579 0.0472813 3.598
-9.94789 0.651618 83.9982 -7.5295
-23.2556 1.43203 265.811 -11.1121
11.1696 -0.803515 -99.512 -8.58066
0.194024 -0.0233673 -0.0223513 2.92938
-0.305257 0.0274426 1.68882 -1.74072
0.0483169 4.2054e-05 0.282399 0.012746
0.352188 -0.0703866 0.0308379 3.17122
-11.0325 0.727291 91.4016 -7.31858
0.148865 -0.0183951 -0.00973606 2.96606
0.273212 -0.0477175 -0.0533101 -0.281722
0.264436 -0.0353563 -0.0808053 -0.248852
-10.7365 0.706 88.9339 -7.30844
0.315529 -0.125425 0.590774 -2.51114
0.586138 -0.169236 0.107427 3.396
-0.306778 -0.0715738 3.91029 -3.94915
0.294623 -0.0439469 -0.160373 -0.278497
9.7241 -0.744598 -79.0359 -7.78859
-0.909937 -0.0281476 8.4889 -5.27834
-4.56986 0.203289 42.6402 -7.7716
6.74269 -0.506582 -61.4479 -9.06108
0.386239 -0.0900276 0.0689071 3.22337
-4.7294 0.588221 10.4427 -0.772569
-12.0367 0.793028 100.842 -7.39131
-8.52296 0.541325 79.9264 -8.5599
0.116794 0.0168808 -0.631599 -1.78237
0.709475 -0.192554 -0.013931 1.96305
0.0433749 -0.00499107 0.298035 -0.531373
8.97331 -0.699145 -71.4781 -7.63258
-9.50208 0.608418 81.706 -7.64623
6.96312 -0.623131 -43.0823 -5.71816
9.22696 -0.743646 -68.0375 -6.96704
-6.68364 0.545326 38.1893 -4.81809
0.164966 -0.0090916 -0.0250846 2.8035
0.285906 -0.0903943 -0.0613284 2.70488
