0.0460551 -0.00470666 0.324155 0.0162606
0.0616732 -0.0126976 0.470915 -0.770259
0.0388248 -0.00823034 0.325277 0.0157189
-0.761392 0.0739078 0.960596 0.301776
-0.195212 0.00377181 0.00540296 1.94956
0.0876467 -0.0143697 0.597113 -1.53099
0.0520046 -0.0133816 0.412086 -0.464576
0.054141 -0.00540106 0.385714 -0.272506
0.0851497 -0.0178781 0.662696 -2.01191
0.0876286 -0.0171557 0.673087 -2.38941
0.25758 -0.0377847 0.0430874 -0.31567
-4.30171 0.402572 21.5003 -4.49085
-10.6087 1.02921 46.2452 -3.32195
0.0618659 -0.00953694 0.44116 -1.09583
0.275319 -0.0380509 0.0157799 -0.311538
0.0738727 -0.0128661 0.542602 -1.25441
0.0603699 -0.0097144 0.417358 -0.513449
0.0785846 -0.0180999 0.595484 -1.60657
0.0515273 -0.0139153 0.436415 -0.701945
6.26533 -0.494447 -49.1651 -7.69713
0.0785846 -0.0180999 0.595484 -1.60657
0.075335 -0.0117734 0.529867 -1.4136
0.0454693 -0.0112066 0.374772 -0.509352
0.248557 -0.0346152 0.0477642 -0.286378
0.0841197 -0.0175118 0.658844 -2.37654
0.0462876 -0.00556593 0.338115 0.0177397
0.234988 -0.0337799 0.0600806 -0.264606
-10.9008 0.718387 89.725 -7.24489
-8.38531 0.593281 62.5035 -6.39625
0.047397 -0.00589216 0.348917 0.0189169
0.066843 -0.00954606 0.471632 -0.845497
0.086952 -0.0147539 0.629936 -1.84718
0.223092 -0.0332799 0.0816949 -0.242921
0.0568168 -0.0100867 0.407098 -0.494403
0.0414135 -0.00951472 0.371702 -0.282082
0.0634998 -0.00997632 0.460588 -0.826938
0.0547944 -0.0104095 0.418174 -1.0451
0.0448029 -0.00547678 0.332679 -0.309978
0.0521036 -0.0164786 0.454092 -1.65321
0.0476001 -0.00828368 0.359961 -0.437061
0.0792557 -0.0149736 0.574624 -1.62302
0.0737444 -0.0148545 0.552305 -1.52605
0.0600681 -0.0108401 0.463306 -0.99343
0.047507 -0.00867372 0.394844 -0.334094
0.0820201 -0.0180344 0.63072 -1.75864
0.0530162 -0.0122143 0.45435 -0.358726
0.0500259 -0.00583284 0.361504 0.0201158
0.0970247 -0.0206872 0.772305 -2.86069
0.055641 -0.0100669 0.402808 -0.833142
0.0475786 -0.0119284 0.409728 -0.41744
0.0348361 -0.0070923 0.287675 0.0123458
0.0745299 -0.0148676 0.545847 -1.36882
0.0706818 -0.0155375 0.572919 -2.52033
0.0756387 -0.0157208 0.601613 -2.46176
0.0229245 -0.00575976 0.228677 0.35565
0.0421849 -0.00614507 0.322827 -0.392401
0.0546294 -0.00753021 0.380753 -0.481831
0.0460551 -0.00470666 0.324155 0.0162606
0.0388048 -0.00127802 0.252764 0.301996
0.0686288 -0.0145624 0.51694 -1.71077
0.234952 -0.033424 0.0372642 -0.234392
0.0583284 -0.0131162 0.459653 -0.749978
0.0568168 -0.0100867 0.407098 -0.494403
0.0601089 -0.0103896 0.449163 -0.804931
0.0511095 -0.00790703 0.370408 -0.460187
0.0401267 -0.0065978 0.314522 0.0150978
0.0765329 -0.0213061 0.684343 -3.23986
0.0601089 -0.0103896 0.449163 -0.804931
0.0756387 -0.0157208 0.601613 -2.46176
0.0546294 -0.00753021 0.380753 -0.481831
0.0598765 -0.018405 0.521096 -1.85859
0.049103 -0.00535446 0.343214 -0.439898
0.0729055 -0.0120849 0.506093 -1.21234
0.056714 -0.00820974 0.414361 -0.387761
0.0841197 -0.0175118 0.658844 -2.37654
0.0463954 -0.00618889 0.344372 0.0181205
0.0537609 -0.0118167 0.459732 -0.7017
0.0401267 -0.0065978 0.314522 0.0150978
0.0566668 -0.0107834 0.437329 -0.779151
0.0657699 -0.0130055 0.492475 -1.36925
0.0603699 -0.0097144 0.417358 -0.513449
0.0806337 -0.0178352 0.64233 -2.34975
0.0431333 -0.0119887 0.397947 -0.30101
0.0919526 -0.0167181 0.669548 -2.15144
0.0634998 -0.00997632 0.460588 -0.826938
0.073943 -0.0126453 0.533387 -1.09386
0.0601713 -0.016238 0.497995 -1.43898
0.0528648 -0.00828161 0.399575 -0.262741
0.0650356 -0.00904217 0.451346 -1.10467
0.0545894 -0.0056829 0.388677 -0.373171
0.0650356 -0.00904217 0.451346 -1.10467
0.222544 -0.030845 0.0428004 -0.234798
0.0649851 -0.0122688 0.481982 -0.788456
0.0646052 -0.012476 0.492623 -0.945732
0.0726367 -0.0155864 0.548303 -1.05799
0.0725736 -0.0122786 0.517476 -1.40315
0.0444436 -0.00909321 0.383353 -0.308928
0.055641 -0.0100669 0.402808 -0.833142
0.0347241 -0.00646618 0.28136 0.0120494
0.0617422 -0.00766294 0.436541 -0.844547
0.0486726 -0.00712901 0.335777 -0.569322
0.0613422 -0.00985307 0.454446 -1.30794
0.0281289 -0.00859169 0.265226 0.00998844
0.0374333 -0.00382276 0.266074 0.0111446
0.0718616 -0.0119426 0.511274 -1.89923
0.0718616 -0.0119426 0.511274 -1.89923
0.0545502 -0.00832401 0.4108 -0.776391
0.0441056 -0.00866055 0.349395 -0.412294
0.0579258 -0.0100367 0.4044 -0.405879
0.0410043 -0.00606509 0.311371 0.0148148
0.0655914 -0.0126899 0.478779 -1.15092
0.222544 -0.030845 0.0428004 -0.234798
0.03989 -0.00573588 0.300501 0.0137686
0.070531 -0.0191993 0.628603 -2.7192
0.0334258 -0.00810109 0.292163 0.012578
0.0477912 -0.00505701 0.34467 -0.341252
0.0448029 -0.00547678 0.332679 -0.309978
0.0718616 -0.0119426 0.511274 -1.89923
0.033681 -0.0120472 0.345092 -0.342674
0.041191 -0.00410269 0.289733 0.0130785
0.0594342 -0.0103299 0.435076 -1.11586
0.0476001 -0.00828368 0.359961 -0.437061
0.0476001 -0.00828368 0.359961 -0.437061
0.0370117 -0.00492453 0.273713 0.0115138
0.0496334 -0.00756478 0.371239 -0.360789
0.0384785 -0.00674398 0.304973 0.0140773
0.0593411 -0.0126394 0.469278 -1.24704
0.0593411 -0.0126394 0.469278 -1.24704
0.0645185 -0.0124794 0.47129 -1.58334
0.0489817 -0.0108215 0.384817 -0.528219
0.0472712 -0.0100842 0.352942 -0.562918
0.069327 -0.0126858 0.505968 -1.39483
0.0456357 -0.00574962 0.333083 -0.417043
0.0477912 -0.00505701 0.34467 -0.341252
0.0349906 -0.0123441 0.343636 -0.441305
0.0448029 -0.00547678 0.332679 -0.309978
0.0502257 -0.00387911 0.340049 0.0180413
0.0692451 -0.0123874 0.492473 -1.18243
0.0460551 -0.00470666 0.324155 0.0162606
0.0437637 -0.00624617 0.331745 0.0169664
0.0566668 -0.0107834 0.437329 -0.779151
0.0556776 -0.0112226 0.45527 -1.10481
0.0435298 -0.00538597 0.317765 0.0155435
0.0655914 -0.0126899 0.478779 -1.15092
0.0655914 -0.0126899 0.478779 -1.15092
0.0465392 -0.00796613 0.359336 -0.331772
0.03989 -0.00573588 0.300501 0.0137686
0.0634998 -0.00997632 0.460588 -0.826938
0.0682127 -0.0122704 0.49729 -1.87465
0.0448339 -0.00375473 0.307038 0.0147156
0.0308989 -0.00877932 0.285752 0.0118171
0.0594342 -0.0103299 0.435076 -1.11586
0.0650356 -0.00904217 0.451346 -1.10467
0.0827196 -0.0150707 0.634971 -2.52185
0.0509321 -0.00864631 0.397915 -0.740203
0.0397792 -0.00511061 0.294201 0.0134343
0.0672154 -0.0154895 0.519495 -1.32134
0.0437637 -0.00624617 0.331745 0.0169664
0.0435298 -0.00538597 0.317765 0.0155435
0.0304963 -0.00160123 0.250951 0.541844
0.0421174 -0.00639353 0.322224 0.0158951
0.0532705 -0.0104576 0.396727 -0.474037
0.0371778 -0.00837739 0.315745 0.0146649
0.0464824 -0.00360875 0.316589 0.015706
0.0437189 -0.00342507 0.296159 0.0137067
0.0477912 -0.00505701 0.34467 -0.341252
0.0232499 -0.00318085 0.197393 0.517993
0.041191 -0.00410269 0.289733 0.0130785
0.0609858 -0.00698212 0.404245 -0.929584
0.0464824 -0.00360875 0.316589 0.015706
0.0682127 -0.0122704 0.49729 -1.87465
0.0547944 -0.0104095 0.418174 -1.0451
0.0401267 -0.0065978 0.314522 0.0150978
0.0313047 -0.00301566 0.253994 0.414442
0.0618659 -0.00953694 0.44116 -1.09583
0.041191 -0.00410269 0.289733 0.0130785
0.0511095 -0.00790703 0.370408 -0.460187
0.0476001 -0.00828368 0.359961 -0.437061
0.0406319 -0.00903814 0.338689 -0.385694
0.0622047 -0.0092158 0.426398 -0.882364
0.0495986 -0.00821663 0.37269 -0.989144
0.0422516 -0.00160533 0.264893 0.0110426
0.0331234 -0.00986181 0.31767 -0.428465
0.0374333 -0.00382276 0.266074 0.0111446
0.0531743 -0.00793708 0.388633 -1.04901
0.0605554 -0.00944775 0.43733 -1.5746
0.0374333 -0.00382276 0.266074 0.0111446
0.041805 -0.00792388 0.31543 -0.526382
0.0315254 -0.000491955 0.225279 0.542622
0.0513669 -0.0107694 0.404591 -1.00804
0.0352731 -0.00149757 0.240113 0.354406
0.0594342 -0.0103299 0.435076 -1.11586
0.0395403 -0.00424744 0.28015 0.0121453
0.0395403 -0.00424744 0.28015 0.0121453
0.0526954 -0.013449 0.443564 -1.19504
0.0477912 -0.00505701 0.34467 -0.341252
0.0486726 -0.00712901 0.335777 -0.569322
0.0450206 -0.00179235 0.2854 0.0129377
0.0214276 -0.00605603 0.238924 0.222727
0.0496607 -0.00718573 0.337335 -0.483602
0.057247 -0.00984409 0.422663 -1.53634
0.0486726 -0.00712901 0.335777 -0.569322
0.038663 -0.00478018 0.283305 0.0124324
0.0346604 -0.00363309 0.245509 0.00939006
0.0485805 -0.00402744 0.330548 0.0169298
0.0657699 -0.0130055 0.492475 -1.36925
0.0375184 0.000240025 0.249304 0.453799
0.0473595 -0.00307573 0.313434 0.0154527
0.0435298 -0.00538597 0.317765 0.0155435
0.0511095 -0.00790703 0.370408 -0.460187
0.0421849 -0.00614507 0.322827 -0.392401
0.0498856 -0.00239699 0.319836 0.0161181
0.0486726 -0.00712901 0.335777 -0.569322
0.0718616 -0.0119426 0.511274 -1.89923
0.0281289 -0.00859169 0.265226 0.00998844
0.0486726 -0.00712901 0.335777 -0.569322
0.0546294 -0.00753021 0.380753 -0.481831
0.0788533 -0.0152793 0.612701 -2.44661
0.0546294 -0.00753021 0.380753 -0.481831
0.0547944 -0.0104095 0.418174 -1.0451
0.049103 -0.00535446 0.343214 -0.439898
0.0706818 -0.0155375 0.572919 -2.52033
0.0448029 -0.00547678 0.332679 -0.309978
0.0448029 -0.00547678 0.332679 -0.309978
0.0499195 -0.00521101 0.355267 0.019709
0.248557 -0.0346152 0.0477642 -0.286378
0.0531522 -0.00857342 0.403802 -0.365202
0.0690613 -0.00653479 0.447775 -0.72643
0.046246 -0.002747 0.302575 0.0143657
0.0491153 -0.00355233 0.329233 0.0168877
0.0321961 -0.00714366 0.274933 0.0113451
0.0477912 -0.00505701 0.34467 -0.341252
0.0581568 -0.00715288 0.391004 -0.502112
0.0581568 -0.00715288 0.391004 -0.502112
0.0726344 -0.0123521 0.52533 -1.5979
0.0511095 -0.00790703 0.370408 -0.460187
0.0650356 -0.00904217 0.451346 -1.10467
0.0448339 -0.00375473 0.307038 0.0147156
0.0618659 -0.00953694 0.44116 -1.09583
0.0601089 -0.0103896 0.449163 -0.804931
0.0515324 -0.00224981 0.329361 0.0171685
0.0656406 -0.00692642 0.435994 -0.700857
0.0487802 -0.00350303 0.330185 0.218429
0.094265 -0.0138126 0.640494 -1.6656
0.343176 -0.0420085 -0.0463643 -0.417307
0.0904495 -0.00830004 0.561372 -1.08506
0.0549237 -0.0107935 0.424863 -0.278876
0.0856054 -0.0115465 0.562352 -1.02388
0.0525809 -0.00495882 0.353232 -0.461116
0.0477912 -0.00505701 0.34467 -0.341252
0.0718616 -0.0119426 0.511274 -1.89923
0.04102 -0.000646454 0.247632 0.00975789
0.0535789 -0.00366214 0.394708 -0.260042
0.075335 -0.0117734 0.529867 -1.4136
0.064567 -0.0106851 0.494398 -0.776301
0.0765735 -0.0117827 0.519659 -1.2409
