0.0312185 -0.00746818 0.271396 0.248156
0.0371778 -0.00837739 0.315745 0.0146649
0.0509125 -0.0160266 0.451683 -1.105
-5.18572 0.319477 45.0411 -7.9106
-0.704893 0.104751 0.756701 0.829091
0.0655914 -0.0126899 0.478779 -1.15092
0.0549474 -0.0135226 0.448161 -0.727296
0.0570289 -0.0123723 0.426096 -0.80106
0.0784737 -0.0208231 0.672569 -2.50475
0.0462734 -0.011588 0.409564 -0.326466
0.081984 -0.0205036 0.689248 -2.52975
0.366752 -0.119777 -0.00239038 1.98342
0.357306 -0.111378 0.0130768 3.06049
0.0565313 -0.0164814 0.480599 -1.25057
0.0559571 -0.0163547 0.493376 -1.02741
0.0384785 -0.00674398 0.304973 0.0140773
0.0359523 -0.00742265 0.29857 0.0133315
0.0601713 -0.016238 0.497995 -1.43898
0.0426991 -0.0115642 0.364824 -0.403603
0.0455315 -0.0093915 0.383407 -0.401203
0.326796 -0.0501228 -0.0980483 -0.411464
0.0511095 -0.00790703 0.370408 -0.460187
0.0462079 -0.0111961 0.375607 -0.428801
0.0507356 -0.00969402 0.363125 -0.58231
0.0639793 -0.0161069 0.518914 -1.51432
0.0601713 -0.016238 0.497995 -1.43898
0.0475786 -0.0119284 0.409728 -0.41744
0.0686381 -0.0220583 0.64998 -2.82695
-2.95722 0.183326 24.2588 -6.62813
0.0408144 -0.00802539 0.332964 0.0165518
0.0410043 -0.00606509 0.311371 0.0148148
0.051156 -0.0115587 0.419924 -0.437333
0.0419616 -0.0115918 0.364672 -0.489362
0.0406319 -0.00903814 0.338689 -0.385694
0.0348898 -0.00991896 0.323385 0.0151166
0.0839688 -0.0188569 0.726744 -3.77632
0.0513669 -0.0107694 0.404591 -1.00804
0.0513669 -0.0107694 0.404591 -1.00804
0.0468694 -0.0139686 0.404622 -0.930441
0.0321961 -0.00714366 0.274933 0.0113451
0.0593411 -0.0126394 0.469278 -1.24704
0.0414135 -0.00951472 0.371702 -0.282082
0.0497331 -0.0108274 0.386236 -0.452221
0.0454693 -0.0112066 0.374772 -0.509352
0.051156 -0.0115587 0.419924 -0.437333
0.0784737 -0.0208231 0.672569 -2.50475
0.0583284 -0.0131162 0.459653 -0.749978
0.0494464 -0.0111885 0.420997 -0.350274
0.038472 -0.0119487 0.353637 -0.462405
0.038472 -0.0119487 0.353637 -0.462405
0.0323658 -0.010599 0.317014 0.0142523
0.070141 -0.0188515 0.595757 -2.28096
0.0512886 -0.0110299 0.413962 -1.21131
0.0406319 -0.00903814 0.338689 -0.385694
0.0408616 -0.0117511 0.362143 -0.872325
0.0459482 -0.014216 0.416806 -1.12978
0.0441056 -0.00866055 0.349395 -0.412294
0.0368293 -0.00688974 0.295411 0.0130877
0.0376012 -0.00727693 0.30813 0.0143361
0.0587136 -0.0155631 0.470249 -1.45634
0.0373632 -0.0064142 0.29409 0.0130613
0.0370672 -0.00775231 0.309449 0.0143529
0.0535021 -0.01311 0.428041 -0.977826
0.038715 -0.00760592 0.318993 0.0153931
0.0321275 -0.00973608 0.302968 0.0130521
0.0319537 -0.00627818 0.260829 0.0102227
0.0321275 -0.00973608 0.302968 0.0130521
0.0441056 -0.00866055 0.349395 -0.412294
0.0486726 -0.00712901 0.335777 -0.569322
0.0441056 -0.00866055 0.349395 -0.412294
0.0419616 -0.0115918 0.364672 -0.489362
0.0443696 -0.0114147 0.375612 -0.91413
0.0497331 -0.0108274 0.386236 -0.452221
0.0414135 -0.00951472 0.371702 -0.282082
0.0410471 -0.00888481 0.346928 0.0179508
0.0414135 -0.00951472 0.371702 -0.282082
0.0462079 -0.0111961 0.375607 -0.428801
0.0406319 -0.00903814 0.338689 -0.385694
0.0371778 -0.00837739 0.315745 0.0146649
0.0441056 -0.00866055 0.349395 -0.412294
0.0357668 -0.00938587 0.320225 0.014898
0.0313461 -0.00837305 0.292448 0.349823
0.0476299 -0.0146527 0.436993 -0.845794
0.0424595 -0.0078771 0.342468 0.0176559
0.0613496 -0.0129473 0.482569 -0.935591
0.0437637 -0.00624617 0.331745 0.0169664
0.0515273 -0.0139153 0.436415 -0.701945
0.0515273 -0.0139153 0.436415 -0.701945
0.0441056 -0.00866055 0.349395 -0.412294
0.0397792 -0.00511061 0.294201 0.0134343
0.0414135 -0.00951472 0.371702 -0.282082
0.0371778 -0.00837739 0.315745 0.0146649
0.0413487 -0.00755011 0.331647 0.016528
0.0382908 -0.00870576 0.326597 0.0157292
0.0607337 -0.0159222 0.478566 -1.06818
0.0635825 -0.0158036 0.506243 -1.29598
0.0310773 -0.0068116 0.264001 0.0104342
0.0468694 -0.0139686 0.404622 -0.930441
0.0557747 -0.0161654 0.468876 -1.69059
0.0656017 -0.0148287 0.494327 -1.48314
0.0361347 -0.00545752 0.276875 0.0117742
0.0526954 -0.013449 0.443564 -1.19504
0.0524593 -0.0163974 0.443452 -1.41189
0.0321607 -0.00958459 0.317905 -0.319019
0.0478464 -0.0110662 0.38895 -0.953043
0.0478464 -0.0110662 0.38895 -0.953043
0.0526954 -0.013449 0.443564 -1.19504
0.0319537 -0.00627818 0.260829 0.0102227
0.038715 -0.00760592 0.318993 0.0153931
0.0346528 -0.00905687 0.309359 0.0138627
0.0666636 -0.0192044 0.578183 -2.23768
0.0336214 -0.0048581 0.259237 0.242567
0.0281289 -0.00859169 0.265226 0.00998844
0.0283717 -0.00945732 0.279336 0.0110481
0.0296678 -0.00782093 0.268501 0.0106333
0.0513669 -0.0107694 0.404591 -1.00804
0.0374333 -0.00382276 0.266074 0.0111446
0.0361347 -0.00545752 0.276875 0.0117742
0.0321607 -0.00958459 0.317905 -0.319019
0.0350714 -0.00914261 0.329659 -0.34946
0.0572035 -0.0132171 0.452365 -1.76642
0.0557747 -0.0161654 0.468876 -1.69059
0.0334258 -0.00810109 0.292163 0.012578
0.0331234 -0.00986181 0.31767 -0.428465
0.03619 -0.00828542 0.312609 0.014594
0.038472 -0.0119487 0.353637 -0.462405
0.0419616 -0.0115918 0.364672 -0.489362
0.0502221 -0.0135528 0.41665 -0.95721
0.0521036 -0.0164786 0.454092 -1.65321
0.0434402 -0.0143549 0.391959 -0.897238
0.0468694 -0.0139686 0.404622 -0.930441
0.0373632 -0.0064142 0.29409 0.0130613
0.0513669 -0.0107694 0.404591 -1.00804
0.0400289 -0.00905642 0.33755 -0.472132
0.0321607 -0.00958459 0.317905 -0.319019
0.0443696 -0.0114147 0.375612 -0.91413
0.0401267 -0.0065978 0.314522 0.0150978
0.0384785 -0.00674398 0.304973 0.0140773
0.0414135 -0.00951472 0.371702 -0.282082
0.0475788 -0.0137655 0.401632 -0.522585
0.0441056 -0.00866055 0.349395 -0.412294
0.0348898 -0.00991896 0.323385 0.0151166
0.0502221 -0.0135528 0.41665 -0.95721
0.03619 -0.00828542 0.312609 0.014594
0.0321275 -0.00973608 0.302968 0.0130521
0.0502221 -0.0135528 0.41665 -0.95721
0.0368293 -0.00688974 0.295411 0.0130877
0.0414285 -0.00496527 0.303767 0.0144205
0.0382283 -0.00508992 0.291686 -0.398031
0.0383993 -0.00829433 0.304225 -0.495507
0.0349666 -0.00871721 0.294689 -0.476067
0.0305134 -0.0045148 0.23071 0.00822293
0.0507356 -0.00969402 0.363125 -0.58231
0.0472712 -0.0100842 0.352942 -0.562918
0.0359523 -0.00742265 0.29857 0.0133315
0.0294164 -0.00504713 0.25109 0.268323
0.0454693 -0.0112066 0.374772 -0.509352
0.0454693 -0.0112066 0.374772 -0.509352
0.03619 -0.00828542 0.312609 0.014594
0.0359523 -0.00742265 0.29857 0.0133315
0.0300225 -0.0093129 0.288925 0.0120028
0.0350714 -0.00914261 0.329659 -0.34946
0.0286114 -0.00806783 0.262768 0.26718
0.0513669 -0.0107694 0.404591 -1.00804
0.0421849 -0.00614507 0.322827 -0.392401
0.0347241 -0.00646618 0.28136 0.0120494
0.0350714 -0.00914261 0.329659 -0.34946
0.0267433 -0.00559056 0.240821 0.301746
0.0630559 -0.0157498 0.516366 -2.07138
0.0359523 -0.00742265 0.29857 0.0133315
0.0438116 -0.0104733 0.342663 -0.542005
0.0350714 -0.00914261 0.329659 -0.34946
0.0350714 -0.00914261 0.329659 -0.34946
0.0321607 -0.00958459 0.317905 -0.319019
0.0224133 -0.00183547 0.197385 0.641544
0.0443696 -0.0114147 0.375612 -0.91413
0.0267433 -0.00559056 0.240821 0.301746
0.0321607 -0.00958459 0.317905 -0.319019
0.0459482 -0.014216 0.416806 -1.12978
0.0406319 -0.00903814 0.338689 -0.385694
0.041805 -0.00792388 0.31543 -0.526382
0.0332502 -0.00464194 0.249999 0.00968731
0.0349666 -0.00871721 0.294689 -0.476067
0.0368334 -0.0119353 0.346061 -0.802401
0.0308337 -0.00594545 0.249881 0.00935369
0.0308337 -0.00594545 0.249881 0.00935369
0.027761 -0.00443324 0.211922 0.296702
0.0485531 -0.013649 0.420269 -1.64315
0.0350714 -0.00914261 0.329659 -0.34946
0.0485531 -0.013649 0.420269 -1.64315
0.0336062 -0.00613466 0.27044 0.011108
0.0289833 -0.00235058 0.22026 0.427589
0.0294243 -0.00695472 0.254382 0.0095658
0.027761 -0.00443324 0.211922 0.296702
0.0321607 -0.00958459 0.317905 -0.319019
0.0336214 -0.0048581 0.259237 0.242567
0.0347241 -0.00646618 0.28136 0.0120494
0.036592 -0.0061817 0.311493 -0.33913
0.0245235 -0.00432502 0.198327 0.439174
0.0349666 -0.00871721 0.294689 -0.476067
0.0294243 -0.00695472 0.254382 0.0095658
0.0294243 -0.00695472 0.254382 0.0095658
0.0383993 -0.00829433 0.304225 -0.495507
0.0200815 -0.00370559 0.190437 0.541711
0.0434716 -0.00836576 0.347189 -0.300219
0.0406319 -0.00903814 0.338689 -0.385694
0.0441056 -0.00866055 0.349395 -0.412294
0.0384785 -0.00674398 0.304973 0.0140773
0.0323087 -0.00777018 0.281256 0.0116227
0.0321961 -0.00714366 0.274933 0.0113451
0.0350714 -0.00914261 0.329659 -0.34946
0.0560283 -0.0130482 0.456538 -1.22251
0.0346604 -0.00363309 0.245509 0.00939006
0.0344829 -0.00560145 0.267273 0.0108722
0.0268946 -0.00763107 0.24793 0.00890139
0.0285482 -0.00748835 0.257558 0.00975283
0.0406319 -0.00903814 0.338689 -0.385694
0.0347241 -0.00646618 0.28136 0.0120494
0.0336214 -0.0048581 0.259237 0.242567
0.0334258 -0.00810109 0.292163 0.012578
0.0572035 -0.0132171 0.452365 -1.76642
0.0296678 -0.00782093 0.268501 0.0106333
0.0323087 -0.00777018 0.281256 0.0116227
0.0323737 -0.00517544 0.253172 0.00992152
0.0359523 -0.00742265 0.29857 0.0133315
0.0371778 -0.00837739 0.315745 0.0146649
0.0546838 -0.0138388 0.461159 -0.904384
0.0490695 -0.00900255 0.393236 -0.420305
0.0374333 -0.00382276 0.266074 0.0111446
0.036592 -0.0061817 0.311493 -0.33913
0.0229245 -0.00575976 0.228677 0.35565
0.0408616 -0.0117511 0.362143 -0.872325
0.0347241 -0.00646618 0.28136 0.0120494
0.0350753 -0.00795582 0.301733 0.0135663
0.0384785 -0.00674398 0.304973 0.0140773
0.0334258 -0.00810109 0.292163 0.012578
0.036592 -0.0061817 0.311493 -0.33913
0.0344829 -0.00560145 0.267273 0.0108722
0.0337723 -0.00665805 0.300293 -0.311549
0.0347241 -0.00646618 0.28136 0.0120494
0.070141 -0.0188515 0.595757 -2.28096
0.0275835 -0.0020253 0.240349 0.575048
0.0672154 -0.0154895 0.519495 -1.32134
0.0426519 -0.00591843 0.32091 0.015851
0.0818696 -0.0118352 0.548816 -0.995112
0.0624969 -0.00712712 0.434632 -0.339211
0.0875632 -0.0202275 0.672455 -1.73051
0.0682672 -0.0118315 0.492893 -0.804897
0.0350714 -0.00914261 0.329659 -0.34946
0.0310773 -0.0068116 0.264001 0.0104342
0.0344829 -0.00560145 0.267273 0.0108722
0.0337723 -0.00665805 0.300293 -0.311549
0.0426519 -0.00591843 0.32091 0.015851
0.0497331 -0.0108274 0.386236 -0.452221
0.03989 -0.00573588 0.300501 0.0137686
0.03989 -0.00573588 0.300501 0.0137686
