0.0453636 -0.0228446 0.483917 -1.72599
0.0594605 -0.025413 0.648015 -3.34457
0.0453636 -0.0228446 0.483917 -1.72599
0.877319 -0.165241 -1.08664 0.532677
6.03863 -0.467507 -47.5967 -7.2933
0.0586539 -0.0211534 0.520543 -1.52366
0.216547 -0.0410111 0.0538966 -0.259976
0.0457783 -0.0191587 0.449912 -1.00678
0.216547 -0.0410111 0.0538966 -0.259976
0.203548 -0.0403102 0.0776281 -0.237152
0.0449979 -0.0196371 0.433569 -0.506287
-10.9911 0.82407 78.5052 -6.38081
-0.191342 -0.000424536 0.000692841 2.99569
0.0525184 -0.0261826 0.577862 -2.2317
0.253207 -0.0479462 -0.0477962 -0.283581
0.0695178 -0.0258803 0.759191 -4.30252
0.0415294 -0.0170592 0.403359 -0.835116
0.0727474 -0.0287957 0.768388 -3.67513
0.0690662 -0.0290779 0.750426 -3.66024
0.0661332 -0.0281583 0.663421 -1.91702
0.16136 -0.0237778 -0.00474942 2.09111
0.0514779 -0.0196815 0.479367 -1.1528
0.0755904 -0.0283658 0.804462 -4.05165
0.0598141 -0.0253187 0.593237 -2.02027
0.0512224 -0.0219631 0.506705 -1.71512
0.0512224 -0.0219631 0.506705 -1.71512
0.209287 -0.0409581 0.0541556 -0.248799
1.47717 -0.197592 -4.38918 -2.6627
0.0396817 -0.019793 0.414876 -0.778943
0.0258384 -0.0155599 0.336785 0.0140403
0.0391435 -0.0174477 0.397295 -0.475997
0.0768549 -0.0286958 0.797925 -3.7821
0.0426155 -0.0196425 0.439603 -0.996165
0.0514912 -0.0218223 0.495049 -1.48589
0.0512224 -0.0219631 0.506705 -1.71512
0.0493215 -0.0184685 0.448397 -0.835267
0.192969 -0.0342103 0.0113112 -0.177036
0.0468547 -0.0194797 0.440904 -1.28062
0.0331485 -0.0170744 0.353495 -0.565076
0.0410476 -0.0195958 0.437853 -1.455
0.0635113 -0.025012 0.60818 -2.04622
0.0700556 -0.0259099 0.73 -3.80112
0.0635113 -0.025012 0.60818 -2.04622
0.0727474 -0.0287957 0.768388 -3.67513
0.0442137 -0.0201115 0.460341 -0.752377
0.0598141 -0.0253187 0.593237 -2.02027
0.0688176 -0.0274879 0.673907 -2.28135
0.0672241 -0.0247329 0.625196 -2.08548
0.207694 -0.0411844 0.00878875 -0.21867
0.0483986 -0.0225478 0.499447 -1.74704
0.0624945 -0.0283111 0.685204 -3.24433
0.0281927 -0.0114246 0.301078 0.012352
0.192969 -0.0342103 0.0113112 -0.177036
0.0366159 -0.0166845 0.363666 -0.584362
0.0453636 -0.0228446 0.483917 -1.72599
0.0377488 -0.0199936 0.423849 -1.42167
0.040676 -0.0173995 0.418689 -1.04665
0.0631159 -0.0251246 0.666686 -3.37566
0.0512224 -0.0219631 0.506705 -1.71512
0.0345596 -0.0141193 0.336241 -0.571039
0.05942 -0.0254619 0.610694 -2.29758
0.197244 -0.0378014 0.0155375 -0.192056
0.0293523 -0.0153551 0.347657 -0.301864
0.0334772 -0.0152732 0.360463 -0.438819
0.0364077 -0.0202042 0.402665 -0.750742
0.0394 -0.0201091 0.428817 -0.981179
0.0594605 -0.025413 0.648015 -3.34457
0.044834 -0.0166415 0.415335 -0.861648
0.0487929 -0.0166726 0.428775 -1.37328
0.040676 -0.0173995 0.418689 -1.04665
0.0372475 -0.0177597 0.405118 -1.0097
0.0224772 -0.0131714 0.311931 -0.340753
0.0684098 -0.0251035 0.67135 -3.09517
0.0457783 -0.0191587 0.449912 -1.00678
0.0391435 -0.0174477 0.397295 -0.475997
0.0391435 -0.0174477 0.397295 -0.475997
0.0480141 -0.0221594 0.481032 -1.45796
0.0241924 -0.0157076 0.327264 0.0129242
0.0631159 -0.0251246 0.666686 -3.37566
0.0426155 -0.0196425 0.439603 -0.996165
0.0512224 -0.0219631 0.506705 -1.71512
0.0643192 -0.027798 0.672762 -2.50331
0.0457848 -0.0230856 0.493091 -1.26801
0.0459936 -0.0173815 0.449723 -0.80669
0.226661 -0.0407205 0.0757122 -0.272747
0.0576143 -0.0220435 0.521447 -1.1703
0.0545312 -0.0215553 0.517478 -1.71237
0.049463 -0.022796 0.506978 -1.29859
0.0561685 -0.0255965 0.575942 -1.97866
0.0334772 -0.0152732 0.360463 -0.438819
0.0457783 -0.0191587 0.449912 -1.00678
0.049463 -0.022796 0.506978 -1.29859
0.0725532 -0.0284129 0.721982 -3.12373
0.0520163 -0.0254648 0.5345 -1.27238
0.0520163 -0.0254648 0.5345 -1.27238
0.203548 -0.0403102 0.0776281 -0.237152
0.0594605 -0.025413 0.648015 -3.34457
0.0394 -0.0201091 0.428817 -0.981179
0.0483986 -0.0225478 0.499447 -1.74704
0.0768549 -0.0286958 0.797925 -3.7821
0.0643859 -0.0253028 0.651108 -3.0432
0.052645 -0.0224211 0.531309 -2.09747
0.0209527 -0.0161324 0.330145 -0.351298
0.0352176 -0.0208158 0.430506 -1.16419
0.0594605 -0.025413 0.648015 -3.34457
0.0483986 -0.0225478 0.499447 -1.74704
0.209156 -0.0383057 -0.00653774 -0.209313
0.055911 -0.0257345 0.625788 -3.2832
0.0457848 -0.0230856 0.493091 -1.26801
0.0624945 -0.0283111 0.685204 -3.24433
0.0374081 -0.0209103 0.43711 -0.704422
0.0480141 -0.0221594 0.481032 -1.45796
0.0302481 -0.0184055 0.376173 -0.916125
0.0377488 -0.0199936 0.423849 -1.42167
0.0453636 -0.0228446 0.483917 -1.72599
0.0426155 -0.0196425 0.439603 -0.996165
0.209497 -0.0406408 0.0316448 -0.219415
0.0562277 -0.0220691 0.544522 -2.11033
0.0594605 -0.025413 0.648015 -3.34457
0.0410476 -0.0195958 0.437853 -1.455
0.0410476 -0.0195958 0.437853 -1.455
0.0377488 -0.0199936 0.423849 -1.42167
0.0483986 -0.0225478 0.499447 -1.74704
0.0377488 -0.0199936 0.423849 -1.42167
0.197244 -0.0378014 0.0155375 -0.192056
0.0361192 -0.0205525 0.417439 -0.960676
0.0525184 -0.0261826 0.577862 -2.2317
0.0624945 -0.0283111 0.685204 -3.24433
0.0201975 -0.0145656 0.289573 0.00980849
0.0337266 -0.0180573 0.389512 -0.955003
0.0483986 -0.0225478 0.499447 -1.74704
0.0643859 -0.0253028 0.651108 -3.0432
0.209156 -0.0383057 -0.00653774 -0.209313
0.0228981 -0.0119166 0.274171 0.00962824
0.0337266 -0.0180573 0.389512 -0.955003
0.0337266 -0.0180573 0.389512 -0.955003
0.0727474 -0.0287957 0.768388 -3.67513
0.0558615 -0.025786 0.594964 -2.2712
0.0334772 -0.0152732 0.360463 -0.438819
0.0561685 -0.0255965 0.575942 -1.97866
0.032074 -0.0181852 0.376186 -0.430863
0.0483986 -0.0225478 0.499447 -1.74704
0.032074 -0.0181852 0.376186 -0.430863
0.0457848 -0.0230856 0.493091 -1.26801
0.0385757 -0.0204419 0.444195 -1.19711
0.0480141 -0.0221594 0.481032 -1.45796
0.0512224 -0.0219631 0.506705 -1.71512
0.229189 -0.0412835 0.00833211 -0.250323
0.0446035 -0.0172029 0.431223 -1.80818
0.0377488 -0.0199936 0.423849 -1.42167
0.0377488 -0.0199936 0.423849 -1.42167
0.049511 -0.0229234 0.542484 -2.86251
0.0426155 -0.0196425 0.439603 -0.996165
0.0483986 -0.0225478 0.499447 -1.74704
0.0483986 -0.0225478 0.499447 -1.74704
0.0483986 -0.0225478 0.499447 -1.74704
0.0483986 -0.0225478 0.499447 -1.74704
0.0480141 -0.0221594 0.481032 -1.45796
0.0313334 -0.0181953 0.375368 -0.511517
0.0334338 -0.0207543 0.402318 -0.525071
0.0586829 -0.0286442 0.67293 -3.26036
0.0394 -0.0201091 0.428817 -0.981179
0.0285622 -0.0185529 0.365404 -0.405696
0.0419088 -0.0200406 0.457157 -1.22448
0.0512224 -0.0219631 0.506705 -1.71512
0.0594605 -0.025413 0.648015 -3.34457
0.0361192 -0.0205525 0.417439 -0.960676
0.256482 -0.0502619 -0.091895 -0.282599
0.0524952 -0.0258853 0.559567 -1.94056
0.0483986 -0.0225478 0.499447 -1.74704
0.0265041 -0.016027 0.3392 -0.387561
0.0361192 -0.0205525 0.417439 -0.960676
0.049511 -0.0229234 0.542484 -2.86251
0.0293283 -0.0213527 0.392704 -0.900395
0.0361192 -0.0205525 0.417439 -0.960676
0.0417059 -0.0231642 0.469541 -1.69394
0.0594605 -0.025413 0.648015 -3.34457
0.0372114 -0.0227596 0.439008 -0.90662
0.0453636 -0.0228446 0.483917 -1.72599
0.0394 -0.0201091 0.428817 -0.981179
0.0331485 -0.0170744 0.353495 -0.565076
0.0337266 -0.0180573 0.389512 -0.955003
0.0209527 -0.0161324 0.330145 -0.351298
0.0302415 -0.0187054 0.38594 -1.12888
0.0342676 -0.0202905 0.406129 -1.35361
0.0377488 -0.0199936 0.423849 -1.42167
0.0529305 -0.0260855 0.596375 -2.93092
0.0347804 -0.0195464 0.430051 -1.7647
0.0456772 -0.0253586 0.520469 -1.85074
0.0342676 -0.0202905 0.406129 -1.35361
0.055911 -0.0257345 0.625788 -3.2832
0.0483986 -0.0225478 0.499447 -1.74704
0.0347567 -0.0198044 0.386425 -1.06727
0.0417059 -0.0231642 0.469541 -1.69394
0.0201975 -0.0145656 0.289573 0.00980849
0.0470766 -0.0198512 0.459358 -1.57124
0.0372475 -0.0177597 0.405118 -1.0097
0.0410476 -0.0195958 0.437853 -1.455
0.0527103 -0.0261906 0.617634 -3.34972
0.188682 -0.0383937 -0.00737192 -0.181665
0.0342676 -0.0202905 0.406129 -1.35361
0.0342676 -0.0202905 0.406129 -1.35361
0.0377488 -0.0199936 0.423849 -1.42167
0.0267612 -0.0187394 0.362532 -0.873868
0.0293523 -0.0153551 0.347657 -0.301864
0.0229644 -0.0147512 0.310057 0.0117457
0.0426155 -0.0196425 0.439603 -0.996165
0.0426155 -0.0196425 0.439603 -0.996165
0.0327631 -0.0209678 0.405399 -0.933829
0.0586829 -0.0286442 0.67293 -3.26036
0.0444647 -0.0224938 0.467913 -1.43455
0.0545312 -0.0215553 0.517478 -1.71237
0.0206153 -0.0134612 0.281886 0.00972607
0.0337266 -0.0180573 0.389512 -0.955003
0.0380419 -0.0234781 0.454777 -1.65707
0.0293283 -0.0213527 0.392704 -0.900395
0.055911 -0.0257345 0.625788 -3.2832
0.0377488 -0.0199936 0.423849 -1.42167
0.0470766 -0.0198512 0.459358 -1.57124
0.0206153 -0.0134612 0.281886 0.00972607
0.0522147 -0.0257518 0.562722 -2.43051
0.0414424 -0.0232946 0.482352 -1.96959
0.0327631 -0.0209678 0.405399 -0.933829
0.0296861 -0.0174632 0.343226 -0.544262
0.0483986 -0.0225478 0.499447 -1.74704
0.032074 -0.0181852 0.376186 -0.430863
0.0268963 -0.0130608 0.311907 0.012669
0.0763389 -0.0250869 0.779222 -4.17335
0.0574525 -0.0225762 0.567601 -2.61791
0.0594605 -0.025413 0.648015 -3.34457
0.0342676 -0.0202905 0.406129 -1.35361
0.0453436 -0.0230352 0.514564 -2.71831
0.0278227 -0.0185802 0.365277 -0.491602
0.0352176 -0.0208158 0.430506 -1.16419
0.0313334 -0.0181953 0.375368 -0.511517
0.0207294 -0.0140889 0.28823 0.00990959
0.0525184 -0.0261826 0.577862 -2.2317
0.0327631 -0.0209678 0.405399 -0.933829
0.0302481 -0.0184055 0.376173 -0.916125
0.0411801 -0.0229093 0.456897 -1.4292
0.05431 -0.0287289 0.610438 -2.17237
0.0713572 -0.0321892 0.853958 -4.26141
0.0452217 -0.0196312 0.469877 -1.24885
0.244298 -0.0476781 0.0327921 -0.297833
0.256175 -0.040978 0.0748083 -0.322326
0.0358993 -0.0103852 0.32573 0.289328
0.0500067 -0.0192403 0.440631 -0.443209
0.321895 -0.0567269 -0.0737001 -0.434117
0.0453021 -0.0227631 0.487984 -2.25463
0.0327314 -0.0201655 0.416358 -1.57513
0.0318288 -0.0211933 0.417033 -1.13018
0.183588 -0.0378518 0.0147737 -0.174305
0.0396817 -0.019793 0.414876 -0.778943
0.24745 -0.0449618 -0.063279 -0.260009
0.0424136 -0.0234762 0.481453 -1.25409
0.025488 -0.0140709 0.316423 0.0127095
