0.0042084 -0.0107469 0.171827 0.69752
0.206109 -0.0417618 -0.0144027 -0.21675
-7.66363 0.49748 61.9603 -7.0894
-0.107445 -0.00661015 -0.564526 -5.68527
-0.155197 -0.00647384 -0.0108334 3.09432
0.0258839 -0.0197013 0.388258 -0.450495
0.0380419 -0.0234781 0.454777 -1.65707
0.0437333 -0.0259434 0.512601 -1.90536
0.0173761 -0.0197278 0.334156 -0.421132
0.0259564 -0.0215033 0.424303 -1.52748
-0.14394 0.00944549 0.440856 0.198517
-0.29777 0.0127554 0.214686 -0.149943
-0.107445 -0.00661015 -0.564526 -5.68527
-5.4276 0.345101 44.0351 -7.04815
-7.52831 0.48785 61.3377 -7.16798
0.0224386 -0.0164476 0.328195 -0.453164
0.0037792 -0.0133679 0.228537 0.268612
0.0132282 -0.0162235 0.270627 0.00727553
0.0103061 -0.0153697 0.243113 0.00543464
0.172619 -0.0380263 -0.00496646 1.97983
2.95419 -0.330335 -12.6975 -3.80304
0.0167667 -0.0130235 0.25187 0.00735379
0.0231336 -0.0190764 0.348961 -0.820524
0.0128396 -0.0147045 0.24977 0.00635716
-0.0015959 -0.0105092 0.175378 0.661893
0.0270055 -0.0233168 0.418326 -1.63566
0.0173761 -0.0197278 0.334156 -0.421132
0.00882544 -0.0307336 0.359159 -0.884943
-7.62991 0.673185 37.1403 -3.79266
0.0302782 -0.0206084 0.394909 -1.32362
0.0195519 -0.019036 0.345632 -0.344706
0.0108856 -0.0133753 0.263098 0.350317
0.0108588 -0.0148971 0.241756 0.0055794
0.0132282 -0.0162235 0.270627 0.00727553
0.0377957 -0.023611 0.466628 -1.92914
0.00702021 -0.0103738 0.208416 0.38584
0.0257671 -0.0208606 0.388037 -1.50444
0.00962944 -0.0139211 0.224096 0.00474029
0.00663283 -0.0156868 0.225273 0.00380261
0.00945724 -0.016784 0.26186 -0.488048
0.0142715 -0.0164577 0.279978 0.00792426
0.0122416 -0.0143803 0.229869 0.247104
0.00697915 -0.013658 0.222622 0.361532
0.341281 -0.0708176 -0.286531 -1.02628
0.427998 -0.0855341 -0.357108 -0.615925
0.0121989 -0.0177261 0.27653 0.261912
0.0167972 -0.0157789 0.286374 0.00890215
0.00837263 -0.0113117 0.222659 0.520604
-0.00204372 -0.0117627 0.158936 0.739429
-0.00381307 -0.011101 0.165239 0.702653
0.0249218 -0.0215483 0.360223 -1.19503
0.0120882 -0.0158744 0.259431 0.00648483
0.0203018 -0.0183854 0.322878 -1.10035
0.00367719 -0.0125949 0.185289 0.402726
0.00663283 -0.0156868 0.225273 0.00380261
0.00409964 -0.0163503 0.218598 0.00279625
0.0216241 -0.0191603 0.364157 -1.22876
0.0114105 -0.0175237 0.298308 -0.374734
0.0114105 -0.0175237 0.298308 -0.374734
0.0202313 -0.0221475 0.382516 -1.19429
0.0114105 -0.0175237 0.298308 -0.374734
0.0270055 -0.0233168 0.418326 -1.63566
0.0094158 -0.0148134 0.216976 0.302938
0.0209031 -0.0189138 0.353239 -0.960479
0.00777276 -0.0160342 0.236448 0.00448145
0.0106947 -0.0168873 0.263954 0.00626322
0.00946532 -0.0159099 0.246277 0.00536203
0.00630208 -0.010695 0.189635 0.542497
0.011305 -0.0143451 0.279959 -0.345753
0.0121628 -0.0132547 0.230739 0.00558508
0.0114105 -0.0175237 0.298308 -0.374734
0.00496684 -0.0133232 0.188688 0.273261
0.0115356 -0.0163471 0.260789 0.00633407
0.0133973 -0.0169926 0.283185 0.00791142
0.0173761 -0.0197278 0.334156 -0.421132
0.000891611 -0.0124536 0.210529 0.493061
-0.00331448 -0.0128329 0.184403 0.717554
0.00367719 -0.0125949 0.185289 0.402726
0.0257671 -0.0208606 0.388037 -1.50444
0.00355119 -0.0111784 0.17934 0.585977
0.0094158 -0.0148134 0.216976 0.302938
0.0173761 -0.0197278 0.334156 -0.421132
0.00832011 -0.0162325 0.244716 0.246508
0.00879975 -0.0127468 0.229018 0.354398
0.0180422 -0.0165742 0.318382 -0.320861
0.0179728 -0.0166635 0.319276 -0.426406
0.00832011 -0.0162325 0.244716 0.246508
0.0236619 -0.0217868 0.396004 -1.22886
0.0125407 -0.0199829 0.323114 -0.481584
0.0175742 -0.0183453 0.308426 -0.541074
0.0119987 -0.0152453 0.252941 0.00631776
0.00229001 -0.0141582 0.218053 0.296144
-0.00393409 -0.0106017 0.161994 0.785164
0.0131107 -0.0199679 0.324329 -0.391204
0.0094158 -0.0148134 0.216976 0.302938
0.014714 -0.0170872 0.308344 -0.398584
0.0090768 -0.0143936 0.225452 0.00460141
0.0103061 -0.0153697 0.243113 0.00543464
0.0270055 -0.0233168 0.418326 -1.63566
0.0156772 -0.0154462 0.275426 0.00805939
0.0111646 -0.0192638 0.28902 -0.505656
0.00284105 -0.0104482 0.164709 0.444365
-0.198208 0.00416602 0.876877 -1.22891
0.0154257 -0.0218229 0.340507 -1.34102
-0.003836 -0.00940172 0.139545 0.802825
-0.144111 0.00672752 0.492374 -0.337123
0.0257671 -0.0208606 0.388037 -1.50444
0.00595632 -0.0142402 0.206279 0.00324268
0.0114105 -0.0175237 0.298308 -0.374734
0.0075101 -0.0200386 0.313775 -0.343193
0.0126138 -0.0163167 0.271595 -0.508088
-0.00393409 -0.0106017 0.161994 0.785164
0.00494018 -0.0158119 0.215455 0.00295961
0.00663283 -0.0156868 0.225273 0.00380261
0.00693203 -0.0165736 0.239603 0.00436918
0.0116996 -0.0143566 0.238588 0.00562608
0.0119987 -0.0152453 0.252941 0.00631776
0.0267594 -0.0209286 0.380285 -1.27948
-0.0060877 -0.00990794 0.148214 0.610018
0.0143661 -0.0188057 0.2988 -0.524395
0.0080262 -0.0146752 0.220765 0.0040678
-9.37754e-05 -0.0107339 0.151185 0.516668
0.00104847 -0.0132886 0.179384 0.411858
0.00242771 -0.013927 0.179667 0.304676
-0.0977501 -0.00133789 0.493474 -0.530648
0.00295978 -0.0160037 0.207432 0.00213546
-0.115499 0.00244939 0.387933 0.100606
0.00702138 -0.0172018 0.246082 0.00447711
-0.0028907 -0.0120445 0.162064 0.661252
0.00693203 -0.0165736 0.239603 0.00436918
0.0017798 -0.0113497 0.186383 0.47699
-0.301782 0.0129158 1.44331 -1.73796
-0.107445 -0.00661015 -0.564526 -5.68527
-0.107445 -0.00661015 -0.564526 -5.68527
-0.107445 -0.00661015 -0.564526 -5.68527
-0.107445 -0.00661015 -0.564526 -5.68527
0.000759342 -0.00998012 0.186032 0.618137
-0.013987 -0.00903187 0.168997 0.85081
0.0037792 -0.0133679 0.228537 0.268612
0.0114105 -0.0175237 0.298308 -0.374734
0.00962944 -0.0139211 0.224096 0.00474029
0.0257671 -0.0208606 0.388037 -1.50444
0.00777276 -0.0160342 0.236448 0.00448145
-0.326176 0.0159974 1.53847 -1.93996
0.00229001 -0.0141582 0.218053 0.296144
0.0037792 -0.0133679 0.228537 0.268612
0.0133922 -0.0142314 0.248407 0.0064814
0.0155618 -0.0148176 0.269066 0.00791772
-0.107445 -0.00661015 -0.564526 -5.68527
-0.107445 -0.00661015 -0.564526 -5.68527
-0.107445 -0.00661015 -0.564526 -5.68527
-0.107445 -0.00661015 -0.564526 -5.68527
0.0161287 -0.015928 0.282196 -0.537866
0.0251419 -0.0210353 0.404367 -1.8426
0.00816128 -0.0175502 0.25727 0.0052174
0.0198513 -0.0183873 0.334915 -1.41619
0.00624424 -0.014173 0.204477 0.00318249
0.00946532 -0.0159099 0.246277 0.00536203
-0.136874 0.00535079 0.418051 0.156024
0.000829449 -0.00995185 0.142279 0.737975
0.0147655 -0.0229784 0.347846 -0.91634
0.000144654 -0.0115345 0.169675 0.632058
0.00693203 -0.0165736 0.239603 0.00436918
0.00069962 -0.0103599 0.144706 0.647248
-0.107445 -0.00661015 -0.564526 -5.68527
-0.107445 -0.00661015 -0.564526 -5.68527
-0.107445 -0.00661015 -0.564526 -5.68527
-0.107445 -0.00661015 -0.564526 -5.68527
-0.000544582 -0.011869 0.174128 0.533813
-0.00886448 -0.00883982 0.138184 0.855821
-0.00618268 -0.0100493 0.131749 0.836278
-0.214708 0.01172 0.736067 -0.642923
-0.00182788 -0.0161851 0.195107 0.298338
-0.136461 0.00564453 0.379326 0.144704
0.00579218 -0.016226 0.228425 0.00367753
0.00287059 -0.0153764 0.200962 0.00209417
0.00367719 -0.0125949 0.185289 0.402726
0.0126138 -0.0163167 0.271595 -0.508088
0.00693203 -0.0165736 0.239603 0.00436918
-0.1132 0.0030095 0.406869 0.0993554
-0.107445 -0.00661015 -0.564526 -5.68527
-0.107445 -0.00661015 -0.564526 -5.68527
-0.107445 -0.00661015 -0.564526 -5.68527
-0.107445 -0.00661015 -0.564526 -5.68527
0.00631715 -0.0172508 0.251963 -0.465484
0.00945724 -0.016784 0.26186 -0.488048
-0.128688 0.00322085 0.433916 -0.143366
-0.144111 0.00672752 0.492374 -0.337123
0.0109837 -0.0200743 0.316894 -0.872605
0.00631715 -0.0172508 0.251963 -0.465484
-0.115499 0.00244939 0.387933 0.100606
0.0126138 -0.0163167 0.271595 -0.508088
0.00104847 -0.0132886 0.179384 0.411858
-0.000544582 -0.011869 0.174128 0.533813
0.00496684 -0.0133232 0.188688 0.273261
0.0114105 -0.0175237 0.298308 -0.374734
-0.144111 0.00672752 0.492374 -0.337123
0.00284105 -0.0104482 0.164709 0.444365
-0.00523227 -0.0113454 0.127797 0.73167
0.00809424 -0.016098 0.229549 -0.536668
-0.0107949 -0.0110316 0.127924 0.714737
0.00257116 -0.0144923 0.186666 0.00167294
-0.144111 0.00672752 0.492374 -0.337123
-0.00550012 -0.0138806 0.1556 0.541297
0.00697915 -0.013658 0.222622 0.361532
0.00367719 -0.0125949 0.185289 0.402726
0.00728931 -0.012395 0.197964 0.333005
0.00650347 -0.0128836 0.213531 0.491615
-0.0118761 -0.0108963 0.153513 0.805498
0.00367719 -0.0125949 0.185289 0.402726
0.00475222 -0.0122174 0.17786 0.521269
0.0122416 -0.0143803 0.229869 0.247104
-0.155286 0.0119688 0.406657 0.139604
0.00693203 -0.0165736 0.239603 0.00436918
0.00797722 -0.0197204 0.279056 -0.48452
0.00156674 -0.0170123 0.211905 0.00158116
-0.214708 0.01172 0.736067 -0.642923
-0.00886448 -0.00883982 0.138184 0.855821
0.022106 -0.0210888 0.368837 -1.42078
0.0169607 -0.0187402 0.309468 -1.0598
0.00242771 -0.013927 0.179667 0.304676
0.00287059 -0.0153764 0.200962 0.00209417
-0.00523227 -0.0113454 0.127797 0.73167
-0.214708 0.01172 0.736067 -0.642923
0.0136157 -0.0164021 0.273865 -0.412323
0.0115356 -0.0163471 0.260789 0.00633407
0.00422065 -0.0094689 0.190172 0.614835
0.00691905 -0.0102477 0.181214 0.660826
0.00962944 -0.0139211 0.224096 0.00474029
4.97444e-05 -0.0140541 0.19686 0.478302
0.00477606 -0.0177967 0.237588 0.00331648
0.00631715 -0.0172508 0.251963 -0.465484
0.00242771 -0.013927 0.179667 0.304676
-0.127139 0.00531474 0.36787 0.128187
0.00194036 -0.0126399 0.166062 0.579817
0.00562804 -0.0182119 0.250572 0.00411116
0.00579218 -0.016226 0.228425 0.00367753
-0.221715 0.0178135 0.507801 0.233485
-0.00454753 -0.0134799 0.191715 0.562571
0.00540365 -0.0147122 0.20763 0.00307182
0.0155893 -0.0202195 0.360661 -0.691265
0.0116996 -0.0143566 0.238588 0.00562608
0.0276258 -0.0196193 0.401792 -0.963176
0.0534551 -0.0387613 0.717013 -2.93923
0.0247915 -0.0126377 0.297868 0.0116066
0.0274521 -0.0131347 0.32131 -0.480327
0.0145017 -0.0116706 0.215272 0.260565
-0.123243 0.00923806 0.425691 0.122022
-0.127139 0.00531474 0.36787 0.128187
-0.00295371 -0.0145432 0.14558 0.603423
-0.00411886 -0.0122551 0.166505 0.566042
0.0126138 -0.0163167 0.271595 -0.508088
1.49223 -0.212854 -4.12566 -2.18
0.547757 -0.108428 -0.628577 -0.862469
-0.0977501 -0.00133789 0.493474 -0.530648
-0.00668639 -0.0111601 0.154387 0.811626
