0.0520969 -0.0155725 0.425735 -0.725598
0.405776 -0.100928 -0.0782704 -0.467472
-6.02096 0.388883 49.7914 -7.16308
-0.217042 0.00405612 0.0128333 1.96739
-0.223065 0.00513883 0.016386 1.95097
3.07634 -0.302045 -15.8534 -4.96055
0.0706818 -0.0155375 0.572919 -2.52033
0.0462876 -0.00556593 0.338115 0.0177397
-0.00408368 0.0215242 0.000428105 1.99732
0.0962676 -0.0270986 0.849577 -3.42307
0.0473031 -0.00846741 0.3766 0.0212774
-0.107445 -0.00661015 -0.564526 -5.68527
-0.107445 -0.00661015 -0.564526 -5.68527
0.0594342 -0.0103299 0.435076 -1.11586
0.0549474 -0.0135226 0.448161 -0.727296
0.0849561 -0.0245452 0.757008 -3.31269
0.0568168 -0.0100867 0.407098 -0.494403
0.0412395 -0.00692617 0.325372 0.0161839
0.0385249 -0.00956611 0.340582 0.017076
-6.06958 0.401539 48.9429 -6.8754
0.0382903 -0.0102473 0.348684 0.0176451
0.0471661 -0.00503382 0.33498 0.0174015
0.038715 -0.00760592 0.318993 0.0153931
0.070509 -0.0153076 0.541988 -1.5264
0.0448029 -0.00547678 0.332679 -0.309978
0.0702588 -0.0186186 0.576256 -1.98219
0.0672779 -0.0157073 0.530735 -1.5235
0.0404338 -0.0153137 0.411273 -0.77779
0.24511 -0.0512991 -0.0316382 2.64089
0.0575035 -0.0114643 0.472101 -0.734335
0.0626019 -0.0125634 0.461444 -0.634431
0.0502526 -0.00668849 0.375379 0.0217178
0.0414285 -0.00496527 0.303767 0.0144205
0.0334221 -0.00494163 0.268731 0.466587
-10.2265 0.700667 79.1873 -6.74956
-3.93684 0.26404 31.1389 -6.58757
-3.37887 0.213419 28.793 -7.20149
0.04084 -0.00261328 0.269363 0.0114406
0.0294243 -0.00695472 0.254382 0.0095658
0.0472712 -0.0100842 0.352942 -0.562918
0.0938716 -0.0215109 0.877438 -4.496
0.0594342 -0.0103299 0.435076 -1.11586
0.0310153 -0.00236695 0.266585 0.623818
13.3958 -0.905258 -131.97 -9.58587
0.370963 -0.057962 -0.138245 -0.534946
0.0478383 -0.00799261 0.375291 0.0212431
0.287793 -0.0393569 -0.0367091 -0.334895
0.0659493 -0.0132508 0.526959 -0.892826
0.0263893 -0.00226706 0.245471 0.501135
0.0370117 -0.00492453 0.273713 0.0115138
0.0359523 -0.00742265 0.29857 0.0133315
0.0629857 -0.00899366 0.412937 -0.696439
0.0423063 -0.00443252 0.300616 0.0141132
0.0706818 -0.0155375 0.572919 -2.52033
0.0686132 -0.0217738 0.6463 -3.15888
0.0385916 -0.0101881 0.363605 -0.360793
0.0410043 -0.00606509 0.311371 0.0148148
0.0456357 -0.00574962 0.333083 -0.417043
0.0363739 -0.00518619 0.289332 0.327903
0.236151 -0.0377858 0.0441998 -0.279772
0.0307528 -0.004882 0.294669 0.521332
0.0408144 -0.00802539 0.332964 0.0165518
0.0337858 -0.00111497 0.257945 0.523167
0.0655914 -0.0126899 0.478779 -1.15092
0.0497331 -0.0108274 0.386236 -0.452221
0.0513669 -0.0107694 0.404591 -1.00804
0.0348361 -0.0070923 0.287675 0.0123458
0.0473579 -0.00461665 0.335501 0.0176045
0.0496334 -0.00756478 0.371239 -0.360789
0.0672779 -0.0157073 0.530735 -1.5235
0.0600319 -0.016394 0.50936 -1.66359
0.0361347 -0.00545752 0.276875 0.0117742
0.0497132 -0.00866645 0.387482 -0.233572
0.0531522 -0.00857342 0.403802 -0.365202
0.0566668 -0.0107834 0.437329 -0.779151
0.0754331 -0.0153767 0.576853 -2.10669
0.0532705 -0.0104576 0.396727 -0.474037
-0.205206 0.0179835 1.133 -1.18665
0.0363922 -0.00563396 0.292629 0.25338
0.0390126 -0.00626865 0.303655 0.0140455
0.0435298 -0.00538597 0.317765 0.0155435
0.0739258 -0.0183243 0.592425 -2.01749
0.0327995 -0.00604642 0.291785 0.481568
0.242079 -0.0307647 0.05935 -0.262608
0.0847118 -0.0179586 0.67626 -2.23515
0.0792557 -0.0149736 0.574624 -1.62302
0.0520046 -0.0133816 0.412086 -0.464576
0.0532705 -0.0104576 0.396727 -0.474037
0.0657699 -0.0130055 0.492475 -1.36925
0.0423063 -0.00443252 0.300616 0.0141132
0.0404179 -0.00374024 0.275717 0.265009
0.0411553 -0.00950804 0.35319 0.0182904
0.0486113 -0.00683923 0.365934 0.0205221
0.0469689 -0.00698937 0.356473 0.0193546
0.0829297 -0.020493 0.673041 -2.27864
0.0632463 -0.0150712 0.495208 -0.752814
0.0275835 -0.0020253 0.240349 0.575048
0.0653347 -0.0149758 0.506321 -1.71472
0.0385916 -0.0101881 0.363605 -0.360793
0.0488111 -0.00488547 0.34448 0.0185021
0.0531145 -0.00680644 0.348065 -0.50864
0.0513669 -0.0107694 0.404591 -1.00804
0.0299575 -0.0064789 0.253055 0.00955883
0.0438116 -0.0104733 0.342663 -0.542005
0.0771954 -0.0181313 0.666216 -3.37477
0.0826889 -0.0187335 0.784899 -4.81799
0.0507356 -0.00969402 0.363125 -0.58231
0.052535 -0.0136074 0.451258 -1.38977
0.0465392 -0.00796613 0.359336 -0.331772
0.0546838 -0.0138388 0.461159 -0.904384
0.0397792 -0.00511061 0.294201 0.0134343
0.0465392 -0.00796613 0.359336 -0.331772
0.0740222 -0.0187508 0.68927 -3.97671
0.0478257 -0.0113711 0.399649 -1.17025
0.0225008 -0.00432604 0.222351 0.521676
0.04108 -0.00347733 0.283431 0.0127226
0.0790171 -0.0150772 0.628367 -3.13191
0.0945621 -0.0228164 0.994391 -6.19235
0.0323087 -0.00777018 0.281256 0.0116227
0.0766665 -0.0181049 0.689074 -3.81208
0.0495986 -0.00821663 0.37269 -0.989144
0.0572035 -0.0132171 0.452365 -1.76642
0.0574108 -0.0130278 0.439086 -1.49384
0.0505096 -0.0164194 0.467631 -1.3326
0.232735 -0.0337385 0.0137331 -0.233373
0.0291555 -0.00629659 0.274984 0.302058
0.038715 -0.00760592 0.318993 0.0153931
0.0335896 -0.00161282 0.221517 0.494181
0.0641844 -0.0126267 0.506523 -2.82224
0.0250307 -0.00383722 0.233168 0.489428
0.0484309 -0.0101122 0.35252 -0.471303
0.0718616 -0.0119426 0.511274 -1.89923
0.0682127 -0.0122704 0.49729 -1.87465
0.0401267 -0.0065978 0.314522 0.0150978
0.0554785 -0.0162907 0.481549 -1.96429
0.0370117 -0.00492453 0.273713 0.0115138
0.0802555 -0.0179542 0.661868 -2.65593
0.055641 -0.0100669 0.402808 -0.833142
0.0537609 -0.0118167 0.459732 -0.7017
0.0410471 -0.00888481 0.346928 0.0179508
0.0317898 -0.0119881 0.463737 -0.49283
0.0321865 -0.00277975 0.250209 0.487961
0.0489817 -0.0108215 0.384817 -0.528219
0.0532705 -0.0104576 0.396727 -0.474037
0.0410043 -0.00606509 0.311371 0.0148148
0.0567191 -0.0126449 0.438863 -0.993104
0.0635825 -0.0158036 0.506243 -1.29598
0.0486637 -0.00144469 0.30271 0.0145989
-0.442101 0.0435146 2.19949 -2.05181
0.0645366 -0.0125888 0.482821 -1.84454
0.0443696 -0.0114147 0.375612 -0.91413
0.029291 0.00151298 0.20915 0.499176
0.041191 -0.00410269 0.289733 0.0130785
0.0537872 -0.0127963 0.414188 -0.776139
0.038715 -0.00760592 0.318993 0.0153931
0.0462079 -0.0111961 0.375607 -0.428801
0.0455315 -0.0093915 0.383407 -0.401203
0.0426906 -0.00873572 0.35641 0.0191033
0.0397792 -0.00511061 0.294201 0.0134343
0.0487833 -0.00687691 0.335648 -0.361535
0.235475 -0.0336774 -0.0254711 -0.209305
0.236151 -0.0377858 0.0441998 -0.279772
0.0385249 -0.00956611 0.340582 0.017076
0.0568168 -0.0100867 0.407098 -0.494403
0.0445291 -0.0106334 0.450078 -0.635007
0.0839688 -0.0188569 0.726744 -3.77632
0.0420952 -0.00879017 0.344941 -0.89221
0.0346992 -0.00348455 0.233222 0.283293
0.0686288 -0.0145624 0.51694 -1.71077
0.0605554 -0.00944775 0.43733 -1.5746
0.0395403 -0.00424744 0.28015 0.0121453
0.0374134 -0.00923862 0.329751 0.0159718
11.4926 -0.798978 -108.694 -9.15887
0.0601713 -0.016238 0.497995 -1.43898
0.0202646 0.00223348 0.176286 0.847844
0.0620443 -0.0151648 0.48143 -1.46226
0.0395403 -0.00424744 0.28015 0.0121453
0.0428096 -0.0079388 0.31521 -0.425695
0.03619 -0.00828542 0.312609 0.014594
0.0618659 -0.00953694 0.44116 -1.09583
0.0421849 -0.00614507 0.322827 -0.392401
0.0486726 -0.00712901 0.335777 -0.569322
0.0305441 -0.00728734 0.265327 0.0104399
0.0420952 -0.00879017 0.344941 -0.89221
0.0349037 -0.00449918 0.259625 0.0105378
0.0359523 -0.00742265 0.29857 0.0133315
0.0450052 -0.0104847 0.341324 -0.443354
0.0344829 -0.00560145 0.267273 0.0108722
0.235475 -0.0336774 -0.0254711 -0.209305
0.0372518 -0.0057885 0.287782 0.0127458
0.0639793 -0.0161069 0.518914 -1.51432
0.0645366 -0.0125888 0.482821 -1.84454
0.0454693 -0.0112066 0.374772 -0.509352
0.0451184 -0.00831216 0.355651 -0.908224
0.0361347 -0.00545752 0.276875 0.0117742
-0.476872 0.0447437 2.37556 -2.12278
0.0547944 -0.0104095 0.418174 -1.0451
0.0352731 -0.00149757 0.240113 0.354406
0.0311905 -0.00743858 0.270332 0.0107025
0.0363143 -0.00349049 0.255139 0.0102179
0.0604773 -0.0129651 0.477529 -2.07073
0.0251342 -0.000548107 0.187642 0.514523
0.0309091 -0.00083322 0.187102 0.528643
0.0210241 -0.0020331 0.202379 0.559535
0.0510717 -0.00605864 0.378249 -0.349955
0.0476001 -0.00828368 0.359961 -0.437061
0.047507 -0.00867372 0.394844 -0.334094
0.0441427 -0.00232505 0.28855 0.0132782
0.0486726 -0.00712901 0.335777 -0.569322
0.0469686 -0.0082513 0.357111 -0.510127
0.0486726 -0.00712901 0.335777 -0.569322
0.0614474 -0.00967604 0.415412 -0.42988
0.0367017 -6.9952e-06 0.209483 0.436552
0.0703027 -0.0150705 0.543826 -2.10735
0.0277821 -0.00391414 0.2081 0.397709
-0.163952 0.0259327 0.493187 0.25006
0.0389018 -0.00564359 0.297358 0.0137157
0.0645366 -0.0125888 0.482821 -1.84454
0.0414285 -0.00496527 0.303767 0.0144205
0.0507356 -0.00969402 0.363125 -0.58231
0.0686288 -0.0145624 0.51694 -1.71077
0.0372518 -0.0057885 0.287782 0.0127458
0.0645366 -0.0125888 0.482821 -1.84454
0.032335 0.000658263 0.199991 0.542404
0.0468227 -0.00509122 0.336807 0.0176763
0.0437637 -0.00624617 0.331745 0.0169664
0.0462876 -0.00556593 0.338115 0.0177397
0.0697281 -0.0171267 0.525127 -0.657964
0.049103 -0.00535446 0.343214 -0.439898
0.0509321 -0.00864631 0.397915 -0.740203
0.0278748 -3.42188e-05 0.19591 0.493707
0.0587136 -0.0155631 0.470249 -1.45634
0.0756387 -0.0157208 0.601613 -2.46176
0.0414285 -0.00496527 0.303767 0.0144205
0.0806337 -0.0178352 0.64233 -2.34975
0.0243487 5.38104e-05 0.20652 0.713762
0.0416145 -0.00300243 0.282121 0.0126356
0.0645778 -0.0121872 0.454552 -1.31416
0.0657699 -0.0130055 0.492475 -1.36925
0.055641 -0.0100669 0.402808 -0.833142
0.102323 0.000155828 0.000615654 1.99503
0.290502 -0.0432876 -0.00231329 2.97563
0.0783362 -0.015074 0.590826 -1.39178
-9.37833 0.586668 84.0064 -7.93303
0.343837 -0.0425745 -0.00340211 2.98768
-5.38842 0.486674 27.4572 -3.92662
0.09936 0.000647518 -0.0108661 2.07909
-3.52542 0.239794 25.053 -5.55721
-0.104582 0.0228212 0.419524 0.166954
-4.88911 0.323332 39.7499 -6.97046
1.35017 -0.164505 -4.30089 -3.08337
0.804254 -0.125627 -1.41979 -1.60091
0.0876286 -0.0171557 0.673087 -2.38941
-0.106336 0.0214016 0.509941 0.245226
0.227979 -0.0241304 -0.0296642 2.7322
5.27983 -0.449102 -37.5335 -6.91774
