2.57229 -0.281982 -14.2888 -5.70748
0.222949 -0.064595 0.135419 -2.10747
-2.60737 0.163834 20.4315 -6.34323
-0.107445 -0.00661015 -0.564526 -5.68527
-0.107445 -0.00661015 -0.564526 -5.68527
0.0565313 -0.0164814 0.480599 -1.25057
0.0618189 -0.0227242 0.650045 -3.70805
0.830963 -0.133462 -1.40667 -1.35442
-4.07005 0.232325 36.8318 -7.71658
0.0282005 -0.012972 0.323294 0.0139368
-0.330483 0.0460788 0.630037 0.433132
-0.107445 -0.00661015 -0.564526 -5.68527
-0.107445 -0.00661015 -0.564526 -5.68527
-0.149187 0.0119755 0.501409 0.198095
0.694862 -0.109359 -1.17908 -1.6792
0.46362 -0.137385 0.0511505 3.31819
0.0416054 -0.0140466 0.377148 -1.26913
7.81317 -0.648257 -55.8763 -6.74848
0.0232819 -0.00985867 0.24109 0.267025
-0.086585 0.0140738 0.04545 2.63471
0.0287787 -0.0107337 0.379754 -1.95451
0.0635113 -0.025012 0.60818 -2.04622
0.0256673 -0.0121038 0.294686 0.0114867
0.309163 -0.060534 -0.106147 -0.422368
0.0504553 -0.0195855 0.483466 -1.84742
0.0329169 -0.0161884 0.39272 -0.866327
0.0695178 -0.0258803 0.759191 -4.30252
-0.251755 0.0531687 0.000126838 1.99918
7.73304 -0.577484 -65.7219 -8.09981
0.0727474 -0.0287957 0.768388 -3.67513
0.0155271 -0.00385345 0.20413 0.694719
0.0131152 -0.00401334 0.23525 0.697238
0.0566028 -0.0225348 0.573707 -2.52406
0.0334772 -0.0152732 0.360463 -0.438819
-8.35662 0.522785 72.315 -7.66091
-0.338083 0.0691394 0.00649371 1.96266
-9.01764 0.586084 74.9032 -7.3591
0.0118703 -0.00713583 0.180453 0.626015
-0.215569 0.0250154 0.514054 0.25289
0.0436319 -0.0205282 0.474004 -2.4979
0.012955 -0.00679506 0.215412 0.638355
0.0227282 -0.0100034 0.2542 0.00870058
0.194505 -0.0305769 -0.0218827 2.92602
-9.99744 0.839114 55.8539 -4.60382
-6.75758 0.420755 58.2145 -7.56037
0.03699 -0.0148969 0.370901 -0.461871
0.0647772 -0.0222781 0.613449 -2.4496
0.0396268 -0.0188063 0.460327 -0.703388
0.00139515 -0.00836676 0.180972 0.804566
0.0371107 -0.0173173 0.381259 -1.20741
-9.12969 0.582529 77.1167 -7.47121
-0.111271 0.0319939 0.000309011 1.99831
0.284443 -0.0596305 -0.0526101 -0.377959
0.00866147 -0.00623826 0.189267 0.582869
0.174158 -0.0345256 0.00771518 -0.153369
0.00532788 -0.00677921 0.164499 0.800369
0.0299799 -0.0156497 0.349903 -0.414112
0.0477815 -0.0168661 0.451276 -2.08476
0.0331485 -0.0170744 0.353495 -0.565076
0.258769 -0.0500808 -0.04842 -0.323255
5.38175 -0.496459 -33.0286 -5.73382
0.0206153 -0.0134612 0.281886 0.00972607
0.0242344 -0.0103437 0.296677 -0.353527
0.0504209 -0.019472 0.471808 -1.58501
0.0243721 -0.0137407 0.305532 0.0117451
0.0364077 -0.0202042 0.402665 -0.750742
8.17543 -0.598138 -74.0496 -8.80499
-8.61669 0.581919 67.9529 -6.91678
0.0242591 -0.0131139 0.299204 0.0115323
0.0245494 -0.0117724 0.283767 0.0105716
0.0148154 -0.00663715 0.212402 0.348889
0.0203707 -0.0125944 0.26775 0.00879816
-0.121575 0.0135979 0.45925 0.179299
0.028788 -0.0135612 0.354786 -0.276005
0.034578 -0.0123518 0.340616 -0.520023
5.95298 -0.539385 -37.2195 -5.83733
-8.39013 0.547219 68.8007 -7.21717
0.0222108 -0.0147252 0.335564 -0.423097
0.0263637 -0.0135371 0.313244 0.0125968
0.333637 -0.119504 0.267052 -2.5611
5.52379 -0.495852 -36.2152 -6.23215
0.0382163 -0.018338 0.434276 -0.902272
-0.26134 0.0152274 1.35708 -1.61285
0.0664402 -0.024805 0.642527 -2.34759
-6.38764 0.41827 51.4784 -6.95693
0.0233949 -0.00674789 0.24966 0.452505
6.64677 -0.569412 -46.3365 -6.6437
0.0587064 -0.0254769 0.623797 -2.55948
0.0504553 -0.0195855 0.483466 -1.84742
0.0541287 -0.0192666 0.497924 -1.87728
0.0247245 -0.0098025 0.261971 0.00940595
0.0111891 -0.00539577 0.179324 0.796784
0.0272356 -0.00926189 0.247775 0.318539
0.0348499 -0.0178108 0.385403 -0.53031
-0.200805 0.0213321 0.562203 0.302675
-0.663316 0.0476318 3.34673 -2.5534
0.0184318 -0.0140818 0.273626 0.00867437
0.0329169 -0.0161884 0.39272 -0.866327
0.0200494 -0.012138 0.311147 -0.315557
0.0269628 -0.010467 0.283844 0.0111713
-5.49448 0.35158 45.9153 -7.3133
5.9523 -0.525187 -39.5438 -6.28886
0.0137857 -0.0155014 0.327144 -0.437986
0.00591414 -0.0080676 0.18569 0.437799
0.0319805 -0.0155413 0.359598 -0.949177
0.0236738 -0.0123064 0.286952 0.0106851
0.0258352 -0.00737618 0.238397 0.00826651
0.0149751 -0.0178958 0.298631 0.00875283
-8.19218 0.556699 63.7249 -6.82073
0.0108974 -0.0108241 0.233547 0.488032
0.0262154 -0.0174787 0.403495 -0.747192
-9.7876 0.654207 78.3967 -7.06339
-0.303438 0.0465643 0.583263 0.255766
0.0111344 -0.00757312 0.188863 0.504153
-8.47745 0.56459 67.6851 -7.02823
0.0117448 -0.00463219 0.199111 0.658079
0.223786 -0.0443631 -0.00247924 0.0450531
0.216268 -0.0383199 -0.00670734 -0.21939
0.0428181 -0.0202755 0.460912 -2.02123
0.016144 -0.00893673 0.210541 0.541674
0.0205669 -0.0106397 0.284702 -0.307679
-0.0139108 -0.00339817 0.207214 0.73126
0.0207681 -0.00871656 0.225202 0.00692622
0.0215772 -0.0126074 0.277836 -0.469942
0.196863 -0.0380433 0.037606 -0.219483
0.0276572 -0.0193892 0.396166 -0.803857
0.023255 -0.0134099 0.294624 0.0108152
0.0203707 -0.0125944 0.26775 0.00879816
0.0194642 -0.0103624 0.23626 0.00719525
-8.83572 0.569985 74.212 -7.45454
0.0247904 -0.0105584 0.298932 -0.485511
-9.24614 0.609811 75.2912 -7.18056
0.0309965 -0.0127404 0.330993 -0.500667
0.0230712 -0.00994551 0.252347 0.00853553
0.0167667 -0.0130235 0.25187 0.00735379
0.199468 -0.0440989 0.0236801 -0.218401
0.05942 -0.0254619 0.610694 -2.29758
0.0254251 -0.0112386 0.280586 0.0104483
0.0259578 -0.0107624 0.279251 0.0104975
0.0251446 -0.0141286 0.318268 0.0129021
-0.224981 0.0142299 1.1553 -1.45278
0.0293712 -0.0156434 0.347889 -0.49371
0.00456598 -0.00425457 0.185989 0.795835
6.95048 -0.591293 -48.6494 -6.64803
0.0220227 -0.0124506 0.277357 0.00972631
-0.129085 0.0107103 0.467656 0.189732
0.0356029 -0.017817 0.38681 -0.454238
0.0424727 -0.0134165 0.359074 -0.533156
3.9594 -0.379241 -25.847 -6.42592
0.00625905 -0.0023753 0.136961 0.798971
0.00725634 -0.00658799 0.177177 0.688704
8.58513 -0.640618 -73.2732 -8.17839
-0.24867 0.0329658 0.538417 0.299045
0.0328462 -0.0152408 0.357617 -0.51193
5.94128 -0.529759 -38.7955 -6.16256
0.0385757 -0.0204419 0.444195 -1.19711
0.0241919 -0.0102786 0.263304 0.0093634
-0.128757 0.0120232 0.4566 0.200378
0.0117063 -0.00849536 0.231709 0.372975
-9.22724 0.610644 74.7356 -7.14528
0.0197633 -0.0112521 0.250627 0.00803243
0.0256002 -0.00926871 0.258789 0.00926612
0.0239475 -0.013535 0.31156 -0.458906
0.273093 -0.0437092 -0.170933 -0.239429
0.023212 -0.00741703 0.225306 0.0073379
0.00944144 -0.00401583 0.167052 0.69456
0.0145017 -0.0116706 0.215272 0.260565
-0.0894534 0.00612128 0.350151 0.0991051
5.07041 -0.466264 -32.0429 -5.96514
0.0354867 -0.0154651 0.380892 -1.19788
0.0569183 -0.0227166 0.644327 -4.0869
0.0192108 -0.0117261 0.252001 0.0079655
0.0597084 -0.00707557 -0.000706619 2.01017
-0.105788 0.00607416 0.392598 0.111676
0.0231415 -0.0127826 0.288288 0.0106117
-9.44846 0.617492 78.681 -7.40799
0.022115 -0.00754023 0.219424 0.297676
0.003387 -0.00770306 0.210875 0.583145
-0.0999023 0.00928945 0.383059 0.112704
-4.46983 0.286297 37.2645 -7.20536
-4.3032 0.272784 35.7699 -7.17522
0.0410476 -0.0195958 0.437853 -1.455
0.0196739 -0.0138211 0.304197 -0.443465
0.0302481 -0.0184055 0.376173 -0.916125
0.0194642 -0.0103624 0.23626 0.00719525
0.0158667 -0.00831549 0.196892 0.399631
0.0213556 -0.00953772 0.237749 0.00764322
-0.0259845 0.0133328 -0.0706477 2.65812
0.0190704 0.00161033 0.000214732 1.99798
0.0243341 -0.0167238 0.366425 -0.898049
-0.126377 0.011612 0.439631 0.167632
0.0200494 -0.012138 0.311147 -0.315557
0.0372056 -0.0165606 0.401088 -1.56768
0.0158667 -0.00831549 0.196892 0.399631
0.0205669 -0.0106397 0.284702 -0.307679
-0.305563 0.0723777 -0.0028847 2.00994
1.89867 -0.206282 -9.14254 -4.67384
0.013209 -0.00812875 0.220166 0.497353
0.0324981 -0.0175557 0.366827 -1.29257
0.0170945 -0.00904006 0.207436 0.00556595
0.0284751 -0.0146405 0.339106 -1.51272
0.0153124 -0.00853945 0.191166 0.00469212
-0.467316 0.105249 0.000186773 1.9995
0.0157011 -0.0100553 0.211987 0.00555879
0.0562277 -0.0220691 0.544522 -2.11033
0.0396195 -0.0171089 0.404072 -1.45765
0.0273166 -0.0119584 0.304255 0.0124967
0.0270758 -0.0110939 0.290172 0.0114073
0.0124569 -0.00810804 0.202376 0.679805
0.0200276 -0.0126522 0.269603 0.00895785
0.0416054 -0.0140466 0.377148 -1.26913
-0.00406526 0.0109578 0.000772552 1.99344
0.0227561 -0.0117048 0.288245 -0.355361
0.0160371 -0.0056403 0.165661 0.582413
0.0176313 -0.0136409 0.289994 -0.768055
0.0285415 -0.020947 0.364059 -1.01004
0.0211474 -0.0129849 0.280547 0.00981432
0.0150892 -0.00678623 0.191767 0.572387
0.0276159 -0.0093738 0.272965 -0.405448
5.45752 -0.504104 -33.3303 -5.68697
-9.40101 0.607434 79.0686 -7.46723
0.0178429 -0.013272 0.261325 0.00795696
0.0132865 -0.00571513 0.153806 0.711708
0.0132865 -0.00571513 0.153806 0.711708
0.00569989 -0.004013 0.182249 0.857158
0.0163735 -0.00717097 0.246837 0.347492
0.0138654 -0.00196985 0.187624 0.668084
-0.301164 0.0445287 0.572716 0.253677
-0.99141 0.0849799 4.68996 -2.84555
-0.123179 0.014087 0.410926 0.127249
0.19714 -0.0476627 0.0146911 -0.228369
-0.202569 0.0169953 0.488381 0.198912
0.0186205 -0.0136631 0.274137 0.00893242
-0.152418 0.0183258 0.436702 0.16635
-0.186055 0.0233643 0.472375 0.224886
0.0211474 -0.0129849 0.280547 0.00981432
-0.168497 0.0213371 0.464436 0.185415
-0.190513 0.0227735 0.499094 0.257458
0.0178172 -0.0127421 0.25656 0.00792685
-0.113019 0.010094 0.410491 0.134052
0.135088 -0.0207394 -0.000489405 2.99816
0.202711 -0.0453093 0.000376135 1.99479
-0.379941 0.0945451 0.000106089 1.9988
-2.65588 0.183356 19.3482 -5.83705
0.251556 -0.0504262 0.0971865 -0.355156
0.341343 -0.0568653 -0.123535 -0.430528
-0.0432341 0.0214121 0.000118351 1.99931
-4.31188 0.324411 28.9632 -5.54387
0.463699 -0.141459 0.081624 3.38645
-6.84013 0.452494 55.6071 -7.16568
8.16605 -0.624371 -66.8786 -7.80571
0.242199 -0.0522592 0.0126121 3.32159
0.477251 -0.144377 0.0780405 3.48732
-0.073733 0.026391 -0.00693457 2.03969
-6.08425 0.40792 47.3447 -6.70835
3.24122 -0.316284 -22.7465 -7.28098
