0.0321275 -0.00973608 0.302968 0.0130521
0.0312185 -0.00746818 0.271396 0.248156
0.0286114 -0.00806783 0.262768 0.26718
-7.52382 0.703494 34.8524 -3.6871
-0.736609 0.00134931 4.51938 -3.71954
0.0698312 -0.0181712 0.547142 -1.29568
0.0601713 -0.016238 0.497995 -1.43898
0.0598921 -0.0160865 0.492182 -1.26419
0.0512594 -0.0142508 0.449645 -0.88196
0.0560289 -0.016092 0.482846 -0.862413
0.0431333 -0.0119887 0.397947 -0.30101
1.1802 -0.111997 -6.16776 -4.15624
-5.19153 0.335301 41.6024 -7.19543
0.0197924 -0.00555349 0.229384 0.64622
0.0449254 -0.0141094 0.390644 -0.418962
0.0502221 -0.0135528 0.41665 -0.95721
0.0343025 -0.00756797 0.288999 0.0123586
0.0250086 -0.00638762 0.262752 0.351441
0.0308989 -0.00877932 0.285752 0.0118171
0.0639793 -0.0161069 0.518914 -1.51432
-0.360088 0.029069 2.00018 -2.02089
0.0635825 -0.0158036 0.506243 -1.29598
0.0426991 -0.0115642 0.364824 -0.403603
0.0601713 -0.016238 0.497995 -1.43898
0.0666636 -0.0192044 0.578183 -2.23768
0.0345417 -0.00843133 0.303055 0.0135695
0.0565313 -0.0164814 0.480599 -1.25057
0.0233949 -0.00674789 0.24966 0.452505
-1.77826 0.123258 12.1109 -5.02495
0.0314086 -0.00884908 0.296183 0.274587
0.0382908 -0.00870576 0.326597 0.0157292
0.0422636 -0.00983339 0.363976 0.0194637
0.0332425 -0.0100657 0.313848 0.014058
0.0419616 -0.0115918 0.364672 -0.489362
0.0440407 -0.0149863 0.424148 -0.812553
0.0420077 -0.00978143 0.373508 -0.381014
0.0336062 -0.00613466 0.27044 0.011108
0.0443696 -0.0114147 0.375612 -0.91413
0.0281289 -0.00859169 0.265226 0.00998844
0.0294243 -0.00695472 0.254382 0.0095658
0.0598921 -0.0160865 0.492182 -1.26419
0.0371778 -0.00837739 0.315745 0.0146649
0.0385916 -0.0101881 0.363605 -0.360793
0.0346528 -0.00905687 0.309359 0.0138627
0.0418227 -0.0134208 0.424416 -0.373477
0.0440155 -0.0122993 0.399462 -0.396512
0.0520046 -0.0133816 0.412086 -0.464576
0.0408144 -0.00802539 0.332964 0.0165518
0.0296019 -0.0104151 0.296573 0.0122338
0.0459482 -0.014216 0.416806 -1.12978
0.0294894 -0.00978868 0.290252 0.0119786
0.0526954 -0.013449 0.443564 -1.19504
0.0336062 -0.00613466 0.27044 0.011108
0.0443696 -0.0114147 0.375612 -0.91413
0.0281289 -0.00859169 0.265226 0.00998844
0.0229245 -0.00575976 0.228677 0.35565
0.0666636 -0.0192044 0.578183 -2.23768
0.0493372 -0.013839 0.430322 -1.16421
0.0419616 -0.0115918 0.364672 -0.489362
0.0321275 -0.00973608 0.302968 0.0130521
0.0334258 -0.00810109 0.292163 0.012578
0.0320157 -0.00911011 0.296656 0.0127778
0.0348361 -0.0070923 0.287675 0.0123458
0.0348361 -0.0070923 0.287675 0.0123458
0.0434402 -0.0143549 0.391959 -0.897238
0.0308989 -0.00877932 0.285752 0.0118171
0.0294243 -0.00695472 0.254382 0.0095658
0.0526954 -0.013449 0.443564 -1.19504
0.0608591 -0.0129038 0.467875 -1.80874
0.0406319 -0.00903814 0.338689 -0.385694
0.038472 -0.0119487 0.353637 -0.462405
0.038472 -0.0119487 0.353637 -0.462405
0.0373632 -0.0064142 0.29409 0.0130613
0.0462079 -0.0111961 0.375607 -0.428801
0.0371778 -0.00837739 0.315745 0.0146649
0.0346528 -0.00905687 0.309359 0.0138627
0.0357668 -0.00938587 0.320225 0.014898
0.0468694 -0.0139686 0.404622 -0.930441
0.0350714 -0.00914261 0.329659 -0.34946
0.0346528 -0.00905687 0.309359 0.0138627
0.0509125 -0.0160266 0.451683 -1.105
0.0367015 -0.0116271 0.35685 -0.371365
0.044043 -0.0141433 0.391475 -0.503626
0.051156 -0.0115587 0.419924 -0.437333
0.077051 -0.0181326 0.625272 -2.31726
0.0497331 -0.0108274 0.386236 -0.452221
0.0537789 -0.0159896 0.480046 -1.35282
0.0476299 -0.0146527 0.436993 -0.845794
0.0406319 -0.00903814 0.338689 -0.385694
0.0478464 -0.0110662 0.38895 -0.953043
0.0526954 -0.013449 0.443564 -1.19504
0.0321275 -0.00973608 0.302968 0.0130521
0.0512594 -0.0142508 0.449645 -0.88196
0.0714605 -0.0214906 0.641242 -2.46531
0.0400257 -0.0123904 0.38614 -0.273766
0.0440155 -0.0122993 0.399462 -0.396512
0.029781 -0.00844784 0.274832 0.0108918
0.0369127 -0.0112479 0.321751 -0.494751
0.0298414 -0.0112788 0.310637 0.0133789
0.0434716 -0.00836576 0.347189 -0.300219
0.0443696 -0.0114147 0.375612 -0.91413
0.0319537 -0.00627818 0.260829 0.0102227
0.0327997 -0.0115889 0.30829 -0.554716
0.0258442 -0.0101351 0.272915 0.0102708
0.0310773 -0.0068116 0.264001 0.0104342
0.0365693 -0.00945868 0.327653 -0.451053
0.0443696 -0.0114147 0.375612 -0.91413
0.0425233 -0.0145785 0.403045 -1.09177
0.0350714 -0.00914261 0.329659 -0.34946
0.033681 -0.0120472 0.345092 -0.342674
0.0367015 -0.0116271 0.35685 -0.371365
0.038472 -0.0119487 0.353637 -0.462405
0.0315201 -0.0127391 0.333519 -0.418554
0.0390597 -0.0149263 0.389103 -1.05049
0.0256519 -0.00726694 0.229787 0.256167
0.0344829 -0.00560145 0.267273 0.0108722
0.0478464 -0.0110662 0.38895 -0.953043
0.0572035 -0.0132171 0.452365 -1.76642
0.0283717 -0.00945732 0.279336 0.0110481
0.0408616 -0.0117511 0.362143 -0.872325
0.0310773 -0.0068116 0.264001 0.0104342
0.0485531 -0.013649 0.420269 -1.64315
0.0408616 -0.0117511 0.362143 -0.872325
0.0281289 -0.00859169 0.265226 0.00998844
0.0334258 -0.00810109 0.292163 0.012578
0.0283717 -0.00945732 0.279336 0.0110481
0.0308989 -0.00877932 0.285752 0.0118171
0.0321607 -0.00958459 0.317905 -0.319019
0.0283717 -0.00945732 0.279336 0.0110481
0.0306894 -0.0124664 0.333103 -0.311431
0.0434402 -0.0143549 0.391959 -0.897238
0.0406319 -0.00903814 0.338689 -0.385694
0.0406319 -0.00903814 0.338689 -0.385694
0.0319537 -0.00627818 0.260829 0.0102227
0.0296976 -0.0102668 0.307594 -0.404276
0.0294243 -0.00695472 0.254382 0.0095658
0.0535021 -0.01311 0.428041 -0.977826
0.0426991 -0.0115642 0.364824 -0.403603
0.0426991 -0.0115642 0.364824 -0.403603
0.0321275 -0.00973608 0.302968 0.0130521
0.0594397 -0.0158467 0.483269 -1.72305
0.0459482 -0.014216 0.416806 -1.12978
0.0468694 -0.0139686 0.404622 -0.930441
0.0419616 -0.0115918 0.364672 -0.489362
0.033681 -0.0120472 0.345092 -0.342674
0.038472 -0.0119487 0.353637 -0.462405
0.0346528 -0.00905687 0.309359 0.0138627
0.0434716 -0.00836576 0.347189 -0.300219
0.036592 -0.0061817 0.311493 -0.33913
0.0350714 -0.00914261 0.329659 -0.34946
0.0229245 -0.00575976 0.228677 0.35565
0.0483597 -0.0133001 0.405651 -1.35156
0.0594397 -0.0158467 0.483269 -1.72305
0.0350714 -0.00914261 0.329659 -0.34946
0.0468694 -0.0139686 0.404622 -0.930441
0.0408616 -0.0117511 0.362143 -0.872325
0.0334258 -0.00810109 0.292163 0.012578
0.038472 -0.0119487 0.353637 -0.462405
0.0321275 -0.00973608 0.302968 0.0130521
0.0468694 -0.0139686 0.404622 -0.930441
0.0258442 -0.0101351 0.272915 0.0102708
0.0317754 -0.00824598 0.282582 0.0116219
0.0349906 -0.0123441 0.343636 -0.441305
0.0502221 -0.0135528 0.41665 -0.95721
0.0361347 -0.00545752 0.276875 0.0117742
0.0321607 -0.00958459 0.317905 -0.319019
0.0294243 -0.00695472 0.254382 0.0095658
0.0285482 -0.00748835 0.257558 0.00975283
0.0317754 -0.00824598 0.282582 0.0116219
0.0336062 -0.00613466 0.27044 0.011108
0.0308989 -0.00877932 0.285752 0.0118171
0.0331234 -0.00986181 0.31767 -0.428465
0.0285482 -0.00748835 0.257558 0.00975283
0.0256519 -0.00726694 0.229787 0.256167
0.0292479 -0.00892376 0.27616 0.0108772
0.0283717 -0.00945732 0.279336 0.0110481
0.0294243 -0.00695472 0.254382 0.0095658
0.034578 -0.0123518 0.340616 -0.520023
0.0281289 -0.00859169 0.265226 0.00998844
0.0594397 -0.0158467 0.483269 -1.72305
0.0383993 -0.00829433 0.304225 -0.495507
0.0372007 -0.0089069 0.331817 -0.822996
0.0258352 -0.00737618 0.238397 0.00826651
0.0416054 -0.0140466 0.377148 -1.26913
0.0242221 -0.00484518 0.206461 0.303865
0.0283035 -0.00662149 0.243423 0.00872762
0.0260187 -0.00816489 0.251112 0.00906391
0.0258352 -0.00737618 0.238397 0.00826651
0.0243036 -0.00575518 0.227484 0.422693
0.019869 -0.00620183 0.218638 0.393402
0.0308989 -0.00877932 0.285752 0.0118171
0.0319537 -0.00627818 0.260829 0.0102227
0.019869 -0.00620183 0.218638 0.393402
0.0296976 -0.0102668 0.307594 -0.404276
0.0268946 -0.00763107 0.24793 0.00890139
0.0336062 -0.00613466 0.27044 0.011108
0.0319537 -0.00627818 0.260829 0.0102227
0.0535767 -0.0135252 0.436234 -1.71704
0.0256002 -0.00926871 0.258789 0.00926612
0.0296976 -0.0102668 0.307594 -0.404276
0.0388059 -0.0112625 0.337201 -1.15971
0.0308427 -0.00893767 0.283395 -0.433001
0.0242221 -0.00484518 0.206461 0.303865
0.0236008 -0.00893646 0.246171 0.00850217
0.0350753 -0.00795582 0.301733 0.0135663
0.0320157 -0.00911011 0.296656 0.0127778
0.0419616 -0.0115918 0.364672 -0.489362
0.0454693 -0.0112066 0.374772 -0.509352
0.0246795 -0.00826485 0.253113 0.300767
0.0229245 -0.00575976 0.228677 0.35565
0.0308989 -0.00877932 0.285752 0.0118171
0.0513669 -0.0107694 0.404591 -1.00804
0.0308337 -0.00594545 0.249881 0.00935369
0.0308337 -0.00594545 0.249881 0.00935369
0.0394205 -0.0136639 0.380371 -1.43309
0.0181179 -0.00384108 0.175699 0.670607
0.0403579 -0.0108612 0.332273 -0.519366
0.0408616 -0.0117511 0.362143 -0.872325
0.0518409 -0.0130015 0.423299 -1.41921
0.0349906 -0.0123441 0.343636 -0.441305
0.0267433 -0.00559056 0.240821 0.301746
0.019869 -0.00620183 0.218638 0.393402
0.0281289 -0.00859169 0.265226 0.00998844
0.0294243 -0.00695472 0.254382 0.0095658
0.0321275 -0.00973608 0.302968 0.0130521
0.0270657 -0.00504346 0.232086 0.422177
0.0454693 -0.0112066 0.374772 -0.509352
0.0607337 -0.0159222 0.478566 -1.06818
0.0336062 -0.00613466 0.27044 0.011108
0.0443696 -0.0114147 0.375612 -0.91413
0.0464728 -0.0164434 0.437923 -1.57731
0.0274275 -0.00715514 0.246601 0.00890824
0.0365693 -0.00945868 0.327653 -0.451053
0.0267433 -0.00559056 0.240821 0.301746
0.0350714 -0.00914261 0.329659 -0.34946
0.0321607 -0.00958459 0.317905 -0.319019
0.0350714 -0.00914261 0.329659 -0.34946
0.0331234 -0.00986181 0.31767 -0.428465
0.0331234 -0.00986181 0.31767 -0.428465
0.0302009 -0.00734528 0.267176 0.0106361
0.0332425 -0.0100657 0.313848 0.014058
0.0359523 -0.00742265 0.29857 0.0133315
0.0317316 -0.00573725 0.285268 0.27336
0.0259796 -0.00228181 0.226432 0.670326
0.073943 -0.0126453 0.533387 -1.09386
0.0491468 -0.00636461 0.364628 0.0204679
0.0546838 -0.0138388 0.461159 -0.904384
0.0734327 -0.017877 0.561562 -1.32552
0.0285482 -0.00748835 0.257558 0.00975283
0.0283035 -0.00662149 0.243423 0.00872762
0.0196376 -0.00105359 0.163842 0.693826
0.0349666 -0.00871721 0.294689 -0.476067
0.0454693 -0.0112066 0.374772 -0.509352
0.0493372 -0.013839 0.430322 -1.16421
0.0371778 -0.00837739 0.315745 0.0146649
0.0784231 -0.0221523 0.744917 -3.9779
