0.0607337 -0.0159222 0.478566 -1.06818
0.0370672 -0.00775231 0.309449 0.0143529
0.0371778 -0.00837739 0.315745 0.0146649
-1.3078 0.182285 1.32706 0.638957
-2.53801 0.138326 19.7096 -6.15834
0.082575 -0.014789 0.611298 -2.18246
0.0426519 -0.00591843 0.32091 0.015851
0.0806337 -0.0178352 0.64233 -2.34975
0.0813329 -0.0177391 0.62444 -2.08311
0.274767 -0.0385042 -0.0264379 -0.313242
0.0462876 -0.00556593 0.338115 0.0177397
-0.139024 0.0147097 -0.0566591 2.42305
-5.83363 0.368933 51.5294 -8.04889
0.0749166 -0.0211259 0.655482 -2.47602
0.0635825 -0.0158036 0.506243 -1.29598
0.0672779 -0.0157073 0.530735 -1.5235
0.0454693 -0.0112066 0.374772 -0.509352
0.0374134 -0.00923862 0.329751 0.0159718
0.0537789 -0.0159896 0.480046 -1.35282
0.0537872 -0.0127963 0.414188 -0.776139
-2.29017 0.156402 17.3618 -5.96293
0.063431 -0.0114745 0.447783 -0.833099
0.0598921 -0.0160865 0.492182 -1.26419
0.0686288 -0.0145624 0.51694 -1.71077
0.0435298 -0.00538597 0.317765 0.0155435
0.0580453 -0.0134031 0.472114 -0.92208
0.0598852 -0.012163 0.449229 -1.00414
0.0460127 -0.0184011 0.496241 -1.017
-5.79413 0.374731 48.5736 -7.24431
0.0651991 -0.0161745 0.521377 -0.99942
0.0708654 -0.0151777 0.532688 -1.34555
0.0486113 -0.00683923 0.365934 0.0205221
0.0600319 -0.016394 0.50936 -1.66359
0.0353649 -0.00694449 0.279353 0.286955
0.0426991 -0.0115642 0.364824 -0.403603
0.0583284 -0.0131162 0.459653 -0.749978
0.04108 -0.00347733 0.283431 0.0127226
0.0476001 -0.00828368 0.359961 -0.437061
0.0535767 -0.0135252 0.436234 -1.71704
0.0406319 -0.00903814 0.338689 -0.385694
0.0657699 -0.0130055 0.492475 -1.36925
0.0686288 -0.0145624 0.51694 -1.71077
0.0672154 -0.0154895 0.519495 -1.32134
0.0546838 -0.0138388 0.461159 -0.904384
0.0462876 -0.00556593 0.338115 0.0177397
0.044982 -0.00719594 0.348818 0.018485
0.0497132 -0.00866645 0.387482 -0.233572
0.0531522 -0.00857342 0.403802 -0.365202
0.0350714 -0.00914261 0.329659 -0.34946
0.0334258 -0.00810109 0.292163 0.012578
0.038472 -0.0119487 0.353637 -0.462405
0.0410043 -0.00606509 0.311371 0.0148148
0.0395403 -0.00424744 0.28015 0.0121453
0.0441056 -0.00866055 0.349395 -0.412294
0.038472 -0.0119487 0.353637 -0.462405
0.0348361 -0.0070923 0.287675 0.0123458
0.0448029 -0.00547678 0.332679 -0.309978
0.0593411 -0.0126394 0.469278 -1.24704
0.0395403 -0.00424744 0.28015 0.0121453
0.0441056 -0.00866055 0.349395 -0.412294
0.0593411 -0.0126394 0.469278 -1.24704
0.0441056 -0.00866055 0.349395 -0.412294
0.0434716 -0.00836576 0.347189 -0.300219
0.0412395 -0.00692617 0.325372 0.0161839
0.0493372 -0.013839 0.430322 -1.16421
0.0350714 -0.00914261 0.329659 -0.34946
0.0350714 -0.00914261 0.329659 -0.34946
0.0547944 -0.0104095 0.418174 -1.0451
0.0448029 -0.00547678 0.332679 -0.309978
0.0703027 -0.0150705 0.543826 -2.10735
0.0594397 -0.0158467 0.483269 -1.72305
0.0513669 -0.0107694 0.404591 -1.00804
0.0496334 -0.00756478 0.371239 -0.360789
0.0655914 -0.0126899 0.478779 -1.15092
0.0532705 -0.0104576 0.396727 -0.474037
0.0462734 -0.011588 0.409564 -0.326466
0.0635825 -0.0158036 0.506243 -1.29598
0.0489817 -0.0108215 0.384817 -0.528219
0.0414135 -0.00951472 0.371702 -0.282082
0.0434716 -0.00836576 0.347189 -0.300219
0.038715 -0.00760592 0.318993 0.0153931
0.0440155 -0.0122993 0.399462 -0.396512
0.0371778 -0.00837739 0.315745 0.0146649
0.0485805 -0.00402744 0.330548 0.0169298
0.0792557 -0.0149736 0.574624 -1.62302
0.0603699 -0.0097144 0.417358 -0.513449
0.0399366 -0.00855799 0.336112 0.0168182
0.077051 -0.0181326 0.625272 -2.31726
0.0657699 -0.0130055 0.492475 -1.36925
0.0657699 -0.0130055 0.492475 -1.36925
0.0532705 -0.0104576 0.396727 -0.474037
0.0497331 -0.0108274 0.386236 -0.452221
0.0494464 -0.0111885 0.420997 -0.350274
0.0784737 -0.0208231 0.672569 -2.50475
0.0433376 -0.00734475 0.339326 0.0173659
0.0437637 -0.00624617 0.331745 0.0169664
0.0502221 -0.0135528 0.41665 -0.95721
0.0594397 -0.0158467 0.483269 -1.72305
0.0323087 -0.00777018 0.281256 0.0116227
0.0511095 -0.00790703 0.370408 -0.460187
0.0352731 -0.00149757 0.240113 0.354406
0.0456357 -0.00574962 0.333083 -0.417043
0.0317754 -0.00824598 0.282582 0.0116219
0.0572035 -0.0132171 0.452365 -1.76642
0.0757368 -0.0156722 0.645754 -3.67023
0.0507356 -0.00969402 0.363125 -0.58231
0.0384785 -0.00674398 0.304973 0.0140773
0.0294164 -0.00504713 0.25109 0.268323
0.0531412 -0.011123 0.423675 -0.739978
0.03619 -0.00828542 0.312609 0.014594
0.0441056 -0.00866055 0.349395 -0.412294
0.0384785 -0.00674398 0.304973 0.0140773
0.0308989 -0.00877932 0.285752 0.0118171
0.0321607 -0.00958459 0.317905 -0.319019
0.0321607 -0.00958459 0.317905 -0.319019
0.0397792 -0.00511061 0.294201 0.0134343
0.0456357 -0.00574962 0.333083 -0.417043
0.0476001 -0.00828368 0.359961 -0.437061
0.0443696 -0.0114147 0.375612 -0.91413
0.0406319 -0.00903814 0.338689 -0.385694
0.0441056 -0.00866055 0.349395 -0.412294
0.0478464 -0.0110662 0.38895 -0.953043
0.0572035 -0.0132171 0.452365 -1.76642
0.0365693 -0.00945868 0.327653 -0.451053
0.0384785 -0.00674398 0.304973 0.0140773
0.0346528 -0.00905687 0.309359 0.0138627
0.0373632 -0.0064142 0.29409 0.0130613
0.0535021 -0.01311 0.428041 -0.977826
0.0286114 -0.00806783 0.262768 0.26718
0.038472 -0.0119487 0.353637 -0.462405
0.0350714 -0.00914261 0.329659 -0.34946
0.0441056 -0.00866055 0.349395 -0.412294
0.0456357 -0.00574962 0.333083 -0.417043
0.0513669 -0.0107694 0.404591 -1.00804
0.0323087 -0.00777018 0.281256 0.0116227
0.036592 -0.0061817 0.311493 -0.33913
0.0566668 -0.0107834 0.437329 -0.779151
0.0598852 -0.012163 0.449229 -1.00414
0.0598852 -0.012163 0.449229 -1.00414
0.038715 -0.00760592 0.318993 0.0153931
0.0412395 -0.00692617 0.325372 0.0161839
0.0488507 -0.0117076 0.421074 -0.869558
0.0441056 -0.00866055 0.349395 -0.412294
0.0489817 -0.0108215 0.384817 -0.528219
0.0334258 -0.00810109 0.292163 0.012578
0.0345417 -0.00843133 0.303055 0.0135695
0.0372518 -0.0057885 0.287782 0.0127458
0.0566668 -0.0107834 0.437329 -0.779151
0.0495986 -0.00821663 0.37269 -0.989144
0.0572035 -0.0132171 0.452365 -1.76642
0.0294243 -0.00695472 0.254382 0.0095658
0.0337723 -0.00665805 0.300293 -0.311549
0.0476001 -0.00828368 0.359961 -0.437061
0.0410043 -0.00606509 0.311371 0.0148148
0.0441056 -0.00866055 0.349395 -0.412294
0.0359523 -0.00742265 0.29857 0.0133315
0.0414135 -0.00951472 0.371702 -0.282082
0.0441056 -0.00866055 0.349395 -0.412294
0.0441056 -0.00866055 0.349395 -0.412294
0.0454693 -0.0112066 0.374772 -0.509352
0.0350714 -0.00914261 0.329659 -0.34946
0.0426991 -0.0115642 0.364824 -0.403603
0.0334258 -0.00810109 0.292163 0.012578
0.0465392 -0.00796613 0.359336 -0.331772
0.0594342 -0.0103299 0.435076 -1.11586
0.0486726 -0.00712901 0.335777 -0.569322
0.0419616 -0.0115918 0.364672 -0.489362
0.0406319 -0.00903814 0.338689 -0.385694
0.0469686 -0.0082513 0.357111 -0.510127
0.0509321 -0.00864631 0.397915 -0.740203
0.0441056 -0.00866055 0.349395 -0.412294
0.0361347 -0.00545752 0.276875 0.0117742
0.0359523 -0.00742265 0.29857 0.0133315
0.0419616 -0.0115918 0.364672 -0.489362
0.0286523 -0.00368267 0.247956 0.421738
0.0348361 -0.0070923 0.287675 0.0123458
0.0348361 -0.0070923 0.287675 0.0123458
0.0321961 -0.00714366 0.274933 0.0113451
0.0323087 -0.00777018 0.281256 0.0116227
0.03989 -0.00573588 0.300501 0.0137686
0.0371912 -0.00295745 0.251976 0.00992659
0.0537052 -0.0101158 0.403567 -1.45543
0.0383993 -0.00829433 0.304225 -0.495507
0.0319537 -0.00627818 0.260829 0.0102227
0.041805 -0.00792388 0.31543 -0.526382
0.0451184 -0.00831216 0.355651 -0.908224
0.0337723 -0.00665805 0.300293 -0.311549
0.0443696 -0.0114147 0.375612 -0.91413
0.0478464 -0.0110662 0.38895 -0.953043
0.0365693 -0.00945868 0.327653 -0.451053
0.0344829 -0.00560145 0.267273 0.0108722
0.0372518 -0.0057885 0.287782 0.0127458
0.0310773 -0.0068116 0.264001 0.0104342
0.0302009 -0.00734528 0.267176 0.0106361
0.0443696 -0.0114147 0.375612 -0.91413
0.0547944 -0.0104095 0.418174 -1.0451
0.0421849 -0.00614507 0.322827 -0.392401
0.0421849 -0.00614507 0.322827 -0.392401
0.0408616 -0.0117511 0.362143 -0.872325
0.041805 -0.00792388 0.31543 -0.526382
0.0323737 -0.00517544 0.253172 0.00992152
0.0391525 -0.00521535 0.287785 -0.495681
0.0503379 -0.0104961 0.389077 -1.41371
0.0183054 -0.00247496 0.190044 0.615051
0.0435298 -0.00538597 0.317765 0.0155435
0.0560283 -0.0130482 0.456538 -1.22251
0.0497331 -0.0108274 0.386236 -0.452221
0.0531412 -0.011123 0.423675 -0.739978
0.0350753 -0.00795582 0.301733 0.0135663
0.0302862 -0.00462705 0.241853 0.387089
0.0406319 -0.00903814 0.338689 -0.385694
0.0511095 -0.00790703 0.370408 -0.460187
0.0608591 -0.0129038 0.467875 -1.80874
0.0374333 -0.00382276 0.266074 0.0111446
0.0294243 -0.00695472 0.254382 0.0095658
0.0323737 -0.00517544 0.253172 0.00992152
0.0513669 -0.0107694 0.404591 -1.00804
0.0441056 -0.00866055 0.349395 -0.412294
0.038663 -0.00478018 0.283305 0.0124324
0.0406319 -0.00903814 0.338689 -0.385694
0.0370117 -0.00492453 0.273713 0.0115138
0.0350714 -0.00914261 0.329659 -0.34946
0.0294164 -0.00504713 0.25109 0.268323
0.0346604 -0.00363309 0.245509 0.00939006
0.0420077 -0.00978143 0.373508 -0.381014
0.0326727 -0.00530919 0.275524 0.379725
0.0686288 -0.0145624 0.51694 -1.71077
0.0475041 -0.00651452 0.355163 0.0193054
0.055641 -0.0100669 0.402808 -0.833142
0.0399648 -0.0031474 0.272548 0.0115375
0.0365693 -0.00945868 0.327653 -0.451053
0.0406319 -0.00903814 0.338689 -0.385694
0.0476001 -0.00828368 0.359961 -0.437061
0.0397792 -0.00511061 0.294201 0.0134343
0.0476001 -0.00828368 0.359961 -0.437061
0.0336214 -0.0048581 0.259237 0.242567
0.0547944 -0.0104095 0.418174 -1.0451
0.0361347 -0.00545752 0.276875 0.0117742
0.0336214 -0.0048581 0.259237 0.242567
0.0513669 -0.0107694 0.404591 -1.00804
0.0384785 -0.00674398 0.304973 0.0140773
0.0444436 -0.00909321 0.383353 -0.308928
0.0566668 -0.0107834 0.437329 -0.779151
0.0531522 -0.00857342 0.403802 -0.365202
0.076716 -0.00557552 0.461068 -0.633638
0.0929593 -0.0171009 0.676396 -1.84285
0.056714 -0.00820974 0.414361 -0.387761
0.0815822 -0.014133 0.569684 -1.39719
0.0608591 -0.0129038 0.467875 -1.80874
0.0344829 -0.00560145 0.267273 0.0108722
0.0374333 -0.00382276 0.266074 0.0111446
0.0478464 -0.0110662 0.38895 -0.953043
0.0600681 -0.0108401 0.463306 -0.99343
0.0426519 -0.00591843 0.32091 0.015851
0.0657699 -0.0130055 0.492475 -1.36925
0.0426519 -0.00591843 0.32091 0.015851
