0.0333557 -0.0102732 0.351328 -0.311953
0.0449254 -0.0141094 0.390644 -0.418962
0.0468694 -0.0139686 0.404622 -0.930441
-0.223065 0.00513883 0.016386 1.95097
0.364001 -0.106202 -0.109245 -0.747494
0.070509 -0.0153076 0.541988 -1.5264
0.0384785 -0.00674398 0.304973 0.0140773
0.0546838 -0.0138388 0.461159 -0.904384
0.0410043 -0.00606509 0.311371 0.0148148
0.0497331 -0.0108274 0.386236 -0.452221
0.0593411 -0.0126394 0.469278 -1.24704
-5.36773 0.389636 39.0852 -6.56265
-0.0303979 -0.0478023 0.432252 -2.25968
0.0651418 -0.0219655 0.575277 -1.62493
0.0454693 -0.0112066 0.374772 -0.509352
0.0607337 -0.0159222 0.478566 -1.06818
0.0344665 -0.0110195 0.331002 0.0153876
0.0332425 -0.0100657 0.313848 0.014058
0.038472 -0.0119487 0.353637 -0.462405
0.329171 -0.0539702 -0.138305 -0.386758
0.0408942 -0.00544033 0.305081 0.0144716
0.0739258 -0.0183243 0.592425 -2.01749
0.0357668 -0.00938587 0.320225 0.014898
0.0535021 -0.01311 0.428041 -0.977826
0.0454693 -0.0112066 0.374772 -0.509352
0.0371778 -0.00837739 0.315745 0.0146649
0.0454693 -0.0112066 0.374772 -0.509352
0.0156402 -0.00139889 0.180525 0.806087
0.0520046 -0.0133816 0.412086 -0.464576
0.0515273 -0.0139153 0.436415 -0.701945
0.0735204 -0.01847 0.610122 -2.2961
0.0672154 -0.0154895 0.519495 -1.32134
0.0509125 -0.0160266 0.451683 -1.105
0.033776 -0.00959001 0.312522 0.0140751
0.0367015 -0.0116271 0.35685 -0.371365
0.0420077 -0.00978143 0.373508 -0.381014
0.0630559 -0.0157498 0.516366 -2.07138
0.0406319 -0.00903814 0.338689 -0.385694
0.0459482 -0.014216 0.416806 -1.12978
0.038472 -0.0119487 0.353637 -0.462405
0.0489817 -0.0108215 0.384817 -0.528219
0.038715 -0.00760592 0.318993 0.0153931
0.0489817 -0.0108215 0.384817 -0.528219
0.0513035 -0.0157547 0.438046 -0.902128
0.0580453 -0.0134031 0.472114 -0.92208
0.0422636 -0.00983339 0.363976 0.0194637
0.0424595 -0.0078771 0.342468 0.0176559
0.047507 -0.00867372 0.394844 -0.334094
0.0434402 -0.0143549 0.391959 -0.897238
0.0331234 -0.00986181 0.31767 -0.428465
0.0434402 -0.0143549 0.391959 -0.897238
0.0406319 -0.00903814 0.338689 -0.385694
0.0344829 -0.00560145 0.267273 0.0108722
0.0350714 -0.00914261 0.329659 -0.34946
0.0349906 -0.0123441 0.343636 -0.441305
0.0281289 -0.00859169 0.265226 0.00998844
0.0368293 -0.00688974 0.295411 0.0130877
0.0368293 -0.00688974 0.295411 0.0130877
0.0526954 -0.013449 0.443564 -1.19504
0.0350714 -0.00914261 0.329659 -0.34946
0.0526954 -0.013449 0.443564 -1.19504
0.0262992 -0.00614206 0.255758 0.44286
0.0359523 -0.00742265 0.29857 0.0133315
0.0454693 -0.0112066 0.374772 -0.509352
0.0296019 -0.0104151 0.296573 0.0122338
0.0321607 -0.00958459 0.317905 -0.319019
0.0308989 -0.00877932 0.285752 0.0118171
0.0368293 -0.00688974 0.295411 0.0130877
0.0513669 -0.0107694 0.404591 -1.00804
0.0370117 -0.00492453 0.273713 0.0115138
0.0365693 -0.00945868 0.327653 -0.451053
0.0459482 -0.014216 0.416806 -1.12978
0.038715 -0.00760592 0.318993 0.0153931
0.0639793 -0.0161069 0.518914 -1.51432
0.0489817 -0.0108215 0.384817 -0.528219
0.0350753 -0.00795582 0.301733 0.0135663
0.0476299 -0.0146527 0.436993 -0.845794
0.0334258 -0.00810109 0.292163 0.012578
0.0426991 -0.0115642 0.364824 -0.403603
0.0526954 -0.013449 0.443564 -1.19504
0.0334793 -0.0109279 0.327873 0.0152989
0.0346528 -0.00905687 0.309359 0.0138627
0.0332425 -0.0100657 0.313848 0.014058
0.0444436 -0.00909321 0.383353 -0.308928
0.047507 -0.00867372 0.394844 -0.334094
0.0532705 -0.0104576 0.396727 -0.474037
0.0374134 -0.00923862 0.329751 0.0159718
0.0535021 -0.01311 0.428041 -0.977826
0.0336214 -0.0048581 0.259237 0.242567
0.0560283 -0.0130482 0.456538 -1.22251
0.0384785 -0.00674398 0.304973 0.0140773
0.0346528 -0.00905687 0.309359 0.0138627
0.0453895 -0.0108748 0.373324 -0.320149
0.0371778 -0.00837739 0.315745 0.0146649
0.0598921 -0.0160865 0.492182 -1.26419
0.038715 -0.00760592 0.318993 0.0153931
0.0310773 -0.0068116 0.264001 0.0104342
0.0408616 -0.0117511 0.362143 -0.872325
0.0377403 -0.01262 0.381356 -0.751023
0.0535021 -0.01311 0.428041 -0.977826
0.036592 -0.0061817 0.311493 -0.33913
0.0478464 -0.0110662 0.38895 -0.953043
0.0349906 -0.0123441 0.343636 -0.441305
0.0292479 -0.00892376 0.27616 0.0108772
0.0443696 -0.0114147 0.375612 -0.91413
0.0400289 -0.00905642 0.33755 -0.472132
0.0493372 -0.013839 0.430322 -1.16421
0.0349666 -0.00871721 0.294689 -0.476067
0.0406319 -0.00903814 0.338689 -0.385694
0.0321275 -0.00973608 0.302968 0.0130521
0.0419616 -0.0115918 0.364672 -0.489362
0.0346528 -0.00905687 0.309359 0.0138627
0.0272529 -0.00912528 0.268404 0.010153
0.0281289 -0.00859169 0.265226 0.00998844
0.0380026 -0.0137217 0.346295 -0.590195
0.0698876 -0.0187072 0.62337 -3.26334
0.0406319 -0.00903814 0.338689 -0.385694
0.0406319 -0.00903814 0.338689 -0.385694
0.029781 -0.00844784 0.274832 0.0108918
0.0321607 -0.00958459 0.317905 -0.319019
0.0383993 -0.00829433 0.304225 -0.495507
0.0408616 -0.0117511 0.362143 -0.872325
0.0535767 -0.0135252 0.436234 -1.71704
0.0368334 -0.0119353 0.346061 -0.802401
0.0345417 -0.00843133 0.303055 0.0135695
0.0434402 -0.0143549 0.391959 -0.897238
0.0367015 -0.0116271 0.35685 -0.371365
0.0367015 -0.0116271 0.35685 -0.371365
0.0283717 -0.00945732 0.279336 0.0110481
0.0256519 -0.00726694 0.229787 0.256167
0.0321607 -0.00958459 0.317905 -0.319019
0.0347241 -0.00646618 0.28136 0.0120494
0.036592 -0.0061817 0.311493 -0.33913
0.0438116 -0.0104733 0.342663 -0.542005
0.029781 -0.00844784 0.274832 0.0108918
0.0308337 -0.00594545 0.249881 0.00935369
0.0535021 -0.01311 0.428041 -0.977826
0.0371778 -0.00837739 0.315745 0.0146649
0.0535021 -0.01311 0.428041 -0.977826
0.0346528 -0.00905687 0.309359 0.0138627
0.0453336 -0.0120581 0.408353 -0.836648
0.04595 -0.0130339 0.36948 -0.55419
0.0334258 -0.00810109 0.292163 0.012578
0.0346528 -0.00905687 0.309359 0.0138627
0.0304814 -0.0107495 0.340489 -0.288925
0.038472 -0.0119487 0.353637 -0.462405
0.0537789 -0.0159896 0.480046 -1.35282
0.0441056 -0.00866055 0.349395 -0.412294
0.0503379 -0.0104961 0.389077 -1.41371
0.0294243 -0.00695472 0.254382 0.0095658
0.0368334 -0.0119353 0.346061 -0.802401
0.0349666 -0.00871721 0.294689 -0.476067
0.0478464 -0.0110662 0.38895 -0.953043
0.0359523 -0.00742265 0.29857 0.0133315
0.0493372 -0.013839 0.430322 -1.16421
0.038472 -0.0119487 0.353637 -0.462405
0.0419616 -0.0115918 0.364672 -0.489362
0.0215439 -0.00294924 0.222158 0.633459
0.0325491 -0.00863447 0.295331 0.0127883
0.0493372 -0.013839 0.430322 -1.16421
0.0283717 -0.00945732 0.279336 0.0110481
0.0308989 -0.00877932 0.285752 0.0118171
0.0243036 -0.00575518 0.227484 0.422693
0.0347241 -0.00646618 0.28136 0.0120494
0.0513669 -0.0107694 0.404591 -1.00804
0.0336062 -0.00613466 0.27044 0.011108
0.0308989 -0.00877932 0.285752 0.0118171
0.0321607 -0.00958459 0.317905 -0.319019
0.0443696 -0.0114147 0.375612 -0.91413
0.0478464 -0.0110662 0.38895 -0.953043
0.0334258 -0.00810109 0.292163 0.012578
0.0267433 -0.00559056 0.240821 0.301746
0.0192006 -0.00481707 0.21541 0.543751
0.0229245 -0.00575976 0.228677 0.35565
0.0350714 -0.00914261 0.329659 -0.34946
0.0294243 -0.00695472 0.254382 0.0095658
0.0321607 -0.00958459 0.317905 -0.319019
0.0425233 -0.0145785 0.403045 -1.09177
0.0331234 -0.00986181 0.31767 -0.428465
0.0350714 -0.00914261 0.329659 -0.34946
0.0535767 -0.0135252 0.436234 -1.71704
0.0383993 -0.00829433 0.304225 -0.495507
0.0229245 -0.00575976 0.228677 0.35565
0.0368334 -0.0119353 0.346061 -0.802401
0.0349666 -0.00871721 0.294689 -0.476067
0.0296726 -0.00505764 0.233907 0.00841689
0.0338075 -0.00929589 0.320507 -0.796394
0.0368334 -0.0119353 0.346061 -0.802401
0.0321607 -0.00958459 0.317905 -0.319019
0.0368334 -0.0119353 0.346061 -0.802401
0.0321607 -0.00958459 0.317905 -0.319019
0.0350714 -0.00914261 0.329659 -0.34946
0.0361383 -0.0120519 0.351586 -0.975985
0.0206372 -0.00589367 0.213076 0.493587
0.0331234 -0.00986181 0.31767 -0.428465
0.0337723 -0.00665805 0.300293 -0.311549
0.0337723 -0.00665805 0.300293 -0.311549
0.0337723 -0.00665805 0.300293 -0.311549
0.0368334 -0.0119353 0.346061 -0.802401
0.0285482 -0.00748835 0.257558 0.00975283
0.0338075 -0.00929589 0.320507 -0.796394
0.0283035 -0.00662149 0.243423 0.00872762
0.0283035 -0.00662149 0.243423 0.00872762
0.0157446 -0.00436147 0.187174 0.470936
0.03619 -0.00828542 0.312609 0.014594
0.0334258 -0.00810109 0.292163 0.012578
0.0526954 -0.013449 0.443564 -1.19504
0.0371778 -0.00837739 0.315745 0.0146649
0.0296678 -0.00782093 0.268501 0.0106333
0.0308989 -0.00877932 0.285752 0.0118171
0.0443696 -0.0114147 0.375612 -0.91413
0.0372518 -0.0057885 0.287782 0.0127458
0.0322063 -0.00438593 0.240487 0.00900964
0.0322063 -0.00438593 0.240487 0.00900964
0.0258352 -0.00737618 0.238397 0.00826651
0.0256519 -0.00726694 0.229787 0.256167
0.0350714 -0.00914261 0.329659 -0.34946
0.0443696 -0.0114147 0.375612 -0.91413
0.0478257 -0.0113711 0.399649 -1.17025
0.0321607 -0.00958459 0.317905 -0.319019
0.0408616 -0.0117511 0.362143 -0.872325
0.0331234 -0.00986181 0.31767 -0.428465
0.0321607 -0.00958459 0.317905 -0.319019
0.0321607 -0.00958459 0.317905 -0.319019
0.0334258 -0.00810109 0.292163 0.012578
0.0348898 -0.00991896 0.323385 0.0151166
0.0384785 -0.00674398 0.304973 0.0140773
0.0444436 -0.00909321 0.383353 -0.308928
0.0451184 -0.00831216 0.355651 -0.908224
0.0406319 -0.00903814 0.338689 -0.385694
0.0285482 -0.00748835 0.257558 0.00975283
0.0408616 -0.0117511 0.362143 -0.872325
0.0443696 -0.0114147 0.375612 -0.91413
0.0350714 -0.00914261 0.329659 -0.34946
0.0454693 -0.0112066 0.374772 -0.509352
0.0323087 -0.00777018 0.281256 0.0116227
0.0323737 -0.00517544 0.253172 0.00992152
0.0317754 -0.00824598 0.282582 0.0116219
0.0325491 -0.00863447 0.295331 0.0127883
0.0334258 -0.00810109 0.292163 0.012578
0.0476299 -0.0146527 0.436993 -0.845794
0.0454693 -0.0112066 0.374772 -0.509352
0.0397792 -0.00511061 0.294201 0.0134343
0.0413487 -0.00755011 0.331647 0.016528
0.0964036 -0.016302 0.66637 -1.93944
0.0692443 -0.0117447 0.484137 -0.675174
0.0408903 -0.00322143 0.310991 0.327857
0.0583398 -0.0108208 0.440126 -0.474221
0.0196376 -0.00105359 0.163842 0.693826
0.0310773 -0.0068116 0.264001 0.0104342
0.0319537 -0.00627818 0.260829 0.0102227
0.0305134 -0.0045148 0.23071 0.00822293
0.0598921 -0.0160865 0.492182 -1.26419
0.0384785 -0.00674398 0.304973 0.0140773
0.0384785 -0.00674398 0.304973 0.0140773
0.0384785 -0.00674398 0.304973 0.0140773
