0.0133973 -0.0169926 0.283185 0.00791142
0.0186299 -0.0151306 0.293689 -0.331507
0.0145322 -0.0145799 0.259596 0.00725099
-0.689914 0.0627456 0.921663 0.0868545
-0.795212 0.0808986 0.915493 0.524606
0.0224386 -0.0164476 0.328195 -0.453164
0.0377957 -0.023611 0.466628 -1.92914
0.0189517 -0.0184854 0.310468 -0.457568
0.0101142 -0.0188358 0.286375 0.00691179
0.0364722 -0.0268094 0.502545 -2.19231
0.000979703 -0.0151513 0.242903 0.328177
6.93439 -0.472899 -59.3536 -7.56381
-1.21007 0.142748 2.25589 -0.905514
0.00728931 -0.012395 0.197964 0.333005
0.0118346 -0.0172368 0.275155 0.00706247
0.0160934 -0.014341 0.267722 0.00803776
0.0115356 -0.0163471 0.260789 0.00633407
0.0189517 -0.0184854 0.310468 -0.457568
0.00295964 -0.0135917 0.20687 0.43908
-7.13653 0.457453 58.7191 -7.21963
0.14632 -0.028443 -0.0173651 2.9019
0.0142331 -0.0136904 0.245232 0.00649736
0.0236619 -0.0217868 0.396004 -1.22886
0.00728931 -0.012395 0.197964 0.333005
0.0433653 -0.0299634 0.626133 -3.58625
0.0111646 -0.0192638 0.28902 -0.505656
0.00816128 -0.0175502 0.25727 0.0052174
1.0487 -0.163716 -2.77509 -2.4006
-0.783598 0.0985357 0.711126 0.977375
0.0153732 -0.0140385 0.256418 0.00726036
0.0133973 -0.0169926 0.283185 0.00791142
0.0201975 -0.0145656 0.289573 0.00980849
0.0115356 -0.0163471 0.260789 0.00633407
0.0019342 -0.0121264 0.203725 0.591534
0.0118346 -0.0172368 0.275155 0.00706247
-6.69581 0.418513 57.0076 -7.50813
0.00663283 -0.0156868 0.225273 0.00380261
-0.00306686 -0.00995306 0.139661 0.73163
-0.00223962 -0.0133593 0.162171 0.513866
-0.00346903 -0.011125 0.142363 0.563061
0.0120882 -0.0158744 0.259431 0.00648483
0.00900209 -0.0170108 0.254114 0.00532623
0.0114105 -0.0175237 0.298308 -0.374734
0.00672245 -0.0177486 0.287541 -0.331637
0.0193192 -0.0222602 0.361162 -0.441494
0.022783 -0.0182374 0.322325 -0.497182
0.0179728 -0.0166635 0.319276 -0.426406
0.0209527 -0.0161324 0.330145 -0.351298
0.00663283 -0.0156868 0.225273 0.00380261
0.00367719 -0.0125949 0.185289 0.402726
0.00777276 -0.0160342 0.236448 0.00448145
0.0106947 -0.0168873 0.263954 0.00626322
0.00832542 -0.015562 0.235096 0.00465146
0.0109837 -0.0200743 0.316894 -0.872605
0.00248441 -0.0159709 0.202636 0.265047
0.00295978 -0.0160037 0.207432 0.00213546
0.00654353 -0.0150588 0.218795 0.00370176
0.00946532 -0.0159099 0.246277 0.00536203
0.00747349 -0.0151476 0.22212 0.00390881
0.0143661 -0.0188057 0.2988 -0.524395
0.0143661 -0.0188057 0.2988 -0.524395
0.00663283 -0.0156868 0.225273 0.00380261
0.00672245 -0.0177486 0.287541 -0.331637
0.0189517 -0.0184854 0.310468 -0.457568
0.00777276 -0.0160342 0.236448 0.00448145
0.00916618 -0.0150222 0.231936 0.00473289
0.00916618 -0.0150222 0.231936 0.00473289
0.014714 -0.0170872 0.308344 -0.398584
0.0221013 -0.0184585 0.317692 -0.923623
0.000144654 -0.0115345 0.169675 0.632058
0.00654353 -0.0150588 0.218795 0.00370176
0.00579218 -0.016226 0.228425 0.00367753
-0.00115459 -0.0126352 0.196369 0.614133
0.00946532 -0.0159099 0.246277 0.00536203
0.0114105 -0.0175237 0.298308 -0.374734
-0.00115459 -0.0126352 0.196369 0.614133
0.0125407 -0.0199829 0.323114 -0.481584
0.00946532 -0.0159099 0.246277 0.00536203
0.0154679 -0.0188861 0.300165 -0.431667
0.0042084 -0.0107469 0.171827 0.69752
0.00930118 -0.0178994 0.268467 0.00599174
0.0118346 -0.0172368 0.275155 0.00706247
0.0175742 -0.0183453 0.308426 -0.541074
0.0380419 -0.0234781 0.454777 -1.65707
0.0132282 -0.0162235 0.270627 0.00727553
0.0122416 -0.0143803 0.229869 0.247104
0.0113308 -0.0182428 0.281303 0.00684762
0.00562365 -0.0167379 0.233382 0.288055
0.00693203 -0.0165736 0.239603 0.00436918
0.00777276 -0.0160342 0.236448 0.00448145
0.00955474 -0.0165386 0.252762 0.00550113
-0.00282064 -0.0145032 0.186171 0.524353
0.00672245 -0.0177486 0.287541 -0.331637
0.0101421 -0.0173596 0.265307 0.00609048
0.0101421 -0.0173596 0.265307 0.00609048
0.0175742 -0.0183453 0.308426 -0.541074
-0.00306686 -0.00995306 0.139661 0.73163
0.00916618 -0.0150222 0.231936 0.00473289
0.00816128 -0.0175502 0.25727 0.0052174
0.0155618 -0.0148176 0.269066 0.00791772
0.00945724 -0.016784 0.26186 -0.488048
-0.00306686 -0.00995306 0.139661 0.73163
0.00240708 -0.0164748 0.208773 0.00186248
0.00238387 -0.0176018 0.236978 -0.531396
0.00104847 -0.0132886 0.179384 0.411858
-0.0028907 -0.0120445 0.162064 0.661252
0.0080262 -0.0146752 0.220765 0.0040678
-0.00230069 -0.0109111 0.13827 0.670532
-0.00204372 -0.0117627 0.158936 0.739429
-0.00282064 -0.0145032 0.186171 0.524353
4.97444e-05 -0.0140541 0.19686 0.478302
0.00693203 -0.0165736 0.239603 0.00436918
-0.00230069 -0.0109111 0.13827 0.670532
0.00523951 -0.0166975 0.22977 0.00347124
0.00104847 -0.0132886 0.179384 0.411858
0.0175787 -0.0192869 0.340691 -0.928871
0.00946532 -0.0159099 0.246277 0.00536203
0.0249218 -0.0215483 0.360223 -1.19503
0.00215995 -0.0155822 0.201433 0.362959
-0.00670558 -0.0116269 0.15762 0.73101
0.00945724 -0.016784 0.26186 -0.488048
0.00409964 -0.0163503 0.218598 0.00279625
0.00945724 -0.016784 0.26186 -0.488048
0.00409964 -0.0163503 0.218598 0.00279625
-0.00668639 -0.0111601 0.154387 0.811626
0.00532878 -0.0173254 0.236246 0.00355214
0.00579218 -0.016226 0.228425 0.00367753
0.0175589 -0.018887 0.317704 -1.35915
0.00663283 -0.0156868 0.225273 0.00380261
0.00747349 -0.0151476 0.22212 0.00390881
0.000759342 -0.00998012 0.186032 0.618137
0.00295964 -0.0135917 0.20687 0.43908
0.014267 -0.0196604 0.328083 -0.895332
0.00523951 -0.0166975 0.22977 0.00347124
-0.00156756 -0.0156895 0.187582 0.440127
0.0109837 -0.0200743 0.316894 -0.872605
0.0175787 -0.0192869 0.340691 -0.928871
0.0143661 -0.0188057 0.2988 -0.524395
0.00367719 -0.0125949 0.185289 0.402726
0.00900209 -0.0170108 0.254114 0.00532623
0.00946532 -0.0159099 0.246277 0.00536203
-0.00128898 -0.0129739 0.198046 0.542736
-0.0028907 -0.0120445 0.162064 0.661252
0.00295964 -0.0135917 0.20687 0.43908
0.00777276 -0.0160342 0.236448 0.00448145
0.0037792 -0.0133679 0.228537 0.268612
0.0145322 -0.0145799 0.259596 0.00725099
0.0122416 -0.0143803 0.229869 0.247104
0.00728931 -0.012395 0.197964 0.333005
0.00747349 -0.0151476 0.22212 0.00390881
-0.00618268 -0.0100493 0.131749 0.836278
-9.37754e-05 -0.0107339 0.151185 0.516668
0.00672245 -0.0177486 0.287541 -0.331637
0.00579218 -0.016226 0.228425 0.00367753
0.00248441 -0.0159709 0.202636 0.265047
0.00654353 -0.0150588 0.218795 0.00370176
0.00777276 -0.0160342 0.236448 0.00448145
-0.131549 0.00559723 0.420587 0.158059
-0.00664869 -0.0136279 0.177705 0.685156
0.00215995 -0.0155822 0.201433 0.362959
-0.00223962 -0.0133593 0.162171 0.513866
0.00946532 -0.0159099 0.246277 0.00536203
-0.0028907 -0.0120445 0.162064 0.661252
0.00777276 -0.0160342 0.236448 0.00448145
-0.00306686 -0.00995306 0.139661 0.73163
-0.00223962 -0.0133593 0.162171 0.513866
-0.15377 0.00878918 0.412159 0.152738
0.00017378 -0.0180205 0.216374 0.000743245
0.0027065 -0.0173593 0.223075 0.00232791
-0.00618268 -0.0100493 0.131749 0.836278
-0.0996544 -0.00134862 0.333985 0.0925488
0.00287059 -0.0153764 0.200962 0.00209417
-0.00309534 -0.0138743 0.173261 0.343757
0.00156674 -0.0170123 0.211905 0.00158116
0.00233177 -0.0143012 0.177248 0.328565
0.00325915 -0.0168886 0.221738 0.00260332
-0.000544582 -0.011869 0.174128 0.533813
-0.000544582 -0.011869 0.174128 0.533813
0.000144654 -0.0115345 0.169675 0.632058
0.0136157 -0.0164021 0.273865 -0.412323
0.00663283 -0.0156868 0.225273 0.00380261
0.00242771 -0.013927 0.179667 0.304676
-0.00656871 -0.0127455 0.153709 0.635377
-0.00578605 -0.011668 0.130039 0.637786
0.00320934 -0.0177191 0.241866 -0.440035
-0.127139 0.00531474 0.36787 0.128187
0.00156674 -0.0170123 0.211905 0.00158116
0.00287059 -0.0153764 0.200962 0.00209417
0.00287059 -0.0153764 0.200962 0.00209417
-0.00989009 -0.0107341 0.123236 0.826484
-0.00411886 -0.0122551 0.166505 0.566042
0.00496684 -0.0133232 0.188688 0.273261
-0.214708 0.01172 0.736067 -0.642923
0.0054929 -0.0153401 0.214106 0.00315586
0.00367719 -0.0125949 0.185289 0.402726
0.00877757 -0.013507 0.211124 0.00401964
-0.00868323 -0.00925112 0.139509 0.783809
-0.00306686 -0.00995306 0.139661 0.73163
-0.00309534 -0.0138743 0.173261 0.343757
-0.0996544 -0.00134862 0.333985 0.0925488
-0.0141027 -0.0115004 0.121471 0.744077
-0.000802076 -0.0156966 0.183163 -0.000215833
0.00173079 -0.0150304 0.189805 0.00145218
-0.00903559 -0.0121204 0.123588 0.665947
0.0106947 -0.0168873 0.263954 0.00626322
0.00900209 -0.0170108 0.254114 0.00532623
-0.00128898 -0.0129739 0.198046 0.542736
0.0169826 -0.0159886 0.284356 -0.441743
0.00579218 -0.016226 0.228425 0.00367753
-0.00306686 -0.00995306 0.139661 0.73163
-0.00400855 -0.0101632 0.160652 0.844377
0.0133912 -0.0176009 0.331605 -0.669508
-0.00787404 -0.00818991 0.116097 0.812525
0.00104847 -0.0132886 0.179384 0.411858
0.00320934 -0.0177191 0.241866 -0.440035
-0.00426283 -0.0149644 0.155189 0.450877
0.00287059 -0.0153764 0.200962 0.00209417
0.00287059 -0.0153764 0.200962 0.00209417
0.0126138 -0.0163167 0.271595 -0.508088
-0.00223962 -0.0133593 0.162171 0.513866
0.00242771 -0.013927 0.179667 0.304676
0.00156674 -0.0170123 0.211905 0.00158116
0.00287059 -0.0153764 0.200962 0.00209417
0.00287059 -0.0153764 0.200962 0.00209417
-0.00393409 -0.0106017 0.161994 0.785164
-0.127993 0.00806379 0.398506 0.13173
0.0145322 -0.0145799 0.259596 0.00725099
0.0119987 -0.0152453 0.252941 0.00631776
0.00793688 -0.0140469 0.214284 0.00395125
0.00248441 -0.0159709 0.202636 0.265047
-0.00309534 -0.0138743 0.173261 0.343757
0.00030135 -0.0160299 0.194241 0.000456812
-0.140082 -0.00179523 0.60859 -0.791557
-0.00656871 -0.0127455 0.153709 0.635377
0.00485095 -0.0151841 0.208979 0.00288556
0.00248441 -0.0159709 0.202636 0.265047
0.0054929 -0.0153401 0.214106 0.00315586
-0.00799725 -0.011821 0.161832 0.644883
-0.117757 0.00188491 0.368888 0.102241
0.0117355 -0.0164964 0.264731 -1.00352
0.00777276 -0.0160342 0.236448 0.00448145
0.00441493 -0.0133484 0.199739 0.543042
0.00879975 -0.0127468 0.229018 0.354398
0.19748 -0.04543 -0.0246232 -0.216341
0.0145289 -0.0106728 0.248364 0.420184
0.0126217 -0.0125796 0.241203 0.300259
0.0156772 -0.0154462 0.275426 0.00805939
0.0153732 -0.0140385 0.256418 0.00726036
-0.0142585 -0.0110687 0.11967 0.835565
-0.0024992 -0.0158319 0.17344 0.00119323
-0.00309534 -0.0138743 0.173261 0.343757
-0.0999187 0.00178281 0.321804 0.10117
-0.18762 0.0153953 0.460896 0.202373
0.00367719 -0.0125949 0.185289 0.402726
-0.129184 0.00292638 0.448267 0.112482
-0.0028907 -0.0120445 0.162064 0.661252
