-0.107445 -0.00661015 -0.564526 -5.68527
-0.107445 -0.00661015 -0.564526 -5.68527
-0.107445 -0.00661015 -0.564526 -5.68527
-0.107445 -0.00661015 -0.564526 -5.68527
-0.107445 -0.00661015 -0.564526 -5.68527
-0.107445 -0.00661015 -0.564526 -5.68527
-0.107445 -0.00661015 -0.564526 -5.68527
-0.107445 -0.00661015 -0.564526 -5.68527
-0.107445 -0.00661015 -0.564526 -5.68527
-0.107445 -0.00661015 -0.564526 -5.68527
22.6107 -1.54201 -183.479 -7.26521
-0.107445 -0.00661015 -0.564526 -5.68527
-0.107445 -0.00661015 -0.564526 -5.68527
-0.107445 -0.00661015 -0.564526 -5.68527
-0.107445 -0.00661015 -0.564526 -5.68527
-0.107445 -0.00661015 -0.564526 -5.68527
-0.107445 -0.00661015 -0.564526 -5.68527
-0.107445 -0.00661015 -0.564526 -5.68527
-0.107445 -0.00661015 -0.564526 -5.68527
-0.107445 -0.00661015 -0.564526 -5.68527
-0.107445 -0.00661015 -0.564526 -5.68527
-0.107445 -0.00661015 -0.564526 -5.68527
-0.107445 -0.00661015 -0.564526 -5.68527
-0.107445 -0.00661015 -0.564526 -5.68527
-0.107445 -0.00661015 -0.564526 -5.68527
-0.107445 -0.00661015 -0.564526 -5.68527
-0.107445 -0.00661015 -0.564526 -5.68527
-0.107445 -0.00661015 -0.564526 -5.68527
-0.107445 -0.00661015 -0.564526 -5.68527
-0.107445 -0.00661015 -0.564526 -5.68527
-0.107445 -0.00661015 -0.564526 -5.68527
-0.107445 -0.00661015 -0.564526 -5.68527
-0.107445 -0.00661015 -0.564526 -5.68527
-0.107445 -0.00661015 -0.564526 -5.68527
-0.107445 -0.00661015 -0.564526 -5.68527
-0.107445 -0.00661015 -0.564526 -5.68527
-0.107445 -0.00661015 -0.564526 -5.68527
9.52843 -0.658648 -78.0142 -7.24462
-0.107445 -0.00661015 -0.564526 -5.68527
-0.107445 -0.00661015 -0.564526 -5.68527
-0.107445 -0.00661015 -0.564526 -5.68527
-0.107445 -0.00661015 -0.564526 -5.68527
-0.107445 -0.00661015 -0.564526 -5.68527
-0.107445 -0.00661015 -0.564526 -5.68527
-0.107445 -0.00661015 -0.564526 -5.68527
-0.107445 -0.00661015 -0.564526 -5.68527
-0.107445 -0.00661015 -0.564526 -5.68527
-0.107445 -0.00661015 -0.564526 -5.68527
-0.107445 -0.00661015 -0.564526 -5.68527
-0.107445 -0.00661015 -0.564526 -5.68527
-0.107445 -0.00661015 -0.564526 -5.68527
-0.107445 -0.00661015 -0.564526 -5.68527
-0.107445 -0.00661015 -0.564526 -5.68527
-0.217787 0.00417668 0.0135291 1.96794
-0.107445 -0.00661015 -0.564526 -5.68527
-6.58978 0.584399 37.8871 -5.23078
-0.107445 -0.00661015 -0.564526 -5.68527
-0.217042 0.00405612 0.0128333 1.96739
-0.107445 -0.00661015 -0.564526 -5.68527
-0.107445 -0.00661015 -0.564526 -5.68527
-0.107445 -0.00661015 -0.564526 -5.68527
-0.107445 -0.00661015 -0.564526 -5.68527
-0.107445 -0.00661015 -0.564526 -5.68527
-0.107445 -0.00661015 -0.564526 -5.68527
-0.107445 -0.00661015 -0.564526 -5.68527
-0.107445 -0.00661015 -0.564526 -5.68527
-0.107445 -0.00661015 -0.564526 -5.68527
-0.107445 -0.00661015 -0.564526 -5.68527
-0.107445 -0.00661015 -0.564526 -5.68527
-0.107445 -0.00661015 -0.564526 -5.68527
-0.107445 -0.00661015 -0.564526 -5.68527
-0.107445 -0.00661015 -0.564526 -5.68527
-0.107445 -0.00661015 -0.564526 -5.68527
-0.107445 -0.00661015 -0.564526 -5.68527
-0.107445 -0.00661015 -0.564526 -5.68527
-0.107445 -0.00661015 -0.564526 -5.68527
-0.107445 -0.00661015 -0.564526 -5.68527
-0.107445 -0.00661015 -0.564526 -5.68527
-0.107445 -0.00661015 -0.564526 -5.68527
-0.107445 -0.00661015 -0.564526 -5.68527
-0.107445 -0.00661015 -0.564526 -5.68527
-0.107445 -0.00661015 -0.564526 -5.68527
-0.107445 -0.00661015 -0.564526 -5.68527
-0.242456 0.00839296 0.02725 1.93881
-0.107445 -0.00661015 -0.564526 -5.68527
-0.190953 -0.000598022 0.000966655 2.99729
-0.107445 -0.00661015 -0.564526 -5.68527
-0.107445 -0.00661015 -0.564526 -5.68527
-0.107445 -0.00661015 -0.564526 -5.68527
-0.107445 -0.00661015 -0.564526 -5.68527
-0.107445 -0.00661015 -0.564526 -5.68527
-0.107445 -0.00661015 -0.564526 -5.68527
-0.107445 -0.00661015 -0.564526 -5.68527
-0.107445 -0.00661015 -0.564526 -5.68527
-0.107445 -0.00661015 -0.564526 -5.68527
-0.107445 -0.00661015 -0.564526 -5.68527
-0.222548 0.00509736 0.0159505 1.9551
-0.107445 -0.00661015 -0.564526 -5.68527
-0.107445 -0.00661015 -0.564526 -5.68527
-0.107445 -0.00661015 -0.564526 -5.68527
-0.107445 -0.00661015 -0.564526 -5.68527
-0.107445 -0.00661015 -0.564526 -5.68527
-0.107445 -0.00661015 -0.564526 -5.68527
-0.107445 -0.00661015 -0.564526 -5.68527
-0.107445 -0.00661015 -0.564526 -5.68527
-0.107445 -0.00661015 -0.564526 -5.68527
11.0252 -0.730989 -96.5591 -7.85807
-0.107445 -0.00661015 -0.564526 -5.68527
-8.79586 0.73674 56.8178 -5.95392
-0.107445 -0.00661015 -0.564526 -5.68527
-0.107445 -0.00661015 -0.564526 -5.68527
-0.107445 -0.00661015 -0.564526 -5.68527
-0.107445 -0.00661015 -0.564526 -5.68527
-0.107445 -0.00661015 -0.564526 -5.68527
-0.107445 -0.00661015 -0.564526 -5.68527
-0.107445 -0.00661015 -0.564526 -5.68527
-0.107445 -0.00661015 -0.564526 -5.68527
-0.107445 -0.00661015 -0.564526 -5.68527
-0.225864 0.00563457 0.0172231 1.95358
-0.107445 -0.00661015 -0.564526 -5.68527
-0.107445 -0.00661015 -0.564526 -5.68527
-0.218263 0.00433106 0.0133276 1.96561
-0.218263 0.00433106 0.0133276 1.96561
-0.107445 -0.00661015 -0.564526 -5.68527
-0.107445 -0.00661015 -0.564526 -5.68527
-0.190361 -0.000725719 0.00110351 2.99649
-0.107445 -0.00661015 -0.564526 -5.68527
-0.107445 -0.00661015 -0.564526 -5.68527
-0.107445 -0.00661015 -0.564526 -5.68527
-0.107445 -0.00661015 -0.564526 -5.68527
-0.107445 -0.00661015 -0.564526 -5.68527
-0.107445 -0.00661015 -0.564526 -5.68527
-0.23428 0.00713375 0.0217886 1.94705
-0.233611 0.00696748 0.0214544 1.94404
-0.107445 -0.00661015 -0.564526 -5.68527
-0.107445 -0.00661015 -0.564526 -5.68527
-0.107445 -0.00661015 -0.564526 -5.68527
11.0252 -0.730989 -96.5591 -7.85807
-0.107445 -0.00661015 -0.564526 -5.68527
-0.107445 -0.00661015 -0.564526 -5.68527
-0.107445 -0.00661015 -0.564526 -5.68527
-0.107445 -0.00661015 -0.564526 -5.68527
-0.107445 -0.00661015 -0.564526 -5.68527
-0.107445 -0.00661015 -0.564526 -5.68527
-0.107445 -0.00661015 -0.564526 -5.68527
-0.555274 0.129308 0.173899 -0.0427173
-0.232844 0.00675777 0.0216365 1.94448
-0.107445 -0.00661015 -0.564526 -5.68527
-0.107445 -0.00661015 -0.564526 -5.68527
0.614045 -0.174936 0.109687 3.38801
-0.107445 -0.00661015 -0.564526 -5.68527
-0.190361 -0.000725719 0.00110351 2.99649
-0.107445 -0.00661015 -0.564526 -5.68527
-0.107445 -0.00661015 -0.564526 -5.68527
-0.107445 -0.00661015 -0.564526 -5.68527
-0.107445 -0.00661015 -0.564526 -5.68527
-0.217042 0.00405612 0.0128333 1.96739
-0.107445 -0.00661015 -0.564526 -5.68527
-0.107445 -0.00661015 -0.564526 -5.68527
-9.74613 0.985061 38.3589 -2.82188
-0.107445 -0.00661015 -0.564526 -5.68527
-0.107445 -0.00661015 -0.564526 -5.68527
-0.22489 0.00545979 0.0169694 1.95148
-0.107445 -0.00661015 -0.564526 -5.68527
9.90201 -1.03165 -38.3471 -2.77368
-0.107445 -0.00661015 -0.564526 -5.68527
-0.107445 -0.00661015 -0.564526 -5.68527
-0.23428 0.00713375 0.0217886 1.94705
-0.107445 -0.00661015 -0.564526 -5.68527
-0.107445 -0.00661015 -0.564526 -5.68527
10.9585 -0.745587 -91.7593 -7.45789
-0.218263 0.00433106 0.0133276 1.96561
9.56402 -0.655644 -79.4079 -7.36263
-0.221726 0.00491862 0.0156964 1.95663
-0.107445 -0.00661015 -0.564526 -5.68527
-0.218263 0.00433106 0.0133276 1.96561
-0.107445 -0.00661015 -0.564526 -5.68527
-0.107445 -0.00661015 -0.564526 -5.68527
9.23218 -0.636782 -76.1644 -7.30678
-0.107445 -0.00661015 -0.564526 -5.68527
9.56751 -0.712882 -82.5215 -8.36056
0.204243 -0.021822 -0.0165781 2.95004
-0.107445 -0.00661015 -0.564526 -5.68527
-0.107445 -0.00661015 -0.564526 -5.68527
-0.107445 -0.00661015 -0.564526 -5.68527
-0.107445 -0.00661015 -0.564526 -5.68527
-0.192704 -8.02941e-05 0.000121472 2.99971
0.719161 -0.169627 -0.681787 -1.40296
8.67378 -0.593247 -72.805 -7.43832
-0.107445 -0.00661015 -0.564526 -5.68527
-0.107445 -0.00661015 -0.564526 -5.68527
-8.79586 0.73674 56.8178 -5.95392
-0.107445 -0.00661015 -0.564526 -5.68527
0.19627 -0.0283805 -0.000392344 1.99882
-0.107445 -0.00661015 -0.564526 -5.68527
-0.189647 -0.000974099 0.00148088 2.99519
0.589075 -0.1716 0.118371 3.44272
-0.286588 0.0707955 0.0581595 3.44581
-0.107445 -0.00661015 -0.564526 -5.68527
0.130038 -0.0091176 -0.039169 2.86753
-7.66208 0.824926 25.8877 -2.19417
-0.107445 -0.00661015 -0.564526 -5.68527
-0.107445 -0.00661015 -0.564526 -5.68527
8.91491 -0.610967 -74.5889 -7.42021
10.2498 -1.04404 -41.718 -2.993
9.52843 -0.658648 -78.0142 -7.24462
11.0252 -0.730989 -96.5591 -7.85807
0.487196 -0.149469 0.0367663 2.54921
-0.225864 0.00563457 0.0172231 1.95358
8.81179 -0.700862 -66.8973 -7.19862
-7.4409 0.640413 45.4572 -5.60245
0.578749 -0.168198 0.110305 3.4128
-11.4113 0.781136 89.8338 -6.9069
0.118899 -0.105979 1.36849 -2.56774
-0.107445 -0.00661015 -0.564526 -5.68527
0.0404412 -0.00672294 0.346754 -0.777145
-0.559158 0.128336 0.296183 -1.39353
-8.517 0.716006 54.5684 -5.90205
-8.79586 0.73674 56.8178 -5.95392
-0.191529 -0.000405275 0.000919789 2.99714
-9.6469 0.639435 77.278 -6.99168
-0.107445 -0.00661015 -0.564526 -5.68527
-0.107445 -0.00661015 -0.564526 -5.68527
10.8124 -0.688939 -101.117 -8.46657
-0.542673 0.135842 -0.110526 3.42921
-0.192219 -0.000253073 0.000504306 2.99847
0.259924 -0.0357294 -0.0168122 2.95135
10.9585 -0.745587 -91.7593 -7.45789
11.0252 -0.730989 -96.5591 -7.85807
0.0682046 -0.011885 0.468531 -1.34668
-0.191379 -0.00052219 0.000965844 2.99671
0.598299 -0.17152 0.107111 3.38685
-0.107445 -0.00661015 -0.564526 -5.68527
-8.517 0.716006 54.5684 -5.90205
-0.107445 -0.00661015 -0.564526 -5.68527
0.547124 -0.161233 0.105092 3.4096
-0.107445 -0.00661015 -0.564526 -5.68527
-0.217042 0.00405612 0.0128333 1.96739
-0.225864 0.00563457 0.0172231 1.95358
0.172928 -0.0186856 -0.0031412 1.99044
0.55214 -0.164761 0.0368306 2.34151
-1.41781 0.0965797 10.6334 -5.75287
-0.0637088 -0.0176074 -0.000782136 1.99161
-0.217787 0.00417668 0.0135291 1.96794
7.35615 -0.536744 -64.0771 -8.63104
0.0170191 0.0024297 0.0942098 2.43824
-0.107445 -0.00661015 -0.564526 -5.68527
-5.80998 0.328834 43.5779 -6.02005
-4.13623 0.392495 22.1377 -4.95995
4.2509 -0.391056 -26.354 -5.93456
-0.0645717 0.00271321 -0.0672498 2.2475
8.67378 -0.593247 -72.805 -7.43832
0.59815 -0.172947 0.115856 3.42539
-0.0648011 -0.0152889 -0.200221 0.00206544
11.0252 -0.730989 -96.5591 -7.85807
-4.49362 0.552461 11.3188 -1.23043
