0.0684098 -0.0251035 0.67135 -3.09517
0.0333878 -0.0156635 0.395337 -0.33567
0.0502941 -0.0226221 0.493152 -1.10423
-0.101693 0.0319151 0.000598543 1.98741
0.38386 -0.125946 0.0836382 3.41951
0.264221 -0.041331 0.00808552 -0.307125
0.20813 -0.0369808 0.0695778 -0.233795
0.0849561 -0.0245452 0.757008 -3.31269
0.224642 -0.0373449 0.0657886 -0.258889
0.0640934 -0.0215508 0.559616 -1.39314
0.29879 -0.0493675 -0.069691 -0.359178
-0.786749 0.0786745 0.942678 0.435904
7.25875 -0.603581 -48.4162 -5.95584
0.0415294 -0.0170592 0.403359 -0.835116
0.0514779 -0.0196815 0.479367 -1.1528
0.0775992 -0.0253912 0.768665 -3.85319
0.0545312 -0.0215553 0.517478 -1.71237
0.0545312 -0.0215553 0.517478 -1.71237
0.0268963 -0.0130608 0.311907 0.012669
0.237329 -0.0393152 -0.0278094 0.0909218
0.509036 -0.080977 -0.464604 -0.704584
0.0720174 -0.0214443 0.626849 -2.20592
0.0586539 -0.0211534 0.520543 -1.52366
0.30551 -0.0501039 -0.0958717 -0.368995
0.0551332 -0.019379 0.493048 -1.1842
0.0763334 -0.0246822 0.710813 -3.18207
0.0763334 -0.0246822 0.710813 -3.18207
0.407732 -0.067271 -0.308554 -0.526921
0.0697294 -0.0275073 0.657538 -1.70122
0.0576143 -0.0220435 0.521447 -1.1703
0.0462459 -0.0167045 0.417909 -0.515246
0.209878 -0.036134 0.0775106 -0.236472
0.0457783 -0.0191587 0.449912 -1.00678
0.0530981 -0.0224819 0.520199 -1.32372
0.0727474 -0.0287957 0.768388 -3.67513
0.0779017 -0.0250532 0.699682 -2.91813
0.0685402 -0.0220389 0.634648 -2.51578
0.0686132 -0.0217738 0.6463 -3.15888
0.0504553 -0.0195855 0.483466 -1.84742
0.211522 -0.0378426 0.0152967 -0.211577
0.0735219 -0.0241482 0.673762 -2.39118
0.240948 -0.0410771 0.0126235 -0.269252
0.267541 -0.0457244 -0.0105469 -0.326068
0.0567485 -0.0221699 0.533378 -1.34779
0.0714175 -0.0242157 0.619648 -1.8493
0.0473222 -0.0166662 0.415957 -0.431625
0.0613161 -0.0217525 0.535316 -1.2006
0.226661 -0.0407205 0.0757122 -0.272747
0.0545312 -0.0215553 0.517478 -1.71237
0.0545312 -0.0215553 0.517478 -1.71237
0.05942 -0.0254619 0.610694 -2.29758
0.085672 -0.0286855 0.885082 -4.20562
0.0569489 -0.0186302 0.494101 -1.59111
0.223676 -0.0383791 -0.0073526 -0.230113
0.040676 -0.0173995 0.418689 -1.04665
0.0625852 -0.0230225 0.6567 -3.51471
0.0744911 -0.0223746 0.724672 -3.94417
0.219673 -0.0370952 0.0260335 -0.224194
0.0480889 -0.0162053 0.426871 -0.883722
0.0405132 -0.0145204 0.381234 -0.483429
0.042691 -0.0170768 0.407659 -0.496287
0.0545312 -0.0215553 0.517478 -1.71237
0.0355192 -0.0145551 0.371709 -0.362377
0.212122 -0.0405796 0.0755679 -0.250062
0.0530981 -0.0224819 0.520199 -1.32372
0.0453189 -0.0173205 0.4356 -1.11745
0.0268963 -0.0130608 0.311907 0.012669
0.049958 -0.0167222 0.449119 -0.666822
0.0602111 -0.0182369 0.506476 -1.60156
0.0775992 -0.0253912 0.768665 -3.85319
0.0541287 -0.0192666 0.497924 -1.87728
0.0536423 -0.0190393 0.482842 -1.58699
0.0587956 -0.0190765 0.506651 -1.21398
0.0709323 -0.0244509 0.642166 -2.12311
0.0513035 -0.0157547 0.438046 -0.902128
0.0791559 -0.0277373 0.774333 -3.48239
0.0791559 -0.0277373 0.774333 -3.48239
0.229189 -0.0412835 0.00833211 -0.250323
0.0514779 -0.0196815 0.479367 -1.1528
0.0477477 -0.0165243 0.441591 -1.09683
0.0664402 -0.024805 0.642527 -2.34759
0.04756 -0.0196929 0.4716 -0.772615
0.0514779 -0.0196815 0.479367 -1.1528
0.0756163 -0.0211203 0.642118 -2.22968
0.0807183 -0.0234706 0.702768 -2.42088
0.0648116 -0.0184251 0.542745 -1.4318
0.0551332 -0.019379 0.493048 -1.1842
0.085672 -0.0286855 0.885082 -4.20562
0.0551332 -0.019379 0.493048 -1.1842
0.085672 -0.0286855 0.885082 -4.20562
0.0525033 -0.01802 0.459622 -0.852947
0.0791559 -0.0277373 0.774333 -3.48239
0.0756803 -0.0267159 0.700965 -2.29978
0.272041 -0.0491677 -0.0199208 -0.347641
0.0585891 -0.0218247 0.506432 -0.99017
0.0613161 -0.0217525 0.535316 -1.2006
0.0545312 -0.0215553 0.517478 -1.71237
0.0545312 -0.0215553 0.517478 -1.71237
0.0334772 -0.0152732 0.360463 -0.438819
0.0624662 -0.0187744 0.520193 -1.24238
0.0569489 -0.0186302 0.494101 -1.59111
0.0477477 -0.0165243 0.441591 -1.09683
0.0470766 -0.0198512 0.459358 -1.57124
0.040676 -0.0173995 0.418689 -1.04665
0.0739242 -0.0256757 0.751716 -3.84907
0.0684098 -0.0251035 0.67135 -3.09517
0.0536423 -0.0190393 0.482842 -1.58699
0.0315201 -0.0127391 0.333519 -0.418554
0.0319435 -0.0117002 0.324642 0.0144907
0.0598141 -0.0253187 0.593237 -2.02027
0.0635113 -0.025012 0.60818 -2.04622
0.044834 -0.0166415 0.415335 -0.861648
0.0512224 -0.0219631 0.506705 -1.71512
0.0512224 -0.0219631 0.506705 -1.71512
0.0512224 -0.0219631 0.506705 -1.71512
0.0509125 -0.0160266 0.451683 -1.105
0.0726377 -0.0215971 0.66958 -3.23494
0.0598765 -0.018405 0.521096 -1.85859
0.0470766 -0.0198512 0.459358 -1.57124
0.0545312 -0.0215553 0.517478 -1.71237
0.0453189 -0.0173205 0.4356 -1.11745
0.0504209 -0.019472 0.471808 -1.58501
0.0541287 -0.0192666 0.497924 -1.87728
0.0470766 -0.0198512 0.459358 -1.57124
0.0768549 -0.0286958 0.797925 -3.7821
0.0561685 -0.0255965 0.575942 -1.97866
0.0391435 -0.0174477 0.397295 -0.475997
0.0457783 -0.0191587 0.449912 -1.00678
0.0470766 -0.0198512 0.459358 -1.57124
0.0512224 -0.0219631 0.506705 -1.71512
0.0545312 -0.0215553 0.517478 -1.71237
0.0775992 -0.0253912 0.768665 -3.85319
0.0649632 -0.0220886 0.594851 -2.14905
0.064045 -0.0217735 0.595489 -2.62658
0.0512224 -0.0219631 0.506705 -1.71512
0.0700556 -0.0259099 0.73 -3.80112
0.0509125 -0.0160266 0.451683 -1.105
0.0791559 -0.0277373 0.774333 -3.48239
0.219843 -0.0408356 0.0760523 -0.261942
0.0635113 -0.025012 0.60818 -2.04622
0.0688176 -0.0274879 0.673907 -2.28135
0.0530981 -0.0224819 0.520199 -1.32372
0.0768549 -0.0286958 0.797925 -3.7821
0.0516586 -0.0199968 0.49305 -1.371
0.049463 -0.022796 0.506978 -1.29859
0.0294201 -0.0123806 0.318277 0.013584
0.0567485 -0.0221699 0.533378 -1.34779
0.0854513 -0.0252037 0.853596 -4.26157
0.0434402 -0.0143549 0.391959 -0.897238
0.0504209 -0.019472 0.471808 -1.58501
0.0467797 -0.0199006 0.468533 -1.81191
0.0504209 -0.019472 0.471808 -1.58501
0.0569489 -0.0186302 0.494101 -1.59111
0.0613372 -0.0223704 0.577465 -2.10861
0.0768549 -0.0286958 0.797925 -3.7821
0.0530981 -0.0224819 0.520199 -1.32372
0.042691 -0.0170768 0.407659 -0.496287
0.0635113 -0.025012 0.60818 -2.04622
0.0629536 -0.0251259 0.625902 -2.3191
0.203548 -0.0403102 0.0776281 -0.237152
0.0272939 -0.0165041 0.372181 -0.283659
0.0629536 -0.0251259 0.625902 -2.3191
0.049463 -0.022796 0.506978 -1.29859
0.20813 -0.0369808 0.0695778 -0.233795
0.0675289 -0.0214231 0.610481 -2.64063
0.044834 -0.0166415 0.415335 -0.861648
0.0426155 -0.0196425 0.439603 -0.996165
0.040676 -0.0173995 0.418689 -1.04665
0.0739242 -0.0256757 0.751716 -3.84907
0.0739242 -0.0256757 0.751716 -3.84907
0.044834 -0.0166415 0.415335 -0.861648
0.0727474 -0.0287957 0.768388 -3.67513
0.0512224 -0.0219631 0.506705 -1.71512
0.0243721 -0.0137407 0.305532 0.0117451
0.0545312 -0.0215553 0.517478 -1.71237
0.0366159 -0.0166845 0.363666 -0.584362
0.0426155 -0.0196425 0.439603 -0.996165
0.0426155 -0.0196425 0.439603 -0.996165
0.0512224 -0.0219631 0.506705 -1.71512
0.0405132 -0.0145204 0.381234 -0.483429
0.044834 -0.0166415 0.415335 -0.861648
0.0700556 -0.0259099 0.73 -3.80112
0.0594605 -0.025413 0.648015 -3.34457
0.0483986 -0.0225478 0.499447 -1.74704
0.0366159 -0.0166845 0.363666 -0.584362
0.0625852 -0.0230225 0.6567 -3.51471
0.0470766 -0.0198512 0.459358 -1.57124
0.219723 -0.0417173 -0.013723 -0.23659
0.0723014 -0.0287627 0.793768 -4.10647
0.0410476 -0.0195958 0.437853 -1.455
0.0512224 -0.0219631 0.506705 -1.71512
0.0415294 -0.0170592 0.403359 -0.835116
0.197244 -0.0378014 0.0155375 -0.192056
0.0419088 -0.0200406 0.457157 -1.22448
0.0299799 -0.0156497 0.349903 -0.414112
0.0686132 -0.0217738 0.6463 -3.15888
0.0644427 -0.0218979 0.621591 -3.0671
0.223676 -0.0383791 -0.0073526 -0.230113
0.0410476 -0.0195958 0.437853 -1.455
0.0470766 -0.0198512 0.459358 -1.57124
0.0483986 -0.0225478 0.499447 -1.74704
0.0470766 -0.0198512 0.459358 -1.57124
0.0574785 -0.0225916 0.583824 -2.98674
0.0410476 -0.0195958 0.437853 -1.455
0.0672241 -0.0247329 0.625196 -2.08548
0.0598141 -0.0253187 0.593237 -2.02027
0.0635113 -0.025012 0.60818 -2.04622
0.0514779 -0.0196815 0.479367 -1.1528
0.0631159 -0.0251246 0.666686 -3.37566
0.0426155 -0.0196425 0.439603 -0.996165
0.0415294 -0.0170592 0.403359 -0.835116
0.0649632 -0.0220886 0.594851 -2.14905
0.199138 -0.0340799 0.0126009 -0.185242
0.0306894 -0.0124664 0.333103 -0.311431
0.0337266 -0.0180573 0.389512 -0.955003
0.0410476 -0.0195958 0.437853 -1.455
0.0545312 -0.0215553 0.517478 -1.71237
0.0700556 -0.0259099 0.73 -3.80112
0.0514779 -0.0196815 0.479367 -1.1528
0.05942 -0.0254619 0.610694 -2.29758
0.0415294 -0.0170592 0.403359 -0.835116
0.0385757 -0.0204419 0.444195 -1.19711
0.052645 -0.0224211 0.531309 -2.09747
0.0366159 -0.0166845 0.363666 -0.584362
0.0545312 -0.0215553 0.517478 -1.71237
0.23782 -0.0443973 0.00441755 -0.277564
0.0551332 -0.019379 0.493048 -1.1842
0.224642 -0.0373449 0.0657886 -0.258889
0.0647772 -0.0222781 0.613449 -2.4496
0.0457783 -0.0191587 0.449912 -1.00678
0.0385757 -0.0204419 0.444195 -1.19711
0.0470766 -0.0198512 0.459358 -1.57124
0.0545312 -0.0215553 0.517478 -1.71237
0.0452217 -0.0196312 0.469877 -1.24885
0.0613372 -0.0223704 0.577465 -2.10861
0.0391435 -0.0174477 0.397295 -0.475997
0.0457783 -0.0191587 0.449912 -1.00678
0.0419088 -0.0200406 0.457157 -1.22448
0.0512224 -0.0219631 0.506705 -1.71512
0.0723014 -0.0287627 0.793768 -4.10647
0.0390216 -0.0181148 0.424251 -0.741867
0.0796858 -0.0284655 0.875822 -4.47916
0.0654042 -0.0218671 0.573643 -1.85777
0.0512594 -0.0142508 0.449645 -0.88196
0.260889 -0.0374947 0.0650591 -0.318458
0.0475285 -0.00932213 0.390456 0.0228534
0.0384394 -0.0121471 0.368383 0.0190789
0.0735356 -0.0213616 0.597738 -1.53274
0.0631159 -0.0251246 0.666686 -3.37566
0.0280666 -0.0131343 0.323275 -0.394009
0.0700556 -0.0259099 0.73 -3.80112
0.0512224 -0.0219631 0.506705 -1.71512
0.319211 -0.0539769 -0.110297 -0.409796
0.0664402 -0.024805 0.642527 -2.34759
0.04756 -0.0196929 0.4716 -0.772615
0.0688176 -0.0274879 0.673907 -2.28135
