0.0606171 -0.0133841 0.466129 -0.484697
0.0577831 -0.0136638 0.454268 -0.391446
0.258612 -0.0446776 0.0196354 -0.309603
5.67801 -0.390406 -48.684 -7.52374
-0.228345 0.0059292 0.0195711 1.9558
0.319709 -0.0451272 -0.0047735 -0.425051
0.754532 -0.116453 -1.13924 -1.39524
0.0525634 -0.00795279 0.403009 0.0247292
0.391534 -0.0579644 -0.13836 -0.582999
0.0506315 -0.00943778 0.425479 -0.254859
0.0723316 -0.0191163 0.593415 -0.950393
-0.107445 -0.00661015 -0.564526 -5.68527
4.1577 -0.281403 -37.9829 -7.99098
0.0708166 -0.018722 0.574056 -1.17442
0.0649851 -0.0122688 0.481982 -0.788456
0.0897899 -0.0197213 0.700136 -2.2973
0.0577831 -0.0136638 0.454268 -0.391446
0.0815047 -0.0234119 0.686597 -2.18374
0.0624662 -0.0187744 0.520193 -1.24238
0.0581998 -0.0104215 0.436548 -0.303948
-6.66732 0.425058 57.1085 -7.46535
0.0692443 -0.0117447 0.484137 -0.675174
0.30551 -0.0501039 -0.0958717 -0.368995
0.274026 -0.041707 0.00332246 -0.323632
0.0883672 -0.0226242 0.712065 -2.19493
0.0829297 -0.020493 0.673041 -2.27864
0.0839717 -0.0230026 0.713332 -2.40837
-9.51355 0.695826 66.6385 -5.99152
0.387637 -0.0879065 0.00222943 2.017
0.0722241 -0.0182967 0.549805 -0.876424
0.0960545 -0.0235791 0.764651 -2.46914
0.0857346 -0.0175209 0.626748 -1.26754
0.0583284 -0.0131162 0.459653 -0.749978
0.0698312 -0.0181712 0.547142 -1.29568
0.07514 -0.023942 0.63638 -1.88748
3.34862 -0.317288 -18.6838 -5.4568
2.41078 -0.262262 -10.3749 -4.05674
0.25238 -0.037535 0.00321298 -0.276279
0.0536423 -0.0190393 0.482842 -1.58699
0.233292 -0.0368996 0.0257669 -0.244601
0.0785846 -0.0180999 0.595484 -1.60657
0.074426 -0.017734 0.548957 -1.15793
0.228383 -0.0330582 0.0852851 -0.251394
0.0593646 -0.0163101 0.481609 -0.47698
0.268784 -0.0407923 0.077813 -0.34514
0.235931 -0.039806 0.149253 -0.309478
0.0751133 -0.0182489 0.577404 -1.05725
0.230325 -0.036062 0.158092 -0.283724
0.226991 -0.0366985 0.0742123 -0.262653
0.077102 -0.0237845 0.686365 -2.39351
0.0462459 -0.0167045 0.417909 -0.515246
0.0708654 -0.0151777 0.532688 -1.34555
0.0720174 -0.0214443 0.626849 -2.20592
0.0784737 -0.0208231 0.672569 -2.50475
0.0545312 -0.0215553 0.517478 -1.71237
0.233292 -0.0368996 0.0257669 -0.244601
0.0613496 -0.0129473 0.482569 -0.935591
0.0806337 -0.0178352 0.64233 -2.34975
0.0799131 -0.0206464 0.63758 -1.99143
0.0769782 -0.0209567 0.609562 -1.54395
0.0632463 -0.0150712 0.495208 -0.752814
0.275134 -0.0448462 0.000631455 -0.340316
0.243389 -0.0380086 0.0580916 -0.288754
0.249312 -0.0378709 0.0607684 -0.298519
0.25238 -0.037535 0.00321298 -0.276279
0.269482 -0.0418882 -0.0155855 -0.316851
0.0551332 -0.019379 0.493048 -1.1842
0.299044 -0.0482647 0.00856546 -0.398338
0.269482 -0.0418882 -0.0155855 -0.316851
0.286227 -0.042289 -0.0192594 -0.345611
0.0514779 -0.0196815 0.479367 -1.1528
0.0656017 -0.0148287 0.494327 -1.48314
0.0771371 -0.0175768 0.575029 -1.35019
0.244837 -0.0363443 0.0944904 -0.287845
0.0771371 -0.0175768 0.575029 -1.35019
0.0475285 -0.00932213 0.390456 0.0228534
0.280976 -0.0448001 0.0173069 -0.348256
0.0756163 -0.0211203 0.642118 -2.22968
0.0962676 -0.0270986 0.849577 -3.42307
0.357725 -0.0537236 -0.159492 -0.445283
0.0797618 -0.0202852 0.604911 -1.33898
0.0734327 -0.017877 0.561562 -1.32552
0.077102 -0.0237845 0.686365 -2.39351
0.323511 -0.0485214 -0.013596 -0.449121
0.0785846 -0.0180999 0.595484 -1.60657
0.0875632 -0.0202275 0.672455 -1.73051
0.0612322 -0.0187653 0.530357 -1.41478
0.256175 -0.040978 0.0748083 -0.322326
0.0771371 -0.0175768 0.575029 -1.35019
0.0745299 -0.0148676 0.545847 -1.36882
0.249312 -0.0378709 0.0607684 -0.298519
0.0776215 -0.0180182 0.607415 -2.04377
0.251936 -0.0426767 0.122083 -0.320249
0.0790831 -0.0238215 0.657189 -1.61977
0.0714928 -0.0185374 0.562878 -1.02517
0.0865497 -0.0232769 0.68912 -1.68536
0.066145 -0.0184727 0.533688 -1.26957
0.264221 -0.041331 0.00808552 -0.307125
0.0604146 -0.0218597 0.546512 -1.37089
0.268949 -0.0381291 0.0142158 -0.300625
0.0819487 -0.0218196 0.759568 -3.959
0.0672154 -0.0154895 0.519495 -1.32134
0.254494 -0.0449857 -0.0634142 -0.271293
0.0894196 -0.0284239 0.90506 -4.22674
0.232735 -0.0337385 0.0137331 -0.233373
0.232735 -0.0337385 0.0137331 -0.233373
0.0653347 -0.0149758 0.506321 -1.71472
0.0601713 -0.016238 0.497995 -1.43898
0.331569 -0.0529201 -0.0801195 -0.43865
0.077102 -0.0237845 0.686365 -2.39351
0.286406 -0.0454134 -0.00557257 0.239545
0.0792643 -0.0207903 0.65631 -2.24598
0.233292 -0.0368996 0.0257669 -0.244601
0.0720174 -0.0214443 0.626849 -2.20592
0.0307178 -0.0107453 0.307465 0.0132091
0.0769782 -0.0209567 0.609562 -1.54395
0.0702588 -0.0186186 0.576256 -1.98219
0.0754331 -0.0153767 0.576853 -2.10669
0.0700556 -0.0259099 0.73 -3.80112
0.0892946 -0.0249116 0.873172 -4.28401
0.284701 -0.0424804 -0.0665036 -0.307388
0.0831406 -0.0220802 0.749595 -3.65682
0.0667085 -0.0154198 0.530537 -2.09363
0.226589 -0.03702 0.0256892 -0.234437
0.0557194 -0.0166704 0.471476 -0.459938
0.077102 -0.0237845 0.686365 -2.39351
0.0584111 -0.0183258 0.496483 -0.698554
0.0756163 -0.0211203 0.642118 -2.22968
0.077847 -0.0237114 0.670251 -2.15343
0.0544842 -0.0152925 0.44891 -0.917442
0.0700122 -0.0245048 0.659562 -2.37859
0.228781 -0.0338746 0.0579096 -0.254859
0.0749166 -0.0211259 0.655482 -2.47602
0.077051 -0.0181326 0.625272 -2.31726
0.0541287 -0.0192666 0.497924 -1.87728
0.0735204 -0.01847 0.610122 -2.2961
0.10267 -0.0245931 0.918368 -4.04283
0.256175 -0.040978 0.0748083 -0.322326
0.249312 -0.0378709 0.0607684 -0.298519
0.243057 -0.041077 0.0727203 -0.299157
0.0907349 -0.027043 0.786029 -2.62794
0.0735356 -0.0213616 0.597738 -1.53274
0.264221 -0.041331 0.00808552 -0.307125
0.0735356 -0.0213616 0.597738 -1.53274
0.0792643 -0.0207903 0.65631 -2.24598
0.0724547 -0.0208733 0.576425 -1.28319
0.0544842 -0.0152925 0.44891 -0.917442
0.0797618 -0.0202852 0.604911 -1.33898
0.357552 -0.0545515 -0.186104 -0.438524
0.0691738 -0.0144937 0.507141 -1.5028
0.042691 -0.0170768 0.407659 -0.496287
0.0868272 -0.0217994 0.767615 -3.67241
0.31907 -0.046167 -0.0820146 -0.382518
0.28094 -0.0425556 -0.0206485 -0.0550382
0.0592927 -0.0156358 0.493269 -0.875368
0.0408144 -0.00802539 0.332964 0.0165518
0.0672116 -0.0190258 0.560274 -1.14733
0.222301 -0.0362875 0.0967885 -0.251303
0.21771 -0.0365972 0.091861 -0.244357
0.092164 -0.0272987 0.832235 -3.40382
0.0533239 -0.016324 0.460906 -0.691291
0.245828 -0.0404294 0.0792336 -0.304594
0.0604146 -0.0218597 0.546512 -1.37089
0.0508693 -0.0096921 0.4294 -0.34697
0.092164 -0.0272987 0.832235 -3.40382
0.0754331 -0.0153767 0.576853 -2.10669
0.233429 -0.0439838 0.0261261 -0.269094
0.0892946 -0.0249116 0.873172 -4.28401
0.297628 -0.0456878 -0.0305258 -0.381283
0.0806337 -0.0178352 0.64233 -2.34975
0.0558017 -0.0109777 0.446239 -0.92952
0.0607337 -0.0159222 0.478566 -1.06818
0.21771 -0.0365972 0.091861 -0.244357
0.0735219 -0.0241482 0.673762 -2.39118
0.0762214 -0.0209309 0.620961 -1.95507
0.0566592 -0.0159152 0.4725 -0.713623
0.21771 -0.0365972 0.091861 -0.244357
0.218926 -0.0397162 0.102263 -0.256333
0.0649632 -0.0220886 0.594851 -2.14905
0.0823004 -0.0232961 0.667076 -1.9415
0.265912 -0.0419993 -0.0430299 -0.275887
0.284701 -0.0424804 -0.0665036 -0.307388
0.228275 -0.0388474 -0.0293294 -0.236735
0.212666 -0.0362652 0.0517899 -0.211691
0.0611795 -0.01286 0.458883 -1.56995
0.0537872 -0.0127963 0.414188 -0.776139
0.241678 -0.0413104 0.0254132 -0.267239
0.0709323 -0.0244509 0.642166 -2.12311
0.0749166 -0.0211259 0.655482 -2.47602
0.068465 -0.0217787 0.611818 -2.18346
0.224642 -0.0373449 0.0657886 -0.258889
0.0868272 -0.0217994 0.767615 -3.67241
0.37357 -0.0588351 -0.192308 -0.487387
0.0741946 -0.0240116 0.65394 -2.12242
0.0613372 -0.0223704 0.577465 -2.10861
0.0799131 -0.0206464 0.63758 -1.99143
0.218608 -0.036054 0.0533086 -0.220309
0.0644167 -0.0156306 0.492478 -1.10199
0.0452217 -0.0196312 0.469877 -1.24885
0.0714175 -0.0242157 0.619648 -1.8493
0.0462079 -0.0111961 0.375607 -0.428801
0.0535021 -0.01311 0.428041 -0.977826
0.254358 -0.0418488 0.000652189 -0.289872
0.20813 -0.0369808 0.0695778 -0.233795
0.0497132 -0.00866645 0.387482 -0.233572
0.0684153 -0.0180893 0.555122 -1.44834
0.245828 -0.0404294 0.0792336 -0.304594
0.081984 -0.0205036 0.689248 -2.52975
0.0462734 -0.011588 0.409564 -0.326466
0.0644167 -0.0156306 0.492478 -1.10199
0.0508686 -0.0163042 0.42676 -0.453845
0.236678 -0.0361737 0.095555 -0.274627
-0.921914 0.0584801 6.0483 -4.1891
0.0682127 -0.0122704 0.49729 -1.87465
0.040676 -0.0173995 0.418689 -1.04665
0.0535021 -0.01311 0.428041 -0.977826
0.243475 -0.0375636 0.0219466 -0.259795
0.0644167 -0.0156306 0.492478 -1.10199
0.222301 -0.0362875 0.0967885 -0.251303
0.0361101 -0.0124122 0.36258 0.018377
0.0635825 -0.0158036 0.506243 -1.29598
0.0374134 -0.00923862 0.329751 0.0159718
0.0574099 -0.0183808 0.5043 -0.82177
0.0720174 -0.0214443 0.626849 -2.20592
0.493097 -0.0724837 -0.388117 -0.699924
0.312004 -0.052466 0.0219252 -0.481471
0.0485805 -0.00402744 0.330548 0.0169298
17.3948 -1.11183 -182.663 -10.2065
0.478221 -0.0719249 -0.412777 -0.649225
0.0815547 -0.018407 0.664802 -2.24174
0.0530981 -0.0224819 0.520199 -1.32372
0.0549474 -0.0135226 0.448161 -0.727296
0.063431 -0.0114745 0.447783 -0.833099
0.0684153 -0.0180893 0.555122 -1.44834
0.0454641 -0.00972783 0.416108 -0.299144
0.0598244 -0.019636 0.533968 -1.09545
0.448801 -0.0734192 -0.276778 -0.684934
0.269482 -0.0418882 -0.0155855 -0.316851
0.25238 -0.037535 0.00321298 -0.276279
0.338065 -0.055914 -0.0678033 -0.469529
5.37096 -0.422036 -43.6829 -8.14158
0.0903944 -0.014566 0.686778 -2.90594
4.28192 -0.378028 -27.1889 -6.17908
0.311112 -0.040159 0.0039979 2.62313
1.97555 -0.273404 -4.74622 -2.07546
0.0882501 -0.014218 0.590544 -1.022
4.9873 -0.404557 -39.6665 -8.01621
0.0730868 -0.00741271 0.489223 -0.38773
0.0892946 -0.0249116 0.873172 -4.28401
0.0341092 -0.00382093 0.244973 0.451173
0.243389 -0.0380086 0.0580916 -0.288754
0.0455315 -0.0093915 0.383407 -0.401203
0.344047 -0.0487906 -0.065349 -0.450691
0.384668 -0.0579994 -0.138061 -0.566741
0.073833 -0.0185036 0.595466 -1.34075
0.647646 -0.175117 -8.23285e-05 1.99916
