-0.107445 -0.00661015 -0.564526 -5.68527
-0.107445 -0.00661015 -0.564526 -5.68527
-0.107445 -0.00661015 -0.564526 -5.68527
-0.107445 -0.00661015 -0.564526 -5.68527
-0.107445 -0.00661015 -0.564526 -5.68527
-0.107445 -0.00661015 -0.564526 -5.68527
-0.107445 -0.00661015 -0.564526 -5.68527
-0.107445 -0.00661015 -0.564526 -5.68527
-0.107445 -0.00661015 -0.564526 -5.68527
-0.107445 -0.00661015 -0.564526 -5.68527
-0.107445 -0.00661015 -0.564526 -5.68527
-0.107445 -0.00661015 -0.564526 -5.68527
-0.107445 -0.00661015 -0.564526 -5.68527
-0.107445 -0.00661015 -0.564526 -5.68527
-0.107445 -0.00661015 -0.564526 -5.68527
-0.107445 -0.00661015 -0.564526 -5.68527
-0.107445 -0.00661015 -0.564526 -5.68527
-0.107445 -0.00661015 -0.564526 -5.68527
-0.107445 -0.00661015 -0.564526 -5.68527
-0.107445 -0.00661015 -0.564526 -5.68527
-0.107445 -0.00661015 -0.564526 -5.68527
-0.107445 -0.00661015 -0.564526 -5.68527
-0.107445 -0.00661015 -0.564526 -5.68527
-0.107445 -0.00661015 -0.564526 -5.68527
-0.107445 -0.00661015 -0.564526 -5.68527
-0.107445 -0.00661015 -0.564526 -5.68527
-0.107445 -0.00661015 -0.564526 -5.68527
-0.107445 -0.00661015 -0.564526 -5.68527
-0.107445 -0.00661015 -0.564526 -5.68527
-0.107445 -0.00661015 -0.564526 -5.68527
-0.107445 -0.00661015 -0.564526 -5.68527
-0.107445 -0.00661015 -0.564526 -5.68527
-0.107445 -0.00661015 -0.564526 -5.68527
-0.107445 -0.00661015 -0.564526 -5.68527
-0.107445 -0.00661015 -0.564526 -5.68527
-0.107445 -0.00661015 -0.564526 -5.68527
-0.107445 -0.00661015 -0.564526 -5.68527
-0.107445 -0.00661015 -0.564526 -5.68527
-0.107445 -0.00661015 -0.564526 -5.68527
-0.107445 -0.00661015 -0.564526 -5.68527
-0.107445 -0.00661015 -0.564526 -5.68527
-0.107445 -0.00661015 -0.564526 -5.68527
-0.107445 -0.00661015 -0.564526 -5.68527
-0.107445 -0.00661015 -0.564526 -5.68527
-0.107445 -0.00661015 -0.564526 -5.68527
-0.107445 -0.00661015 -0.564526 -5.68527
-0.107445 -0.00661015 -0.564526 -5.68527
-0.107445 -0.00661015 -0.564526 -5.68527
-0.107445 -0.00661015 -0.564526 -5.68527
-0.107445 -0.00661015 -0.564526 -5.68527
-0.107445 -0.00661015 -0.564526 -5.68527
-0.107445 -0.00661015 -0.564526 -5.68527
-0.107445 -0.00661015 -0.564526 -5.68527
-0.107445 -0.00661015 -0.564526 -5.68527
-0.107445 -0.00661015 -0.564526 -5.68527
-0.107445 -0.00661015 -0.564526 -5.68527
-0.107445 -0.00661015 -0.564526 -5.68527
-0.107445 -0.00661015 -0.564526 -5.68527
-0.107445 -0.00661015 -0.564526 -5.68527
-0.107445 -0.00661015 -0.564526 -5.68527
-0.107445 -0.00661015 -0.564526 -5.68527
-0.107445 -0.00661015 -0.564526 -5.68527
-0.107445 -0.00661015 -0.564526 -5.68527
-0.107445 -0.00661015 -0.564526 -5.68527
-0.107445 -0.00661015 -0.564526 -5.68527
-0.107445 -0.00661015 -0.564526 -5.68527
-0.107445 -0.00661015 -0.564526 -5.68527
-0.107445 -0.00661015 -0.564526 -5.68527
-0.107445 -0.00661015 -0.564526 -5.68527
-0.107445 -0.00661015 -0.564526 -5.68527
-0.107445 -0.00661015 -0.564526 -5.68527
-0.107445 -0.00661015 -0.564526 -5.68527
-0.107445 -0.00661015 -0.564526 -5.68527
-0.107445 -0.00661015 -0.564526 -5.68527
-0.107445 -0.00661015 -0.564526 -5.68527
-0.107445 -0.00661015 -0.564526 -5.68527
-0.107445 -0.00661015 -0.564526 -5.68527
-0.107445 -0.00661015 -0.564526 -5.68527
-0.107445 -0.00661015 -0.564526 -5.68527
-0.107445 -0.00661015 -0.564526 -5.68527
-0.107445 -0.00661015 -0.564526 -5.68527
-0.107445 -0.00661015 -0.564526 -5.68527
-0.107445 -0.00661015 -0.564526 -5.68527
-0.107445 -0.00661015 -0.564526 -5.68527
-0.107445 -0.00661015 -0.564526 -5.68527
-0.107445 -0.00661015 -0.564526 -5.68527
-0.107445 -0.00661015 -0.564526 -5.68527
-0.107445 -0.00661015 -0.564526 -5.68527
-0.107445 -0.00661015 -0.564526 -5.68527
-0.107445 -0.00661015 -0.564526 -5.68527
-0.107445 -0.00661015 -0.564526 -5.68527
-0.107445 -0.00661015 -0.564526 -5.68527
-0.107445 -0.00661015 -0.564526 -5.68527
-0.107445 -0.00661015 -0.564526 -5.68527
-0.107445 -0.00661015 -0.564526 -5.68527
-0.107445 -0.00661015 -0.564526 -5.68527
-0.107445 -0.00661015 -0.564526 -5.68527
-0.107445 -0.00661015 -0.564526 -5.68527
-0.107445 -0.00661015 -0.564526 -5.68527
-0.107445 -0.00661015 -0.564526 -5.68527
-0.107445 -0.00661015 -0.564526 -5.68527
-0.107445 -0.00661015 -0.564526 -5.68527
-0.107445 -0.00661015 -0.564526 -5.68527
-0.107445 -0.00661015 -0.564526 -5.68527
-0.107445 -0.00661015 -0.564526 -5.68527
-0.107445 -0.00661015 -0.564526 -5.68527
-0.107445 -0.00661015 -0.564526 -5.68527
-0.107445 -0.00661015 -0.564526 -5.68527
-0.107445 -0.00661015 -0.564526 -5.68527
-0.107445 -0.00661015 -0.564526 -5.68527
-0.107445 -0.00661015 -0.564526 -5.68527
-0.107445 -0.00661015 -0.564526 -5.68527
-0.107445 -0.00661015 -0.564526 -5.68527
-0.107445 -0.00661015 -0.564526 -5.68527
-0.107445 -0.00661015 -0.564526 -5.68527
-0.107445 -0.00661015 -0.564526 -5.68527
-0.107445 -0.00661015 -0.564526 -5.68527
-0.107445 -0.00661015 -0.564526 -5.68527
-0.107445 -0.00661015 -0.564526 -5.68527
-0.107445 -0.00661015 -0.564526 -5.68527
-0.107445 -0.00661015 -0.564526 -5.68527
-0.107445 -0.00661015 -0.564526 -5.68527
-0.107445 -0.00661015 -0.564526 -5.68527
-0.107445 -0.00661015 -0.564526 -5.68527
-0.107445 -0.00661015 -0.564526 -5.68527
-0.107445 -0.00661015 -0.564526 -5.68527
-0.107445 -0.00661015 -0.564526 -5.68527
-0.107445 -0.00661015 -0.564526 -5.68527
-0.107445 -0.00661015 -0.564526 -5.68527
-0.107445 -0.00661015 -0.564526 -5.68527
-0.107445 -0.00661015 -0.564526 -5.68527
-0.107445 -0.00661015 -0.564526 -5.68527
-0.107445 -0.00661015 -0.564526 -5.68527
-0.107445 -0.00661015 -0.564526 -5.68527
-0.107445 -0.00661015 -0.564526 -5.68527
-0.107445 -0.00661015 -0.564526 -5.68527
-0.107445 -0.00661015 -0.564526 -5.68527
-0.107445 -0.00661015 -0.564526 -5.68527
0.635774 -0.182609 0.0442166 2.09201
-0.107445 -0.00661015 -0.564526 -5.68527
-0.107445 -0.00661015 -0.564526 -5.68527
-0.107445 -0.00661015 -0.564526 -5.68527
-0.107445 -0.00661015 -0.564526 -5.68527
-0.107445 -0.00661015 -0.564526 -5.68527
-0.107445 -0.00661015 -0.564526 -5.68527
-0.107445 -0.00661015 -0.564526 -5.68527
-0.107445 -0.00661015 -0.564526 -5.68527
-0.107445 -0.00661015 -0.564526 -5.68527
-0.107445 -0.00661015 -0.564526 -5.68527
-0.107445 -0.00661015 -0.564526 -5.68527
-0.107445 -0.00661015 -0.564526 -5.68527
-0.107445 -0.00661015 -0.564526 -5.68527
-0.107445 -0.00661015 -0.564526 -5.68527
-0.107445 -0.00661015 -0.564526 -5.68527
-0.107445 -0.00661015 -0.564526 -5.68527
-0.107445 -0.00661015 -0.564526 -5.68527
-0.107445 -0.00661015 -0.564526 -5.68527
-0.107445 -0.00661015 -0.564526 -5.68527
-0.107445 -0.00661015 -0.564526 -5.68527
-0.107445 -0.00661015 -0.564526 -5.68527
-0.107445 -0.00661015 -0.564526 -5.68527
-0.107445 -0.00661015 -0.564526 -5.68527
-0.107445 -0.00661015 -0.564526 -5.68527
-0.107445 -0.00661015 -0.564526 -5.68527
-0.107445 -0.00661015 -0.564526 -5.68527
-0.107445 -0.00661015 -0.564526 -5.68527
-0.107445 -0.00661015 -0.564526 -5.68527
-0.107445 -0.00661015 -0.564526 -5.68527
-0.107445 -0.00661015 -0.564526 -5.68527
-0.107445 -0.00661015 -0.564526 -5.68527
-0.107445 -0.00661015 -0.564526 -5.68527
-0.107445 -0.00661015 -0.564526 -5.68527
-0.107445 -0.00661015 -0.564526 -5.68527
-0.107445 -0.00661015 -0.564526 -5.68527
-0.107445 -0.00661015 -0.564526 -5.68527
-0.107445 -0.00661015 -0.564526 -5.68527
-0.107445 -0.00661015 -0.564526 -5.68527
-0.107445 -0.00661015 -0.564526 -5.68527
-0.107445 -0.00661015 -0.564526 -5.68527
-0.107445 -0.00661015 -0.564526 -5.68527
-0.107445 -0.00661015 -0.564526 -5.68527
-0.107445 -0.00661015 -0.564526 -5.68527
-0.107445 -0.00661015 -0.564526 -5.68527
-0.107445 -0.00661015 -0.564526 -5.68527
-0.107445 -0.00661015 -0.564526 -5.68527
-0.107445 -0.00661015 -0.564526 -5.68527
-0.107445 -0.00661015 -0.564526 -5.68527
-0.107445 -0.00661015 -0.564526 -5.68527
-0.107445 -0.00661015 -0.564526 -5.68527
-0.107445 -0.00661015 -0.564526 -5.68527
-0.107445 -0.00661015 -0.564526 -5.68527
-0.107445 -0.00661015 -0.564526 -5.68527
-0.107445 -0.00661015 -0.564526 -5.68527
-0.107445 -0.00661015 -0.564526 -5.68527
-0.107445 -0.00661015 -0.564526 -5.68527
-10.6279 0.843405 75.7471 -6.64383
-0.107445 -0.00661015 -0.564526 -5.68527
-0.107445 -0.00661015 -0.564526 -5.68527
-0.107445 -0.00661015 -0.564526 -5.68527
-0.107445 -0.00661015 -0.564526 -5.68527
-0.107445 -0.00661015 -0.564526 -5.68527
-0.107445 -0.00661015 -0.564526 -5.68527
-0.107445 -0.00661015 -0.564526 -5.68527
-0.107445 -0.00661015 -0.564526 -5.68527
-0.190953 -0.000598022 0.000966655 2.99729
-0.107445 -0.00661015 -0.564526 -5.68527
-0.107445 -0.00661015 -0.564526 -5.68527
-0.107445 -0.00661015 -0.564526 -5.68527
-0.107445 -0.00661015 -0.564526 -5.68527
-0.107445 -0.00661015 -0.564526 -5.68527
-0.107445 -0.00661015 -0.564526 -5.68527
-0.107445 -0.00661015 -0.564526 -5.68527
-0.107445 -0.00661015 -0.564526 -5.68527
-0.107445 -0.00661015 -0.564526 -5.68527
-0.107445 -0.00661015 -0.564526 -5.68527
-0.107445 -0.00661015 -0.564526 -5.68527
-0.107445 -0.00661015 -0.564526 -5.68527
-0.107445 -0.00661015 -0.564526 -5.68527
-0.107445 -0.00661015 -0.564526 -5.68527
-0.107445 -0.00661015 -0.564526 -5.68527
10.9585 -0.745587 -91.7593 -7.45789
-0.107445 -0.00661015 -0.564526 -5.68527
-0.107445 -0.00661015 -0.564526 -5.68527
-0.107445 -0.00661015 -0.564526 -5.68527
-0.107445 -0.00661015 -0.564526 -5.68527
-0.107445 -0.00661015 -0.564526 -5.68527
-0.107445 -0.00661015 -0.564526 -5.68527
-0.107445 -0.00661015 -0.564526 -5.68527
-0.242456 0.00839296 0.02725 1.93881
-0.107445 -0.00661015 -0.564526 -5.68527
-0.107445 -0.00661015 -0.564526 -5.68527
10.9585 -0.745587 -91.7593 -7.45789
-0.107445 -0.00661015 -0.564526 -5.68527
-0.107445 -0.00661015 -0.564526 -5.68527
-0.107445 -0.00661015 -0.564526 -5.68527
-0.107445 -0.00661015 -0.564526 -5.68527
-0.107445 -0.00661015 -0.564526 -5.68527
-0.107445 -0.00661015 -0.564526 -5.68527
-0.107445 -0.00661015 -0.564526 -5.68527
-0.107445 -0.00661015 -0.564526 -5.68527
-0.107445 -0.00661015 -0.564526 -5.68527
-0.107445 -0.00661015 -0.564526 -5.68527
-0.215065 0.00375295 0.0121517 1.9577
-0.107445 -0.00661015 -0.564526 -5.68527
-0.107445 -0.00661015 -0.564526 -5.68527
-0.107445 -0.00661015 -0.564526 -5.68527
-0.107445 -0.00661015 -0.564526 -5.68527
-0.107445 -0.00661015 -0.564526 -5.68527
-0.107445 -0.00661015 -0.564526 -5.68527
-0.107445 -0.00661015 -0.564526 -5.68527
-0.107445 -0.00661015 -0.564526 -5.68527
-0.180526 -0.0036133 0.00576052 2.98277
-0.107445 -0.00661015 -0.564526 -5.68527
-0.107445 -0.00661015 -0.564526 -5.68527
-0.107445 -0.00661015 -0.564526 -5.68527
-0.107445 -0.00661015 -0.564526 -5.68527
