0.0458803 -0.00620336 0.368127 -0.314954
0.0938716 -0.0215109 0.877438 -4.496
0.0374134 -0.00923862 0.329751 0.0159718
-0.218263 0.00433106 0.0133276 1.96561
1.31084 -0.203426 -3.08967 -1.46221
0.0790516 -0.0116364 0.552753 -1.63112
0.0684153 -0.0180893 0.555122 -1.44834
0.0745299 -0.0148676 0.545847 -1.36882
0.0702602 -0.0129521 0.520202 -1.06641
0.0583398 -0.0108208 0.440126 -0.474221
0.0468227 -0.00509122 0.336807 0.0176763
-0.107445 -0.00661015 -0.564526 -5.68527
-2.00016 0.17518 5.71833 -1.1521
0.047507 -0.00867372 0.394844 -0.334094
0.0717351 -0.015052 0.520784 -1.16823
0.0706372 -0.00949164 0.480209 -1.24988
0.0566668 -0.0107834 0.437329 -0.779151
0.0580453 -0.0134031 0.472114 -0.92208
0.0475788 -0.0137655 0.401632 -0.522585
0.228383 -0.0330582 0.0852851 -0.251394
-0.120354 0.0424828 7.04704e-05 1.99966
0.0485805 -0.00402744 0.330548 0.0169298
0.0344665 -0.0110195 0.331002 0.0153876
0.0776215 -0.0180182 0.607415 -2.04377
0.070509 -0.0153076 0.541988 -1.5264
0.0511095 -0.00790703 0.370408 -0.460187
0.047507 -0.00867372 0.394844 -0.334094
0.0749166 -0.0211259 0.655482 -2.47602
-0.0500644 0.0133178 0.348439 0.481503
0.0616732 -0.0126976 0.470915 -0.770259
0.056714 -0.00820974 0.414361 -0.387761
0.0525473 -0.00515094 0.36784 0.0209129
0.0593411 -0.0126394 0.469278 -1.24704
0.0532705 -0.0104576 0.396727 -0.474037
0.0371778 -0.00837739 0.315745 0.0146649
0.0745299 -0.0148676 0.545847 -1.36882
0.0441056 -0.00866055 0.349395 -0.412294
0.0476001 -0.00828368 0.359961 -0.437061
0.0306894 -0.0124664 0.333103 -0.311431
0.0370117 -0.00492453 0.273713 0.0115138
0.069327 -0.0126858 0.505968 -1.39483
0.0618659 -0.00953694 0.44116 -1.09583
0.0566668 -0.0107834 0.437329 -0.779151
0.0485533 -0.0104892 0.385298 -0.348999
0.0646052 -0.012476 0.492623 -0.945732
0.0651991 -0.0161745 0.521377 -0.99942
0.0726367 -0.0155864 0.548303 -1.05799
0.0640725 -0.00973048 0.448582 -0.665175
0.0560283 -0.0130482 0.456538 -1.22251
0.0382908 -0.00870576 0.326597 0.0157292
0.0334258 -0.00810109 0.292163 0.012578
0.0496334 -0.00756478 0.371239 -0.360789
0.064398 -0.0127654 0.499382 -2.1651
0.0476001 -0.00828368 0.359961 -0.437061
0.0368131 -0.0156358 0.398396 -0.74166
0.0560283 -0.0130482 0.456538 -1.22251
0.0477912 -0.00505701 0.34467 -0.341252
0.0613422 -0.00985307 0.454446 -1.30794
0.0435298 -0.00538597 0.317765 0.0155435
0.03989 -0.00573588 0.300501 0.0137686
0.0435298 -0.00538597 0.317765 0.0155435
0.038715 -0.00760592 0.318993 0.0153931
0.0598852 -0.012163 0.449229 -1.00414
0.0589471 -0.00965054 0.41482 -0.859961
0.0507356 -0.00969402 0.363125 -0.58231
0.0371778 -0.00837739 0.315745 0.0146649
0.0333557 -0.0102732 0.351328 -0.311953
0.0788533 -0.0152793 0.612701 -2.44661
0.0594342 -0.0103299 0.435076 -1.11586
0.0496334 -0.00756478 0.371239 -0.360789
0.0591711 -0.0159771 0.496689 -1.99868
0.0410043 -0.00606509 0.311371 0.0148148
0.0692451 -0.0123874 0.492473 -1.18243
0.0603699 -0.0097144 0.417358 -0.513449
0.338057 -0.0473434 -0.135583 -0.413968
0.0426906 -0.00873572 0.35641 0.0191033
0.0896661 -0.0213702 0.803813 -4.04989
0.0414135 -0.00951472 0.371702 -0.282082
0.0558017 -0.0109777 0.446239 -0.92952
0.0511095 -0.00790703 0.370408 -0.460187
0.0655914 -0.0126899 0.478779 -1.15092
0.0437637 -0.00624617 0.331745 0.0169664
0.0515273 -0.0139153 0.436415 -0.701945
0.0792557 -0.0149736 0.574624 -1.62302
0.0555291 -0.00748152 0.379194 -0.392002
0.0876286 -0.0171557 0.673087 -2.38941
0.0440155 -0.0122993 0.399462 -0.396512
0.0568168 -0.0100867 0.407098 -0.494403
0.0460551 -0.00470666 0.324155 0.0162606
0.0601089 -0.0103896 0.449163 -0.804931
0.0601089 -0.0103896 0.449163 -0.804931
0.0444436 -0.00909321 0.383353 -0.308928
0.0689161 -0.0158805 0.534848 -1.02922
0.0776215 -0.0180182 0.607415 -2.04377
0.0463954 -0.00618889 0.344372 0.0181205
0.0603699 -0.0097144 0.417358 -0.513449
0.03989 -0.00573588 0.300501 0.0137686
0.0560283 -0.0130482 0.456538 -1.22251
0.0291555 -0.00629659 0.274984 0.302058
0.0737444 -0.0148545 0.552305 -1.52605
0.0372518 -0.0057885 0.287782 0.0127458
0.0476001 -0.00828368 0.359961 -0.437061
0.0163735 -0.00717097 0.246837 0.347492
0.0332502 -0.00464194 0.249999 0.00968731
0.0593411 -0.0126394 0.469278 -1.24704
0.0789467 -0.015217 0.653493 -3.59197
0.0456357 -0.00574962 0.333083 -0.417043
0.036592 -0.0061817 0.311493 -0.33913
0.0435298 -0.00538597 0.317765 0.0155435
0.0373632 -0.0064142 0.29409 0.0130613
0.055641 -0.0100669 0.402808 -0.833142
0.0598852 -0.012163 0.449229 -1.00414
0.0336214 -0.0048581 0.259237 0.242567
0.0666636 -0.0192044 0.578183 -2.23768
0.0317754 -0.00824598 0.282582 0.0116219
0.0589471 -0.00965054 0.41482 -0.859961
0.0591106 -0.0127775 0.477414 -1.43806
0.0682127 -0.0122704 0.49729 -1.87465
0.0321607 -0.00958459 0.317905 -0.319019
0.0395403 -0.00424744 0.28015 0.0121453
0.0645366 -0.0125888 0.482821 -1.84454
0.0434968 -0.00865419 0.347368 -0.491794
0.0513669 -0.0107694 0.404591 -1.00804
0.0347241 -0.00646618 0.28136 0.0120494
0.0476001 -0.00828368 0.359961 -0.437061
0.0368293 -0.00688974 0.295411 0.0130877
0.0639793 -0.0161069 0.518914 -1.51432
0.0372518 -0.0057885 0.287782 0.0127458
0.0472712 -0.0100842 0.352942 -0.562918
0.0419616 -0.0115918 0.364672 -0.489362
0.0502221 -0.0135528 0.41665 -0.95721
0.041191 -0.00410269 0.289733 0.0130785
0.0706818 -0.0155375 0.572919 -2.52033
0.0593411 -0.0126394 0.469278 -1.24704
0.0434402 -0.0143549 0.391959 -0.897238
0.0608591 -0.0129038 0.467875 -1.80874
0.069327 -0.0126858 0.505968 -1.39483
0.0546294 -0.00753021 0.380753 -0.481831
0.047507 -0.00867372 0.394844 -0.334094
0.0567191 -0.0126449 0.438863 -0.993104
0.0532705 -0.0104576 0.396727 -0.474037
0.0497331 -0.0108274 0.386236 -0.452221
0.0531412 -0.011123 0.423675 -0.739978
0.0404179 -0.00374024 0.275717 0.265009
0.0376826 -0.00428833 0.266171 0.290593
0.0476001 -0.00828368 0.359961 -0.437061
0.0749166 -0.0211259 0.655482 -2.47602
0.0462876 -0.00556593 0.338115 0.0177397
0.0645366 -0.0125888 0.482821 -1.84454
0.0594342 -0.0103299 0.435076 -1.11586
0.0408616 -0.0117511 0.362143 -0.872325
0.0645366 -0.0125888 0.482821 -1.84454
0.0545502 -0.00832401 0.4108 -0.776391
0.0655914 -0.0126899 0.478779 -1.15092
0.0410043 -0.00606509 0.311371 0.0148148
0.0313047 -0.00301566 0.253994 0.414442
0.0408942 -0.00544033 0.305081 0.0144716
0.0531412 -0.011123 0.423675 -0.739978
0.0410043 -0.00606509 0.311371 0.0148148
0.0410043 -0.00606509 0.311371 0.0148148
0.0414135 -0.00951472 0.371702 -0.282082
0.0363922 -0.00563396 0.292629 0.25338
0.0419616 -0.0115918 0.364672 -0.489362
0.0618659 -0.00953694 0.44116 -1.09583
0.0476001 -0.00828368 0.359961 -0.437061
0.0598852 -0.012163 0.449229 -1.00414
0.0459482 -0.014216 0.416806 -1.12978
0.038663 -0.00478018 0.283305 0.0124324
0.0618659 -0.00953694 0.44116 -1.09583
0.0655914 -0.0126899 0.478779 -1.15092
0.0414285 -0.00496527 0.303767 0.0144205
0.0286523 -0.00368267 0.247956 0.421738
0.0507356 -0.00969402 0.363125 -0.58231
0.0359523 -0.00742265 0.29857 0.0133315
0.0410043 -0.00606509 0.311371 0.0148148
0.0389018 -0.00564359 0.297358 0.0137157
0.0397792 -0.00511061 0.294201 0.0134343
0.0535021 -0.01311 0.428041 -0.977826
0.0334258 -0.00810109 0.292163 0.012578
0.0431843 -0.00390019 0.297472 0.0137799
0.0452364 -0.00752662 0.325643 -0.548645
0.0547944 -0.0104095 0.418174 -1.0451
0.0281289 -0.00859169 0.265226 0.00998844
0.041805 -0.00792388 0.31543 -0.526382
0.0522453 -0.00739638 0.361847 -1.21718
0.057247 -0.00984409 0.422663 -1.53634
0.0349037 -0.00449918 0.259625 0.0105378
0.0344829 -0.00560145 0.267273 0.0108722
0.0611795 -0.01286 0.458883 -1.56995
0.0361347 -0.00545752 0.276875 0.0117742
0.0389018 -0.00564359 0.297358 0.0137157
0.0593411 -0.0126394 0.469278 -1.24704
0.0441056 -0.00866055 0.349395 -0.412294
0.0434968 -0.00865419 0.347368 -0.491794
0.0443696 -0.0114147 0.375612 -0.91413
0.0677304 -0.0120434 0.48224 -1.58465
0.031384 -0.0023654 0.239358 0.264253
0.0521125 -0.00673104 0.345844 -0.588583
0.0252639 -0.00731034 0.278921 -0.336833
0.0374333 -0.00382276 0.266074 0.0111446
0.0452364 -0.00752662 0.325643 -0.548645
0.0452364 -0.00752662 0.325643 -0.548645
0.0357804 -0.0039659 0.256457 0.0102779
0.0535767 -0.0135252 0.436234 -1.71704
0.0788533 -0.0152793 0.612701 -2.44661
0.0476001 -0.00828368 0.359961 -0.437061
0.0477912 -0.00505701 0.34467 -0.341252
0.0754331 -0.0153767 0.576853 -2.10669
0.0476001 -0.00828368 0.359961 -0.437061
0.03989 -0.00573588 0.300501 0.0137686
0.0434968 -0.00865419 0.347368 -0.491794
0.0555291 -0.00748152 0.379194 -0.392002
0.0441056 -0.00866055 0.349395 -0.412294
0.0521125 -0.00673104 0.345844 -0.588583
0.0268946 -0.00763107 0.24793 0.00890139
0.036592 -0.0061817 0.311493 -0.33913
0.0682127 -0.0122704 0.49729 -1.87465
0.0429032 -0.00657143 0.354343 -0.27455
0.0429032 -0.00657143 0.354343 -0.27455
0.0338142 -0.00446664 0.255691 0.328892
0.0476001 -0.00828368 0.359961 -0.437061
0.0336214 -0.0048581 0.259237 0.242567
0.0397792 -0.00511061 0.294201 0.0134343
0.0395403 -0.00424744 0.28015 0.0121453
0.0475041 -0.00651452 0.355163 0.0193054
0.0745299 -0.0148676 0.545847 -1.36882
0.0613496 -0.0129473 0.482569 -0.935591
0.0505216 0.00135185 0.292278 0.254408
0.0628867 -0.0096793 0.428258 -1.37135
0.0458984 -0.00125993 0.282254 0.0125863
0.0365693 -0.00945868 0.327653 -0.451053
0.0839688 -0.0188569 0.726744 -3.77632
0.0460551 -0.00470666 0.324155 0.0162606
0.0754331 -0.0153767 0.576853 -2.10669
0.0477912 -0.00505701 0.34467 -0.341252
0.0455315 -0.0093915 0.383407 -0.401203
0.0437189 -0.00342507 0.296159 0.0137067
0.0456357 -0.00574962 0.333083 -0.417043
0.042603 -0.00309492 0.285268 0.0126962
0.0511095 -0.00790703 0.370408 -0.460187
0.0729055 -0.0120849 0.506093 -1.21234
0.0496904 -0.00435384 0.341356 0.0181142
0.0488111 -0.00488547 0.34448 0.0185021
0.0776303 -0.0123396 0.546565 -1.12035
0.0571412 -0.00322331 0.376101 0.0223604
0.0600059 -0.0024838 0.380617 0.0228049
0.041441 -0.00576645 0.335338 0.245433
0.0849257 -0.0117308 0.573537 -1.17316
0.041191 -0.00410269 0.289733 0.0130785
0.0397781 -0.000280775 0.229447 0.257435
0.0422516 -0.00160533 0.264893 0.0110426
0.0451122 -0.00575115 0.330557 -0.499155
0.0729055 -0.0120849 0.506093 -1.21234
0.0363106 -0.00131368 0.280326 0.378937
0.0485805 -0.00402744 0.330548 0.0169298
0.0634998 -0.00997632 0.460588 -0.826938
