-0.107445 -0.00661015 -0.564526 -5.68527
-0.107445 -0.00661015 -0.564526 -5.68527
-0.107445 -0.00661015 -0.564526 -5.68527
-0.107445 -0.00661015 -0.564526 -5.68527
-0.107445 -0.00661015 -0.564526 -5.68527
-0.107445 -0.00661015 -0.564526 -5.68527
-0.107445 -0.00661015 -0.564526 -5.68527
-0.107445 -0.00661015 -0.564526 -5.68527
-0.107445 -0.00661015 -0.564526 -5.68527
-0.107445 -0.00661015 -0.564526 -5.68527
-0.107445 -0.00661015 -0.564526 -5.68527
-0.107445 -0.00661015 -0.564526 -5.68527
-0.107445 -0.00661015 -0.564526 -5.68527
8.42038 -0.571739 -71.769 -7.56651
-0.107445 -0.00661015 -0.564526 -5.68527
-0.107445 -0.00661015 -0.564526 -5.68527
-0.107445 -0.00661015 -0.564526 -5.68527
-0.107445 -0.00661015 -0.564526 -5.68527
8.21268 -0.564357 -68.7163 -7.40428
-0.107445 -0.00661015 -0.564526 -5.68527
13.7016 -0.93631 -112.47 -7.31582
-0.107445 -0.00661015 -0.564526 -5.68527
-0.107445 -0.00661015 -0.564526 -5.68527
-0.107445 -0.00661015 -0.564526 -5.68527
-0.107445 -0.00661015 -0.564526 -5.68527
-0.107445 -0.00661015 -0.564526 -5.68527
-0.107445 -0.00661015 -0.564526 -5.68527
-0.107445 -0.00661015 -0.564526 -5.68527
-0.107445 -0.00661015 -0.564526 -5.68527
0.752981 -0.202647 -0.000183719 1.99966
-0.107445 -0.00661015 -0.564526 -5.68527
-0.107445 -0.00661015 -0.564526 -5.68527
-0.107445 -0.00661015 -0.564526 -5.68527
-0.107445 -0.00661015 -0.564526 -5.68527
-0.107445 -0.00661015 -0.564526 -5.68527
-0.107445 -0.00661015 -0.564526 -5.68527
-0.107445 -0.00661015 -0.564526 -5.68527
-0.107445 -0.00661015 -0.564526 -5.68527
12.7577 -0.888379 -102.13 -7.10053
-0.107445 -0.00661015 -0.564526 -5.68527
-0.107445 -0.00661015 -0.564526 -5.68527
-0.107445 -0.00661015 -0.564526 -5.68527
-0.107445 -0.00661015 -0.564526 -5.68527
12.6215 -0.850077 -106.888 -7.5793
-0.107445 -0.00661015 -0.564526 -5.68527
8.67378 -0.593247 -72.805 -7.43832
-0.107445 -0.00661015 -0.564526 -5.68527
-0.107445 -0.00661015 -0.564526 -5.68527
-0.107445 -0.00661015 -0.564526 -5.68527
-0.107445 -0.00661015 -0.564526 -5.68527
-0.107445 -0.00661015 -0.564526 -5.68527
-0.107445 -0.00661015 -0.564526 -5.68527
-0.232737 0.0067231 0.0219384 1.93286
-0.107445 -0.00661015 -0.564526 -5.68527
-0.107445 -0.00661015 -0.564526 -5.68527
-0.107445 -0.00661015 -0.564526 -5.68527
-0.107445 -0.00661015 -0.564526 -5.68527
-0.107445 -0.00661015 -0.564526 -5.68527
-0.107445 -0.00661015 -0.564526 -5.68527
0.396452 -0.126241 -0.00086735 1.99743
-0.107445 -0.00661015 -0.564526 -5.68527
-0.223065 0.00513883 0.016386 1.95097
-0.107445 -0.00661015 -0.564526 -5.68527
-0.107445 -0.00661015 -0.564526 -5.68527
-0.107445 -0.00661015 -0.564526 -5.68527
-0.107445 -0.00661015 -0.564526 -5.68527
-0.107445 -0.00661015 -0.564526 -5.68527
-0.107445 -0.00661015 -0.564526 -5.68527
-0.107445 -0.00661015 -0.564526 -5.68527
-0.222548 0.00509736 0.0159505 1.9551
-0.107445 -0.00661015 -0.564526 -5.68527
-0.107445 -0.00661015 -0.564526 -5.68527
-0.107445 -0.00661015 -0.564526 -5.68527
-0.107445 -0.00661015 -0.564526 -5.68527
-0.107445 -0.00661015 -0.564526 -5.68527
-0.107445 -0.00661015 -0.564526 -5.68527
-0.107445 -0.00661015 -0.564526 -5.68527
-0.107445 -0.00661015 -0.564526 -5.68527
-0.107445 -0.00661015 -0.564526 -5.68527
-0.107445 -0.00661015 -0.564526 -5.68527
-0.107445 -0.00661015 -0.564526 -5.68527
-0.107445 -0.00661015 -0.564526 -5.68527
-0.107445 -0.00661015 -0.564526 -5.68527
-0.107445 -0.00661015 -0.564526 -5.68527
-0.107445 -0.00661015 -0.564526 -5.68527
-0.107445 -0.00661015 -0.564526 -5.68527
-0.107445 -0.00661015 -0.564526 -5.68527
-0.107445 -0.00661015 -0.564526 -5.68527
-0.107445 -0.00661015 -0.564526 -5.68527
8.67378 -0.593247 -72.805 -7.43832
-0.107445 -0.00661015 -0.564526 -5.68527
-0.107445 -0.00661015 -0.564526 -5.68527
-0.107445 -0.00661015 -0.564526 -5.68527
-0.107445 -0.00661015 -0.564526 -5.68527
-0.107445 -0.00661015 -0.564526 -5.68527
-0.107445 -0.00661015 -0.564526 -5.68527
-0.107445 -0.00661015 -0.564526 -5.68527
-5.862 0.525557 32.7345 -5.07212
-0.107445 -0.00661015 -0.564526 -5.68527
-0.107445 -0.00661015 -0.564526 -5.68527
-0.107445 -0.00661015 -0.564526 -5.68527
0.460353 -0.14001 -0.000328906 1.99912
-0.107445 -0.00661015 -0.564526 -5.68527
-0.194019 0.000371399 -0.000790647 3.00305
-0.107445 -0.00661015 -0.564526 -5.68527
-0.107445 -0.00661015 -0.564526 -5.68527
-0.107445 -0.00661015 -0.564526 -5.68527
-0.107445 -0.00661015 -0.564526 -5.68527
8.42038 -0.571739 -71.769 -7.56651
-0.107445 -0.00661015 -0.564526 -5.68527
-0.107445 -0.00661015 -0.564526 -5.68527
-0.107445 -0.00661015 -0.564526 -5.68527
-0.107445 -0.00661015 -0.564526 -5.68527
0.429859 -0.133379 -8.97343e-05 1.99975
-0.107445 -0.00661015 -0.564526 -5.68527
-0.107445 -0.00661015 -0.564526 -5.68527
9.28891 -0.633233 -78.1964 -7.47761
0.293744 -0.116308 0.437116 -2.46458
-0.107445 -0.00661015 -0.564526 -5.68527
-0.107445 -0.00661015 -0.564526 -5.68527
-0.107445 -0.00661015 -0.564526 -5.68527
-0.107445 -0.00661015 -0.564526 -5.68527
-0.107445 -0.00661015 -0.564526 -5.68527
-0.107445 -0.00661015 -0.564526 -5.68527
0.314782 -0.108843 -7.19389e-05 1.99975
-0.107445 -0.00661015 -0.564526 -5.68527
-0.107445 -0.00661015 -0.564526 -5.68527
-0.107445 -0.00661015 -0.564526 -5.68527
-0.107445 -0.00661015 -0.564526 -5.68527
-0.107445 -0.00661015 -0.564526 -5.68527
-0.107445 -0.00661015 -0.564526 -5.68527
-0.107445 -0.00661015 -0.564526 -5.68527
-0.107445 -0.00661015 -0.564526 -5.68527
-0.107445 -0.00661015 -0.564526 -5.68527
-0.107445 -0.00661015 -0.564526 -5.68527
-0.107445 -0.00661015 -0.564526 -5.68527
-0.107445 -0.00661015 -0.564526 -5.68527
-0.107445 -0.00661015 -0.564526 -5.68527
-0.107445 -0.00661015 -0.564526 -5.68527
0.478784 -0.143869 -0.00123509 1.99678
-0.107445 -0.00661015 -0.564526 -5.68527
-0.107445 -0.00661015 -0.564526 -5.68527
-0.107445 -0.00661015 -0.564526 -5.68527
-0.222548 0.00509736 0.0159505 1.9551
-0.22489 0.00545979 0.0169694 1.95148
-0.107445 -0.00661015 -0.564526 -5.68527
-0.107445 -0.00661015 -0.564526 -5.68527
0.471593 -0.134656 -0.174371 -1.21279
-6.18168 0.556581 34.4366 -5.04726
0.467355 -0.143472 0.0913693 3.39717
-0.107445 -0.00661015 -0.564526 -5.68527
-0.107445 -0.00661015 -0.564526 -5.68527
-0.107445 -0.00661015 -0.564526 -5.68527
8.21268 -0.564357 -68.7163 -7.40428
-0.22489 0.00545979 0.0169694 1.95148
-0.107445 -0.00661015 -0.564526 -5.68527
7.95792 -0.547307 -66.7187 -7.41595
-0.107445 -0.00661015 -0.564526 -5.68527
-0.107445 -0.00661015 -0.564526 -5.68527
-0.107445 -0.00661015 -0.564526 -5.68527
-4.75284 0.455069 23.0741 -4.30383
0.467355 -0.143472 0.0913693 3.39717
0.34733 -0.117182 0.0960615 -3.10631
-0.107445 -0.00661015 -0.564526 -5.68527
0.492412 -0.140128 -0.0938299 1.13653
-0.107445 -0.00661015 -0.564526 -5.68527
-0.107445 -0.00661015 -0.564526 -5.68527
-0.107445 -0.00661015 -0.564526 -5.68527
-0.107445 -0.00661015 -0.564526 -5.68527
-0.107445 -0.00661015 -0.564526 -5.68527
-0.194019 0.000371399 -0.000790647 3.00305
-0.107445 -0.00661015 -0.564526 -5.68527
0.148412 -0.0241369 -0.00739593 2.97256
-0.107445 -0.00661015 -0.564526 -5.68527
-0.107445 -0.00661015 -0.564526 -5.68527
-0.330298 0.0799264 -0.169005 -2.32619
-0.22489 0.00545979 0.0169694 1.95148
-0.107445 -0.00661015 -0.564526 -5.68527
0.429859 -0.133379 -8.97343e-05 1.99975
-0.222617 0.0050277 0.0161284 1.9527
0.445272 -0.136787 -0.000104388 1.99971
0.0351877 -0.00779762 0.282214 -1.46521
-0.107445 -0.00661015 -0.564526 -5.68527
-0.232737 0.0067231 0.0219384 1.93286
-0.107445 -0.00661015 -0.564526 -5.68527
-0.491407 0.10174 0.238884 -1.04678
-0.107445 -0.00661015 -0.564526 -5.68527
-4.75284 0.455069 23.0741 -4.30383
0.357161 -0.121639 0.0329619 2.10343
0.445272 -0.136787 -0.000104388 1.99971
-0.107445 -0.00661015 -0.564526 -5.68527
-0.107445 -0.00661015 -0.564526 -5.68527
-0.225979 0.00555327 0.0183302 1.94185
0.153695 -0.0239201 -0.0217218 2.92091
-0.107445 -0.00661015 -0.564526 -5.68527
0.317578 -0.116727 0.294491 -2.81424
-0.524472 0.127387 -0.0998494 3.44083
-0.488816 0.112912 0.000106049 1.99972
4.99312 -0.492004 -26.4771 -4.75918
-8.97725 0.610329 70.8413 -6.9862
-0.194019 0.000371399 -0.000790647 3.00305
7.45961 -0.511778 -62.8325 -7.43885
-0.107445 -0.00661015 -0.564526 -5.68527
-0.232737 0.0067231 0.0219384 1.93286
-8.07216 0.81914 30.9557 -2.71617
-0.225864 0.00563457 0.0172231 1.95358
-0.107445 -0.00661015 -0.564526 -5.68527
-9.63953 0.660057 74.4034 -6.74777
-8.88359 0.602196 69.6932 -6.915
-0.477131 0.111669 -0.0884451 3.45511
0.487271 -0.148265 0.0970075 3.41166
-0.107445 -0.00661015 -0.564526 -5.68527
-0.525424 0.12128 0.00475142 1.98884
-0.494155 0.117181 -0.0955948 3.42845
7.95792 -0.547307 -66.7187 -7.41595
-0.117737 0.000430514 0.000199051 1.99902
0.253577 -0.107362 0.39832 -2.08511
0.460353 -0.14001 -0.000328906 1.99912
8.21268 -0.564357 -68.7163 -7.40428
-0.407114 0.095979 -0.0201919 2.59882
-0.0546415 -0.0701048 1.30624 -2.0976
-0.107445 -0.00661015 -0.564526 -5.68527
14.799 -0.962934 -137.518 -8.69734
8.34961 -0.62637 -70.3731 -8.04329
0.0313334 -0.0181953 0.375368 -0.511517
0.121991 -0.0143452 0.00706664 2.02441
0.21872 -0.0381299 -0.00759085 2.97447
10.8124 -0.688939 -101.117 -8.46657
-9.84925 0.649045 81.083 -7.29408
-0.107445 -0.00661015 -0.564526 -5.68527
6.63966 -0.448975 -58.0112 -7.73484
0.427706 -0.122862 -0.238632 -1.05651
-0.477181 0.110299 -0.090451 3.42479
7.45961 -0.511778 -62.8325 -7.43885
-0.107445 -0.00661015 -0.564526 -5.68527
0.152384 -0.0907715 0.518796 -1.68213
0.0484094 -0.0260497 0.556279 -2.68887
-0.194019 0.000371399 -0.000790647 3.00305
-0.107445 -0.00661015 -0.564526 -5.68527
0.0396653 -0.0137884 0.403717 -3.36632
0.0966878 -0.0637869 0.0139628 2.15266
2.53901 -0.200463 -19.0339 -6.12131
0.220782 -0.0352089 -6.94119e-05 1.9998
0.602756 -0.10335 -0.80588 -0.681803
-4.35151 0.342257 34.4087 -7.22505
-4.59236 0.243411 36.9379 -6.662
-2.45634 0.228517 14.5192 -5.92393
0.590749 -0.167886 0.0931599 3.33237
0.439669 -0.0558849 -0.67911 0.699895
-7.12484 0.737759 25.7437 -2.46043
-0.107445 -0.00661015 -0.564526 -5.68527
-0.222842 0.0570878 -0.252813 -1.56349
-7.82663 0.471122 68.9517 -7.75712
-6.58978 0.584399 37.8871 -5.23078
8.82049 -0.653233 -65.7551 -6.5058
-0.207731 0.0412566 0.0384961 3.47726
