0.0862061 -0.0178265 0.688098 -3.11635
0.0613496 -0.0129473 0.482569 -0.935591
0.038715 -0.00760592 0.318993 0.0153931
0.237144 -0.0917176 0.0480871 3.31027
0.131297 -0.0667746 0.0151581 2.90124
0.0839311 -0.0111791 0.546668 -1.29453
0.0708654 -0.0151777 0.532688 -1.34555
0.0919526 -0.0167181 0.669548 -2.15144
0.0661158 -0.00639117 0.41164 -0.463254
0.0791394 -0.0144687 0.548467 -1.2276
0.0765735 -0.0117827 0.519659 -1.2409
-0.190069 -0.000927891 0.00161877 2.9878
-0.195221 -0.00939264 0.318274 0.318403
0.0460551 -0.00470666 0.324155 0.0162606
0.0782073 -0.0145588 0.558969 -1.39121
0.0515324 -0.00224981 0.329361 0.0171685
0.0583284 -0.0131162 0.459653 -0.749978
0.0444436 -0.00909321 0.383353 -0.308928
0.0512594 -0.0142508 0.449645 -0.88196
0.0617016 -0.0138414 0.523267 -1.00224
0.0458574 -0.00393449 0.317961 0.254768
0.0815822 -0.014133 0.569684 -1.39719
0.0644167 -0.0156306 0.492478 -1.10199
0.0729055 -0.0120849 0.506093 -1.21234
0.0876286 -0.0171557 0.673087 -2.38941
0.0692451 -0.0123874 0.492473 -1.18243
0.0634998 -0.00997632 0.460588 -0.826938
0.0582911 -0.0142443 0.511654 -0.983478
7.37866 -0.570805 -58.2206 -7.66566
0.0659181 -0.0121637 0.473407 -0.658814
0.0888108 -0.017548 0.6765 -2.02857
0.0876467 -0.0143697 0.597113 -1.53099
0.0413487 -0.00755011 0.331647 0.016528
0.0497331 -0.0108274 0.386236 -0.452221
0.0382908 -0.00870576 0.326597 0.0157292
0.0790685 -0.0150967 0.594243 -2.14739
0.0839688 -0.0188569 0.726744 -3.77632
0.0718616 -0.0119426 0.511274 -1.89923
0.0350714 -0.00914261 0.329659 -0.34946
0.0448029 -0.00547678 0.332679 -0.309978
0.0616895 -0.00677487 0.401176 -0.521168
0.0725736 -0.0122786 0.517476 -1.40315
0.0560456 -0.00789668 0.411463 -0.289993
0.0579258 -0.0100367 0.4044 -0.405879
0.0625949 -0.0103982 0.4503 -0.421086
0.0528648 -0.00828161 0.399575 -0.262741
0.066843 -0.00954606 0.471632 -0.845497
0.0602943 -0.00784691 0.424813 -0.409089
0.0507356 -0.00969402 0.363125 -0.58231
0.0371778 -0.00837739 0.315745 0.0146649
0.0334258 -0.00810109 0.292163 0.012578
0.0566668 -0.0107834 0.437329 -0.779151
0.0686288 -0.0145624 0.51694 -1.71077
0.0511095 -0.00790703 0.370408 -0.460187
0.0419616 -0.0115918 0.364672 -0.489362
0.0476001 -0.00828368 0.359961 -0.437061
0.0581568 -0.00715288 0.391004 -0.502112
0.0581568 -0.00715288 0.391004 -0.502112
0.0827196 -0.0150707 0.634971 -2.52185
0.043955 -0.00428676 0.310172 0.0151145
0.0603699 -0.0097144 0.417358 -0.513449
0.0435298 -0.00538597 0.317765 0.0155435
0.0458803 -0.00620336 0.368127 -0.314954
0.0546294 -0.00753021 0.380753 -0.481831
0.0560283 -0.0130482 0.456538 -1.22251
0.0441056 -0.00866055 0.349395 -0.412294
0.0426991 -0.0115642 0.364824 -0.403603
0.0806337 -0.0178352 0.64233 -2.34975
0.0575533 -0.00736637 0.391528 -0.895962
0.0473595 -0.00307573 0.313434 0.0154527
0.0513669 -0.0107694 0.404591 -1.00804
0.0437189 -0.00342507 0.296159 0.0137067
0.066843 -0.00954606 0.471632 -0.845497
0.066843 -0.00954606 0.471632 -0.845497
0.0782073 -0.0145588 0.558969 -1.39121
0.0646052 -0.012476 0.492623 -0.945732
0.0710414 -0.0116361 0.49352 -1.58898
0.0511095 -0.00790703 0.370408 -0.460187
0.0655914 -0.0126899 0.478779 -1.15092
0.0566668 -0.0107834 0.437329 -0.779151
0.0672154 -0.0154895 0.519495 -1.32134
0.0644167 -0.0156306 0.492478 -1.10199
0.0386338 -0.0101899 0.346853 0.0173974
0.0640725 -0.00973048 0.448582 -0.665175
0.0634998 -0.00997632 0.460588 -0.826938
0.0789107 -0.0114332 0.542298 -1.43085
0.0531412 -0.011123 0.423675 -0.739978
0.0745299 -0.0148676 0.545847 -1.36882
0.0634998 -0.00997632 0.460588 -0.826938
0.0686043 -0.00830547 0.448514 -0.916662
0.0515324 -0.00224981 0.329361 0.0171685
0.0555291 -0.00748152 0.379194 -0.392002
0.0682672 -0.0118315 0.492893 -0.804897
0.0646052 -0.012476 0.492623 -0.945732
0.0702602 -0.0129521 0.520202 -1.06641
0.0619416 -0.0104519 0.450136 -0.491311
0.0653347 -0.0149758 0.506321 -1.71472
0.0454693 -0.0112066 0.374772 -0.509352
0.0334258 -0.00810109 0.292163 0.012578
0.0581548 -0.00799656 0.423685 -0.811228
0.0456357 -0.00574962 0.333083 -0.417043
0.0718616 -0.0119426 0.511274 -1.89923
0.0267433 -0.00559056 0.240821 0.301746
0.0507356 -0.00969402 0.363125 -0.58231
0.0448339 -0.00375473 0.307038 0.0147156
0.0546294 -0.00753021 0.380753 -0.481831
0.0698664 -0.00917113 0.468296 -1.68832
0.0645366 -0.0125888 0.482821 -1.84454
0.0488111 -0.00488547 0.34448 0.0185021
0.0465392 -0.00796613 0.359336 -0.331772
0.0568168 -0.0100867 0.407098 -0.494403
0.0566668 -0.0107834 0.437329 -0.779151
0.0406319 -0.00903814 0.338689 -0.385694
0.0334258 -0.00810109 0.292163 0.012578
0.0317754 -0.00824598 0.282582 0.0116219
0.0448029 -0.00547678 0.332679 -0.309978
0.0682127 -0.0122704 0.49729 -1.87465
0.0600635 -0.00722831 0.416379 -1.12866
0.0419616 -0.0115918 0.364672 -0.489362
0.0682127 -0.0122704 0.49729 -1.87465
0.0575533 -0.00736637 0.391528 -0.895962
0.0682127 -0.0122704 0.49729 -1.87465
0.0682127 -0.0122704 0.49729 -1.87465
0.0469686 -0.0082513 0.357111 -0.510127
0.0655914 -0.0126899 0.478779 -1.15092
0.0567191 -0.0126449 0.438863 -0.993104
0.0435298 -0.00538597 0.317765 0.0155435
0.0429032 -0.00657143 0.354343 -0.27455
0.0454693 -0.0112066 0.374772 -0.509352
0.0419616 -0.0115918 0.364672 -0.489362
0.0502221 -0.0135528 0.41665 -0.95721
0.0423063 -0.00443252 0.300616 0.0141132
0.0594342 -0.0103299 0.435076 -1.11586
0.0448339 -0.00375473 0.307038 0.0147156
0.0419616 -0.0115918 0.364672 -0.489362
0.0448029 -0.00547678 0.332679 -0.309978
0.0686043 -0.00830547 0.448514 -0.916662
0.0485805 -0.00402744 0.330548 0.0169298
0.056714 -0.00820974 0.414361 -0.387761
0.0655914 -0.0126899 0.478779 -1.15092
0.0692451 -0.0123874 0.492473 -1.18243
0.0511095 -0.00790703 0.370408 -0.460187
0.0435298 -0.00538597 0.317765 0.0155435
0.0511095 -0.00790703 0.370408 -0.460187
0.0414135 -0.00951472 0.371702 -0.282082
0.0395925 -0.00707304 0.315839 0.0151281
0.038715 -0.00760592 0.318993 0.0153931
0.0603699 -0.0097144 0.417358 -0.513449
0.0575533 -0.00736637 0.391528 -0.895962
0.0477912 -0.00505701 0.34467 -0.341252
0.036592 -0.0061817 0.311493 -0.33913
0.049103 -0.00535446 0.343214 -0.439898
0.0650356 -0.00904217 0.451346 -1.10467
0.0473595 -0.00307573 0.313434 0.0154527
0.0718616 -0.0119426 0.511274 -1.89923
0.0566668 -0.0107834 0.437329 -0.779151
0.0531522 -0.00857342 0.403802 -0.365202
0.0435298 -0.00538597 0.317765 0.0155435
0.0655914 -0.0126899 0.478779 -1.15092
0.0511095 -0.00790703 0.370408 -0.460187
0.0359523 -0.00742265 0.29857 0.0133315
0.0735204 -0.01847 0.610122 -2.2961
0.0426991 -0.0115642 0.364824 -0.403603
0.0511095 -0.00790703 0.370408 -0.460187
0.0437189 -0.00342507 0.296159 0.0137067
0.069327 -0.0126858 0.505968 -1.39483
0.0406319 -0.00903814 0.338689 -0.385694
0.0448029 -0.00547678 0.332679 -0.309978
0.0510717 -0.00605864 0.378249 -0.349955
0.0560663 -0.00460108 0.364271 -0.488096
0.0464824 -0.00360875 0.316589 0.015706
0.0589471 -0.00965054 0.41482 -0.859961
0.0388048 -0.00127802 0.252764 0.301996
0.0547944 -0.0104095 0.418174 -1.0451
0.0435298 -0.00538597 0.317765 0.0155435
0.0476001 -0.00828368 0.359961 -0.437061
0.0645366 -0.0125888 0.482821 -1.84454
0.036592 -0.0061817 0.311493 -0.33913
0.0419616 -0.0115918 0.364672 -0.489362
0.0423063 -0.00443252 0.300616 0.0141132
0.0383108 -0.00328991 0.262917 0.010822
0.0521125 -0.00673104 0.345844 -0.588583
0.0443696 -0.0114147 0.375612 -0.91413
0.0371912 -0.00295745 0.251976 0.00992659
0.0521125 -0.00673104 0.345844 -0.588583
0.0422516 -0.00160533 0.264893 0.0110426
0.0521125 -0.00673104 0.345844 -0.588583
0.0374333 -0.00382276 0.266074 0.0111446
0.0448029 -0.00547678 0.332679 -0.309978
0.0370117 -0.00492453 0.273713 0.0115138
0.0521125 -0.00673104 0.345844 -0.588583
0.0423063 -0.00443252 0.300616 0.0141132
0.036592 -0.0061817 0.311493 -0.33913
0.0294164 -0.00504713 0.25109 0.268323
0.0518409 -0.0130015 0.423299 -1.41921
0.0511095 -0.00790703 0.370408 -0.460187
0.0397215 -0.00228141 0.258435 0.0104972
0.0462729 -0.00259524 0.317514 -0.317712
0.0443696 -0.0114147 0.375612 -0.91413
0.0395403 -0.00424744 0.28015 0.0121453
0.0397215 -0.00228141 0.258435 0.0104972
0.0339947 0.000783799 0.218328 0.394561
0.0605554 -0.00944775 0.43733 -1.5746
0.0370117 -0.00492453 0.273713 0.0115138
0.0581568 -0.00715288 0.391004 -0.502112
0.0511095 -0.00790703 0.370408 -0.460187
0.069327 -0.0126858 0.505968 -1.39483
0.0460551 -0.00470666 0.324155 0.0162606
0.0567191 -0.0126449 0.438863 -0.993104
0.0441056 -0.00866055 0.349395 -0.412294
0.0373632 -0.0064142 0.29409 0.0130613
0.046246 -0.002747 0.302575 0.0143657
0.0421849 -0.00614507 0.322827 -0.392401
0.049103 -0.00535446 0.343214 -0.439898
0.0383993 -0.00829433 0.304225 -0.495507
0.0486726 -0.00712901 0.335777 -0.569322
0.0477912 -0.00505701 0.34467 -0.341252
0.0546294 -0.00753021 0.380753 -0.481831
0.0650356 -0.00904217 0.451346 -1.10467
0.041191 -0.00410269 0.289733 0.0130785
0.0424918 -0.00246934 0.278962 0.012344
0.0547944 -0.0104095 0.418174 -1.0451
0.0547944 -0.0104095 0.418174 -1.0451
0.0645366 -0.0125888 0.482821 -1.84454
0.0566668 -0.0107834 0.437329 -0.779151
0.047507 -0.00867372 0.394844 -0.334094
0.0437637 -0.00624617 0.331745 0.0169664
0.056714 -0.00820974 0.414361 -0.387761
0.0477912 -0.00505701 0.34467 -0.341252
0.0525809 -0.00495882 0.353232 -0.461116
0.0493372 -0.013839 0.430322 -1.16421
0.0575533 -0.00736637 0.391528 -0.895962
0.046246 -0.002747 0.302575 0.0143657
0.0477014 -0.00455907 0.333673 0.0173252
0.048773 -0.00206887 0.30899 0.0149999
0.0448339 -0.00375473 0.307038 0.0147156
0.0385701 -0.00185473 0.267075 0.439168
0.0509321 -0.00864631 0.397915 -0.740203
0.0511095 -0.00790703 0.370408 -0.460187
0.0594342 -0.0103299 0.435076 -1.11586
0.0655914 -0.0126899 0.478779 -1.15092
0.0806337 -0.0178352 0.64233 -2.34975
0.0806337 -0.0178352 0.64233 -2.34975
0.0634998 -0.00997632 0.460588 -0.826938
0.0830159 -0.00888902 0.534417 -1.02822
0.0787164 -0.00884939 0.529834 -0.721031
0.0659181 -0.0121637 0.473407 -0.658814
0.0719002 -0.00667395 0.453805 -0.390206
0.0511095 -0.00790703 0.370408 -0.460187
0.049103 -0.00535446 0.343214 -0.439898
0.0439039 -0.00146157 0.274498 0.0119255
0.0575533 -0.00736637 0.391528 -0.895962
0.0502257 -0.00387911 0.340049 0.0180413
0.0418209 -0.00144651 0.276813 0.408733
0.0634998 -0.00997632 0.460588 -0.826938
0.0485805 -0.00402744 0.330548 0.0169298
