0.03699 -0.0148969 0.370901 -0.461871
0.0349386 -0.0159916 0.393781 -0.42208
0.02672 -0.00960132 0.269735 0.0101245
-0.598658 0.0504312 0.798242 -0.028347
-2.59252 0.202421 11.6316 -3.20523
0.0410043 -0.00606509 0.311371 0.0148148
0.0320157 -0.00911011 0.296656 0.0127778
0.0462079 -0.0111961 0.375607 -0.428801
0.0440155 -0.0122993 0.399462 -0.396512
0.0454693 -0.0112066 0.374772 -0.509352
0.0544842 -0.0152925 0.44891 -0.917442
-1.46301 0.177067 3.15562 -1.23035
2.32425 -0.168916 -15.3721 -5.14665
0.0434402 -0.0143549 0.391959 -0.897238
0.0215336 -0.00544689 0.24789 0.523187
0.0302862 -0.00462705 0.241853 0.387089
0.0254251 -0.0112386 0.280586 0.0104483
0.0245494 -0.0117724 0.283767 0.0105716
0.0299799 -0.0156497 0.349903 -0.414112
-4.65925 0.279933 42.2198 -7.91588
0.0692434 -0.0244387 0.669973 -2.61305
0.0357668 -0.00938587 0.320225 0.014898
0.0453189 -0.0173205 0.4356 -1.11745
0.0468694 -0.0139686 0.404622 -0.930441
0.0312185 -0.00746818 0.271396 0.248156
0.0308989 -0.00877932 0.285752 0.0118171
0.0346528 -0.00905687 0.309359 0.0138627
0.0273166 -0.0119584 0.304255 0.0124967
4.08083 -0.358443 -30.0978 -7.41708
0.0321275 -0.00973608 0.302968 0.0130521
0.0475788 -0.0137655 0.401632 -0.522585
0.0489817 -0.0108215 0.384817 -0.528219
0.0309965 -0.0127404 0.330993 -0.500667
0.0150744 -0.0100009 0.258724 0.341191
0.0236738 -0.0123064 0.286952 0.0106851
0.0300225 -0.0093129 0.288925 0.0120028
0.0380026 -0.0137217 0.346295 -0.590195
0.0408616 -0.0117511 0.362143 -0.872325
0.0396195 -0.0171089 0.404072 -1.45765
0.0390597 -0.0149263 0.389103 -1.05049
0.0526954 -0.013449 0.443564 -1.19504
0.0419616 -0.0115918 0.364672 -0.489362
0.0419616 -0.0115918 0.364672 -0.489362
0.0303745 -0.0108031 0.309308 0.0134185
0.0360023 -0.0102471 0.334231 0.016192
0.036951 -0.0130476 0.378701 -0.351336
0.0357668 -0.00938587 0.320225 0.014898
0.0360023 -0.0102471 0.334231 0.016192
0.0214905 -0.012927 0.278696 0.00964705
0.0148544 -0.00933645 0.220587 0.42639
0.0152944 -0.0120351 0.251448 0.267035
0.0272529 -0.00912528 0.268404 0.010153
0.0258442 -0.0101351 0.272915 0.0102708
0.0368334 -0.0119353 0.346061 -0.802401
0.0319805 -0.0155413 0.359598 -0.949177
0.0256002 -0.00926871 0.258789 0.00926612
0.0598765 -0.018405 0.521096 -1.85859
0.0443696 -0.0114147 0.375612 -0.91413
0.0350714 -0.00914261 0.329659 -0.34946
0.0268946 -0.00763107 0.24793 0.00890139
0.0477477 -0.0165243 0.441591 -1.09683
0.0315201 -0.0127391 0.333519 -0.418554
0.0349906 -0.0123441 0.343636 -0.441305
0.0292479 -0.00892376 0.27616 0.0108772
0.0228981 -0.0119166 0.274171 0.00962824
0.0319805 -0.0155413 0.359598 -0.949177
0.0148544 -0.00933645 0.220587 0.42639
0.0306894 -0.0124664 0.333103 -0.311431
0.0464728 -0.0164434 0.437923 -1.57731
0.0403579 -0.0108612 0.332273 -0.519366
0.0300645 -0.0120178 0.300194 -0.438285
0.0368334 -0.0119353 0.346061 -0.802401
0.0666636 -0.0192044 0.578183 -2.23768
0.0426991 -0.0115642 0.364824 -0.403603
0.0537789 -0.0159896 0.480046 -1.35282
0.0405132 -0.0145204 0.381234 -0.483429
0.033681 -0.0120472 0.345092 -0.342674
0.0254251 -0.0112386 0.280586 0.0104483
0.0296019 -0.0104151 0.296573 0.0122338
0.0306894 -0.0124664 0.333103 -0.311431
0.0299799 -0.0156497 0.349903 -0.414112
0.0247915 -0.0126377 0.297868 0.0116066
0.0231415 -0.0127826 0.288288 0.0106117
0.0477477 -0.0165243 0.441591 -1.09683
0.044043 -0.0141433 0.391475 -0.503626
0.0598921 -0.0160865 0.492182 -1.26419
0.0281927 -0.0114246 0.301078 0.012352
0.0405132 -0.0145204 0.381234 -0.483429
0.0334258 -0.00810109 0.292163 0.012578
0.0334258 -0.00810109 0.292163 0.012578
0.0350714 -0.00914261 0.329659 -0.34946
0.0274956 -0.00999112 0.282514 0.0112094
0.0367015 -0.0116271 0.35685 -0.371365
0.0281927 -0.0114246 0.301078 0.012352
0.0477477 -0.0165243 0.441591 -1.09683
0.0319435 -0.0117002 0.324642 0.0144907
0.0195059 -0.0118478 0.259599 0.241238
0.0194956 -0.0131286 0.270942 0.00887044
0.0276866 -0.0149137 0.315918 -0.528337
0.0521036 -0.0164786 0.454092 -1.65321
0.0345596 -0.0141193 0.336241 -0.571039
0.0285482 -0.00748835 0.257558 0.00975283
0.0276866 -0.0149137 0.315918 -0.528337
0.0230712 -0.00994551 0.252347 0.00853553
0.0296678 -0.00782093 0.268501 0.0106333
0.0229245 -0.00575976 0.228677 0.35565
0.0321607 -0.00958459 0.317905 -0.319019
0.0247245 -0.0098025 0.261971 0.00940595
0.033681 -0.0120472 0.345092 -0.342674
0.0228981 -0.0119166 0.274171 0.00962824
0.0390597 -0.0149263 0.389103 -1.05049
0.0256002 -0.00926871 0.258789 0.00926612
0.0183697 -0.0122684 0.25519 0.00801043
0.0180707 -0.0113783 0.240819 0.0071884
0.0194956 -0.0131286 0.270942 0.00887044
0.0258442 -0.0101351 0.272915 0.0102708
0.0296976 -0.0102668 0.307594 -0.404276
0.0408616 -0.0117511 0.362143 -0.872325
0.0137441 -0.00701983 0.196258 0.492186
0.0464728 -0.0164434 0.437923 -1.57731
0.0283035 -0.00662149 0.243423 0.00872762
0.0449404 -0.013895 0.400062 -1.55109
0.0368334 -0.0119353 0.346061 -0.802401
0.0280145 -0.0116955 0.297246 -0.508677
0.0283717 -0.00945732 0.279336 0.0110481
0.0112149 -0.0082773 0.204769 0.62067
0.0280666 -0.0131343 0.323275 -0.394009
0.0254251 -0.0112386 0.280586 0.0104483
0.0268447 -0.0156438 0.346585 -0.878775
0.0118267 -0.0098568 0.212742 0.450392
0.0207881 -0.0114899 0.260059 0.00868952
0.02672 -0.00960132 0.269735 0.0101245
0.0361383 -0.0120519 0.351586 -0.975985
0.0285482 -0.00748835 0.257558 0.00975283
0.0206043 -0.0107098 0.247437 0.00796707
0.0334797 -0.0116334 0.31107 -0.46785
0.0502221 -0.0135528 0.41665 -0.95721
0.0334258 -0.00810109 0.292163 0.012578
0.0367015 -0.0116271 0.35685 -0.371365
0.0349906 -0.0123441 0.343636 -0.441305
0.0349906 -0.0123441 0.343636 -0.441305
0.0328462 -0.0152408 0.357617 -0.51193
0.0211463 -0.00848381 0.240447 0.353233
0.0306894 -0.0124664 0.333103 -0.311431
0.0203707 -0.0125944 0.26775 0.00879816
0.0232819 -0.00985867 0.24109 0.267025
0.0280666 -0.0131343 0.323275 -0.394009
0.0349906 -0.0123441 0.343636 -0.441305
0.0276159 -0.0093738 0.272965 -0.405448
0.0300962 -0.00890647 0.281855 -0.534611
0.0207681 -0.00871656 0.225202 0.00692622
0.0233016 -0.00804657 0.231802 0.00759945
0.0459482 -0.014216 0.416806 -1.12978
0.0321607 -0.00958459 0.317905 -0.319019
0.029781 -0.00844784 0.274832 0.0108918
0.019869 -0.00620183 0.218638 0.393402
0.0272529 -0.00912528 0.268404 0.010153
0.0270758 -0.0110939 0.290172 0.0114073
0.0270758 -0.0110939 0.290172 0.0114073
0.0143208 -0.00790835 0.21618 0.57328
0.0105374 -0.0100074 0.217165 0.357834
0.0220227 -0.0124506 0.277357 0.00972631
0.0049676 -0.00669586 0.184473 0.592792
0.0256002 -0.00926871 0.258789 0.00926612
0.0258442 -0.0101351 0.272915 0.0102708
0.0281289 -0.00859169 0.265226 0.00998844
0.0224772 -0.0131714 0.311931 -0.340753
0.022115 -0.00754023 0.219424 0.297676
0.0285482 -0.00748835 0.257558 0.00975283
0.0308989 -0.00877932 0.285752 0.0118171
0.0281289 -0.00859169 0.265226 0.00998844
0.0315201 -0.0127391 0.333519 -0.418554
0.043166 -0.01684 0.423263 -1.53925
0.0207881 -0.0114899 0.260059 0.00868952
0.0244418 -0.00839358 0.242974 0.00838665
0.0230712 -0.00994551 0.252347 0.00853553
0.0228981 -0.0119166 0.274171 0.00962824
0.0196573 -0.0136478 0.300733 -0.313247
0.0276866 -0.0149137 0.315918 -0.528337
0.043166 -0.01684 0.423263 -1.53925
0.0236008 -0.00893646 0.246171 0.00850217
0.0268946 -0.00763107 0.24793 0.00890139
0.0244356 -0.0129254 0.314712 -0.844377
0.0230712 -0.00994551 0.252347 0.00853553
0.0327997 -0.0115889 0.30829 -0.554716
0.0258352 -0.00737618 0.238397 0.00826651
0.0276159 -0.0093738 0.272965 -0.405448
0.0219082 -0.0090634 0.236372 0.00767946
0.0244418 -0.00839358 0.242974 0.00838665
0.0197633 -0.0112521 0.250627 0.00803243
0.0247245 -0.0098025 0.261971 0.00940595
0.0256002 -0.00926871 0.258789 0.00926612
0.0183697 -0.0122684 0.25519 0.00801043
0.0105374 -0.0100074 0.217165 0.357834
0.0327957 -0.00793843 0.0975177 1.122
0.0256002 -0.00926871 0.258789 0.00926612
0.0224607 -0.00858911 0.234995 0.00770898
0.0283035 -0.00662149 0.243423 0.00872762
0.0111344 -0.00757312 0.188863 0.504153
0.0236008 -0.00893646 0.246171 0.00850217
0.0233016 -0.00804657 0.231802 0.00759945
0.0276159 -0.0093738 0.272965 -0.405448
0.0258352 -0.00737618 0.238397 0.00826651
0.0190753 -0.00884446 0.215414 0.00617743
0.0308989 -0.00877932 0.285752 0.0118171
0.0258442 -0.0101351 0.272915 0.0102708
0.0349906 -0.0123441 0.343636 -0.441305
0.0283717 -0.00945732 0.279336 0.0110481
0.0227561 -0.0117048 0.288245 -0.355361
0.0276866 -0.0149137 0.315918 -0.528337
0.0372475 -0.0177597 0.405118 -1.0097
0.02672 -0.00960132 0.269735 0.0101245
0.0216089 -0.00817455 0.222015 0.00683166
0.0308427 -0.00893767 0.283395 -0.433001
0.0202319 -0.0102394 0.252568 -0.469057
0.0186569 -0.0059724 0.188511 0.368812
0.0268946 -0.00763107 0.24793 0.00890139
0.0368334 -0.0119353 0.346061 -0.802401
0.029781 -0.00844784 0.274832 0.0108918
0.0233163 -0.0108126 0.26649 0.0094848
0.0256002 -0.00926871 0.258789 0.00926612
0.0276866 -0.0149137 0.315918 -0.528337
0.020134 -0.00829425 0.208572 0.335933
0.0137441 -0.00701983 0.196258 0.492186
0.0254251 -0.0112386 0.280586 0.0104483
0.0232819 -0.00985867 0.24109 0.267025
0.0283717 -0.00945732 0.279336 0.0110481
0.0443696 -0.0114147 0.375612 -0.91413
0.0249943 -0.00791904 0.241594 0.00840137
0.0283035 -0.00662149 0.243423 0.00872762
0.0158667 -0.00831549 0.196892 0.399631
0.0319931 -0.0124187 0.343043 -0.950575
0.0285482 -0.00748835 0.257558 0.00975283
0.0256519 -0.00726694 0.229787 0.256167
0.0294243 -0.00695472 0.254382 0.0095658
0.0247245 -0.0098025 0.261971 0.00940595
0.0260187 -0.00816489 0.251112 0.00906391
0.020134 -0.00829425 0.208572 0.335933
0.0233163 -0.0108126 0.26649 0.0094848
0.0230712 -0.00994551 0.252347 0.00853553
0.0230712 -0.00994551 0.252347 0.00853553
0.0372475 -0.0177597 0.405118 -1.0097
0.028788 -0.0135612 0.354786 -0.276005
0.0104352 -0.00449556 0.183537 0.818468
0.0684153 -0.0180893 0.555122 -1.44834
0.0672154 -0.0154895 0.519495 -1.32134
0.0344665 -0.0110195 0.331002 0.0153876
0.0624662 -0.0187744 0.520193 -1.24238
0.043166 -0.01684 0.423263 -1.53925
0.0280145 -0.0116955 0.297246 -0.508677
0.0249943 -0.00791904 0.241594 0.00840137
0.0280145 -0.0116955 0.297246 -0.508677
0.0294894 -0.00978868 0.290252 0.0119786
0.0215449 -0.00903035 0.24278 0.27015
0.0274956 -0.00999112 0.282514 0.0112094
0.0334772 -0.0152732 0.360463 -0.438819
