0.0601713 -0.016238 0.497995 -1.43898
0.0373632 -0.0064142 0.29409 0.0130613
0.0426991 -0.0115642 0.364824 -0.403603
0.736405 -0.142333 -0.979161 0.481987
-3.0023 0.221358 14.0205 -3.25315
0.0531522 -0.00857342 0.403802 -0.365202
0.0583284 -0.0131162 0.459653 -0.749978
0.070509 -0.0153076 0.541988 -1.5264
0.0779969 -0.0184935 0.630156 -1.94865
0.0566668 -0.0107834 0.437329 -0.779151
0.0708654 -0.0151777 0.532688 -1.34555
-0.107445 -0.00661015 -0.564526 -5.68527
-0.228396 0.00600268 0.0193731 1.93304
0.0210736 -0.00118665 0.219481 0.782121
0.0476001 -0.00828368 0.359961 -0.437061
0.0682127 -0.0122704 0.49729 -1.87465
0.0368293 -0.00688974 0.295411 0.0130877
0.0426991 -0.0115642 0.364824 -0.403603
0.0333557 -0.0102732 0.351328 -0.311953
0.187849 -0.0513565 0.356889 -1.0428
-6.8974 0.461363 54.6154 -6.80095
0.0708654 -0.0151777 0.532688 -1.34555
0.0326727 -0.00530919 0.275524 0.379725
0.0598852 -0.012163 0.449229 -1.00414
0.0444436 -0.00909321 0.383353 -0.308928
0.0489817 -0.0108215 0.384817 -0.528219
0.0444436 -0.00909321 0.383353 -0.308928
0.240829 -0.0372958 -0.00479228 2.96891
0.640634 -0.0793656 -0.875638 -0.494426
0.0568168 -0.0100867 0.407098 -0.494403
0.0616732 -0.0126976 0.470915 -0.770259
0.0485805 -0.00402744 0.330548 0.0169298
0.0367015 -0.0116271 0.35685 -0.371365
0.0371778 -0.00837739 0.315745 0.0146649
0.0354186 -0.00789824 0.299893 0.0133432
0.0410043 -0.00606509 0.311371 0.0148148
0.0645366 -0.0125888 0.482821 -1.84454
0.0560283 -0.0130482 0.456538 -1.22251
0.0535767 -0.0135252 0.436234 -1.71704
0.0347241 -0.00646618 0.28136 0.0120494
0.0532705 -0.0104576 0.396727 -0.474037
0.077051 -0.0181326 0.625272 -2.31726
0.0583284 -0.0131162 0.459653 -0.749978
0.0385249 -0.00956611 0.340582 0.017076
0.0526172 -0.00861376 0.402991 -0.43834
0.223092 -0.0332799 0.0816949 -0.242921
0.0531522 -0.00857342 0.403802 -0.365202
0.254992 -0.0376281 0.0625611 -0.308362
0.0493372 -0.013839 0.430322 -1.16421
0.0233662 -0.00400892 0.217489 0.601069
0.0317754 -0.00824598 0.282582 0.0116219
0.0560283 -0.0130482 0.456538 -1.22251
0.0560283 -0.0130482 0.456538 -1.22251
0.0368293 -0.00688974 0.295411 0.0130877
0.0319537 -0.00627818 0.260829 0.0102227
0.0343025 -0.00756797 0.288999 0.0123586
0.0547944 -0.0104095 0.418174 -1.0451
0.0547944 -0.0104095 0.418174 -1.0451
0.0441056 -0.00866055 0.349395 -0.412294
0.0625308 -0.0155671 0.499231 -1.74809
0.0465392 -0.00796613 0.359336 -0.331772
0.0384785 -0.00674398 0.304973 0.0140773
0.0380919 -0.00634539 0.287214 0.272269
0.0476001 -0.00828368 0.359961 -0.437061
0.04595 -0.0130339 0.36948 -0.55419
0.0332425 -0.0100657 0.313848 0.014058
0.0509125 -0.0160266 0.451683 -1.105
0.0560283 -0.0130482 0.456538 -1.22251
0.0476001 -0.00828368 0.359961 -0.437061
0.0476001 -0.00828368 0.359961 -0.437061
0.0347241 -0.00646618 0.28136 0.0120494
0.0406319 -0.00903814 0.338689 -0.385694
0.077051 -0.0181326 0.625272 -2.31726
0.0532705 -0.0104576 0.396727 -0.474037
0.0532705 -0.0104576 0.396727 -0.474037
0.0414135 -0.00951472 0.371702 -0.282082
0.03989 -0.00573588 0.300501 0.0137686
0.0462079 -0.0111961 0.375607 -0.428801
0.03989 -0.00573588 0.300501 0.0137686
0.0653347 -0.0149758 0.506321 -1.71472
0.0360023 -0.0102471 0.334231 0.016192
0.0714605 -0.0214906 0.641242 -2.46531
0.0612322 -0.0187653 0.530357 -1.41478
0.0655914 -0.0126899 0.478779 -1.15092
0.0473595 -0.00307573 0.313434 0.0154527
0.0745299 -0.0148676 0.545847 -1.36882
0.0444436 -0.00909321 0.383353 -0.308928
0.0531412 -0.011123 0.423675 -0.739978
0.0531412 -0.011123 0.423675 -0.739978
0.0532705 -0.0104576 0.396727 -0.474037
0.0448029 -0.00547678 0.332679 -0.309978
0.0462079 -0.0111961 0.375607 -0.428801
0.0335338 -0.00365921 0.287649 0.40478
0.0412395 -0.00692617 0.325372 0.0161839
0.051156 -0.0115587 0.419924 -0.437333
0.070509 -0.0153076 0.541988 -1.5264
0.0557747 -0.0161654 0.468876 -1.69059
0.0598765 -0.018405 0.521096 -1.85859
0.0250086 -0.00638762 0.262752 0.351441
0.0476001 -0.00828368 0.359961 -0.437061
0.0441056 -0.00866055 0.349395 -0.412294
0.0395403 -0.00424744 0.28015 0.0121453
0.0443511 -0.0117159 0.385447 -1.127
0.0350714 -0.00914261 0.329659 -0.34946
0.0361347 -0.00545752 0.276875 0.0117742
0.0441056 -0.00866055 0.349395 -0.412294
0.0667085 -0.0154198 0.530537 -2.09363
0.0419616 -0.0115918 0.364672 -0.489362
0.0476001 -0.00828368 0.359961 -0.437061
0.0572857 -0.0127582 0.425356 -1.23544
0.0462079 -0.0111961 0.375607 -0.428801
0.0384785 -0.00674398 0.304973 0.0140773
0.033681 -0.0120472 0.345092 -0.342674
0.0408616 -0.0117511 0.362143 -0.872325
0.0321275 -0.00973608 0.302968 0.0130521
0.0625308 -0.0155671 0.499231 -1.74809
0.0547944 -0.0104095 0.418174 -1.0451
0.038663 -0.00478018 0.283305 0.0124324
0.0330727 -0.00661028 0.271763 0.0111275
0.0347241 -0.00646618 0.28136 0.0120494
0.0513669 -0.0107694 0.404591 -1.00804
0.0344829 -0.00560145 0.267273 0.0108722
0.0478464 -0.0110662 0.38895 -0.953043
0.0319537 -0.00627818 0.260829 0.0102227
0.0735204 -0.01847 0.610122 -2.2961
0.0348361 -0.0070923 0.287675 0.0123458
0.0359523 -0.00742265 0.29857 0.0133315
0.0440155 -0.0122993 0.399462 -0.396512
0.0321607 -0.00958459 0.317905 -0.319019
0.0459482 -0.014216 0.416806 -1.12978
0.0468694 -0.0139686 0.404622 -0.930441
0.0535021 -0.01311 0.428041 -0.977826
0.0395403 -0.00424744 0.28015 0.0121453
0.0441056 -0.00866055 0.349395 -0.412294
0.0350714 -0.00914261 0.329659 -0.34946
0.0350753 -0.00795582 0.301733 0.0135663
0.0594342 -0.0103299 0.435076 -1.11586
0.0412395 -0.00692617 0.325372 0.0161839
0.038947 -0.00505307 0.302218 0.231404
0.0702588 -0.0186186 0.576256 -1.98219
0.0414135 -0.00951472 0.371702 -0.282082
0.0462079 -0.0111961 0.375607 -0.428801
0.0373632 -0.0064142 0.29409 0.0130613
0.0384785 -0.00674398 0.304973 0.0140773
0.0419616 -0.0115918 0.364672 -0.489362
0.03619 -0.00828542 0.312609 0.014594
0.0513669 -0.0107694 0.404591 -1.00804
0.0410043 -0.00606509 0.311371 0.0148148
0.0495986 -0.00821663 0.37269 -0.989144
0.0572035 -0.0132171 0.452365 -1.76642
0.0307198 -0.00531782 0.243538 0.00908811
0.0344829 -0.00560145 0.267273 0.0108722
0.0434716 -0.00836576 0.347189 -0.300219
0.0469686 -0.0082513 0.357111 -0.510127
0.0371778 -0.00837739 0.315745 0.0146649
0.0406319 -0.00903814 0.338689 -0.385694
0.0489817 -0.0108215 0.384817 -0.528219
0.0414135 -0.00951472 0.371702 -0.282082
0.024584 -0.00240928 0.228609 0.619033
0.0336214 -0.0048581 0.259237 0.242567
0.0304814 -0.0107495 0.340489 -0.288925
0.0345417 -0.00843133 0.303055 0.0135695
0.0493372 -0.013839 0.430322 -1.16421
0.0489817 -0.0108215 0.384817 -0.528219
0.0547944 -0.0104095 0.418174 -1.0451
0.0338142 -0.00446664 0.255691 0.328892
0.0344829 -0.00560145 0.267273 0.0108722
0.0350753 -0.00795582 0.301733 0.0135663
0.0441056 -0.00866055 0.349395 -0.412294
0.038663 -0.00478018 0.283305 0.0124324
0.0406319 -0.00903814 0.338689 -0.385694
0.0406319 -0.00903814 0.338689 -0.385694
0.041805 -0.00792388 0.31543 -0.526382
0.0225008 -0.00432604 0.222351 0.521676
0.0253481 -0.00129283 0.20448 0.621663
0.0294164 -0.00504713 0.25109 0.268323
0.0594397 -0.0158467 0.483269 -1.72305
0.0308989 -0.00877932 0.285752 0.0118171
0.0310773 -0.0068116 0.264001 0.0104342
0.036592 -0.0061817 0.311493 -0.33913
0.0415715 -0.00614593 0.320868 -0.478766
0.035601 -0.00593302 0.278195 0.0118074
0.0365693 -0.00945868 0.327653 -0.451053
0.0383993 -0.00829433 0.304225 -0.495507
0.0337723 -0.00665805 0.300293 -0.311549
0.0572035 -0.0132171 0.452365 -1.76642
0.0321961 -0.00714366 0.274933 0.0113451
0.0339736 -0.00843757 0.295084 -0.353907
0.0574108 -0.0130278 0.439086 -1.49384
0.0443696 -0.0114147 0.375612 -0.91413
0.0253481 -0.00129283 0.20448 0.621663
0.0361347 -0.00545752 0.276875 0.0117742
0.0308989 -0.00877932 0.285752 0.0118171
0.0321607 -0.00958459 0.317905 -0.319019
0.0321961 -0.00714366 0.274933 0.0113451
0.036592 -0.0061817 0.311493 -0.33913
0.0370117 -0.00492453 0.273713 0.0115138
0.0370117 -0.00492453 0.273713 0.0115138
0.0483597 -0.0133001 0.405651 -1.35156
0.0310773 -0.0068116 0.264001 0.0104342
0.0383993 -0.00829433 0.304225 -0.495507
0.0324871 -0.00580247 0.259505 0.010202
0.0503379 -0.0104961 0.389077 -1.41371
0.0285482 -0.00748835 0.257558 0.00975283
0.0672779 -0.0157073 0.530735 -1.5235
0.0441056 -0.00866055 0.349395 -0.412294
0.0488507 -0.0117076 0.421074 -0.869558
0.055641 -0.0100669 0.402808 -0.833142
0.0346528 -0.00905687 0.309359 0.0138627
0.0224133 -0.00183547 0.197385 0.641544
0.0347241 -0.00646618 0.28136 0.0120494
0.041191 -0.00410269 0.289733 0.0130785
0.0349037 -0.00449918 0.259625 0.0105378
0.0452364 -0.00752662 0.325643 -0.548645
0.0415828 -0.0107259 0.358279 -1.28187
0.0310773 -0.0068116 0.264001 0.0104342
0.0574108 -0.0130278 0.439086 -1.49384
0.0372518 -0.0057885 0.287782 0.0127458
0.0395403 -0.00424744 0.28015 0.0121453
0.0344829 -0.00560145 0.267273 0.0108722
0.0336214 -0.0048581 0.259237 0.242567
0.0337723 -0.00665805 0.300293 -0.311549
0.0302862 -0.00462705 0.241853 0.387089
0.0478464 -0.0110662 0.38895 -0.953043
0.0454693 -0.0112066 0.374772 -0.509352
0.0489817 -0.0108215 0.384817 -0.528219
0.0444436 -0.00909321 0.383353 -0.308928
0.0451768 -0.00523884 0.327293 0.0165951
0.0469057 -0.00459887 0.307895 -0.55331
0.0745849 -0.0185543 0.631939 -3.0019
0.0321607 -0.00958459 0.317905 -0.319019
0.0294164 -0.00504713 0.25109 0.268323
0.0384785 -0.00674398 0.304973 0.0140773
0.0441056 -0.00866055 0.349395 -0.412294
0.0376826 -0.00428833 0.266171 0.290593
0.0286523 -0.00368267 0.247956 0.421738
0.0397792 -0.00511061 0.294201 0.0134343
0.0608591 -0.0129038 0.467875 -1.80874
0.0373632 -0.0064142 0.29409 0.0130613
0.0370117 -0.00492453 0.273713 0.0115138
0.0286523 -0.00368267 0.247956 0.421738
0.0212126 0.0020721 0.217425 0.752625
0.0686288 -0.0145624 0.51694 -1.71077
0.0891099 -0.0244075 0.7984 -3.51964
0.102465 -0.0156299 0.711391 -2.19301
0.087567 -0.01372 0.562666 -1.11949
0.0763611 -0.0152922 0.561733 -1.08576
0.0550689 -0.00446905 0.374177 0.0216733
0.0349037 -0.00449918 0.259625 0.0105378
0.0344829 -0.00560145 0.267273 0.0108722
0.0495986 -0.00821663 0.37269 -0.989144
0.0243663 -0.00167204 0.212189 0.521455
0.0384353 -0.0025148 0.277098 0.329709
0.0686288 -0.0145624 0.51694 -1.71077
0.0652708 -0.0129983 0.497826 -1.54233
0.0566668 -0.0107834 0.437329 -0.779151
