0.0296019 -0.0104151 0.296573 0.0122338
0.0349906 -0.0123441 0.343636 -0.441305
0.0298414 -0.0112788 0.310637 0.0133789
-0.0357062 -0.027528 -0.0324693 3.3073
6.55849 -0.472965 -58.1818 -8.40603
0.0598921 -0.0160865 0.492182 -1.26419
0.0476299 -0.0146527 0.436993 -0.845794
0.044043 -0.0141433 0.391475 -0.503626
0.0346528 -0.00905687 0.309359 0.0138627
0.0584648 -0.0192698 0.518001 -1.40454
0.0363006 -0.00891031 0.318902 0.0149013
-0.736345 0.0696861 0.956313 0.213289
-0.228396 0.00600268 0.0193731 1.93304
0.0613372 -0.0223704 0.577465 -2.10861
0.0335897 -0.0115526 0.334163 0.0155835
0.0493372 -0.013839 0.430322 -1.16421
0.0300225 -0.0093129 0.288925 0.0120028
0.0468694 -0.0139686 0.404622 -0.930441
0.0296019 -0.0104151 0.296573 0.0122338
0.231216 -0.044464 0.00352341 -0.267063
0.0565313 -0.0164814 0.480599 -1.25057
0.0359523 -0.00742265 0.29857 0.0133315
0.038472 -0.0119487 0.353637 -0.462405
0.0321275 -0.00973608 0.302968 0.0130521
0.0440407 -0.0149863 0.424148 -0.812553
0.0304814 -0.0107495 0.340489 -0.288925
0.036951 -0.0130476 0.378701 -0.351336
0.0453189 -0.0173205 0.4356 -1.11745
0.240948 -0.0410771 0.0126235 -0.269252
0.0513035 -0.0157547 0.438046 -0.902128
0.0357668 -0.00938587 0.320225 0.014898
0.0598921 -0.0160865 0.492182 -1.26419
0.0434402 -0.0143549 0.391959 -0.897238
0.0321275 -0.00973608 0.302968 0.0130521
0.0477477 -0.0165243 0.441591 -1.09683
0.0357668 -0.00938587 0.320225 0.014898
0.0310773 -0.0068116 0.264001 0.0104342
0.0434402 -0.0143549 0.391959 -0.897238
0.02672 -0.00960132 0.269735 0.0101245
0.0281289 -0.00859169 0.265226 0.00998844
0.0502221 -0.0135528 0.41665 -0.95721
0.0493372 -0.013839 0.430322 -1.16421
0.0685402 -0.0220389 0.634648 -2.51578
0.0405132 -0.0145204 0.381234 -0.483429
0.0350001 -0.0105438 0.329676 0.0154112
0.0475788 -0.0137655 0.401632 -0.522585
0.0522445 -0.0167628 0.483229 -1.01306
0.0374134 -0.00923862 0.329751 0.0159718
0.0272529 -0.00912528 0.268404 0.010153
0.0380026 -0.0137217 0.346295 -0.590195
0.0211463 -0.00848381 0.240447 0.353233
0.0323658 -0.010599 0.317014 0.0142523
0.0521036 -0.0164786 0.454092 -1.65321
0.0283717 -0.00945732 0.279336 0.0110481
0.0256002 -0.00926871 0.258789 0.00926612
0.0315201 -0.0127391 0.333519 -0.418554
0.0350714 -0.00914261 0.329659 -0.34946
0.0321275 -0.00973608 0.302968 0.0130521
0.0477477 -0.0165243 0.441591 -1.09683
0.0459482 -0.014216 0.416806 -1.12978
0.0204451 -0.00441002 0.20523 0.652494
0.029781 -0.00844784 0.274832 0.0108918
0.038472 -0.0119487 0.353637 -0.462405
0.0350714 -0.00914261 0.329659 -0.34946
0.0270758 -0.0110939 0.290172 0.0114073
0.0281289 -0.00859169 0.265226 0.00998844
0.0425233 -0.0145785 0.403045 -1.09177
0.0325491 -0.00863447 0.295331 0.0127883
0.0443696 -0.0114147 0.375612 -0.91413
0.0310773 -0.0068116 0.264001 0.0104342
0.0518292 -0.016607 0.465679 -1.92197
0.0368334 -0.0119353 0.346061 -0.802401
0.0346528 -0.00905687 0.309359 0.0138627
0.0493372 -0.013839 0.430322 -1.16421
0.0419616 -0.0115918 0.364672 -0.489362
0.0367015 -0.0116271 0.35685 -0.371365
0.038472 -0.0119487 0.353637 -0.462405
0.0307178 -0.0107453 0.307465 0.0132091
0.0286114 -0.00806783 0.262768 0.26718
0.0325491 -0.00863447 0.295331 0.0127883
0.033681 -0.0120472 0.345092 -0.342674
0.0323658 -0.010599 0.317014 0.0142523
0.0321275 -0.00973608 0.302968 0.0130521
0.0382908 -0.00870576 0.326597 0.0157292
0.0489817 -0.0108215 0.384817 -0.528219
0.0515273 -0.0139153 0.436415 -0.701945
0.0404712 -0.0126721 0.389121 -0.374494
0.036951 -0.0130476 0.378701 -0.351336
0.0308989 -0.00877932 0.285752 0.0118171
0.0334258 -0.00810109 0.292163 0.012578
0.0367015 -0.0116271 0.35685 -0.371365
0.033681 -0.0120472 0.345092 -0.342674
0.0330563 -0.0120284 0.335492 0.0155448
0.0367015 -0.0116271 0.35685 -0.371365
0.0509125 -0.0160266 0.451683 -1.105
0.0361119 -0.0108714 0.340511 0.0164951
0.019869 -0.00620183 0.218638 0.393402
0.0380026 -0.0137217 0.346295 -0.590195
0.0306894 -0.0124664 0.333103 -0.311431
0.0302862 -0.00462705 0.241853 0.387089
0.0296678 -0.00782093 0.268501 0.0106333
0.0425233 -0.0145785 0.403045 -1.09177
0.0258442 -0.0101351 0.272915 0.0102708
0.0230712 -0.00994551 0.252347 0.00853553
0.0285482 -0.00748835 0.257558 0.00975283
0.0622367 -0.0191553 0.589278 -3.22638
0.0229245 -0.00575976 0.228677 0.35565
0.0327997 -0.0115889 0.30829 -0.554716
0.0317754 -0.00824598 0.282582 0.0116219
0.0281289 -0.00859169 0.265226 0.00998844
0.0296019 -0.0104151 0.296573 0.0122338
0.0321607 -0.00958459 0.317905 -0.319019
0.0354842 -0.0152065 0.373178 -0.990811
0.0280666 -0.0131343 0.323275 -0.394009
0.0256002 -0.00926871 0.258789 0.00926612
0.0434402 -0.0143549 0.391959 -0.897238
0.0535767 -0.0135252 0.436234 -1.71704
0.0321607 -0.00958459 0.317905 -0.319019
0.0327997 -0.0115889 0.30829 -0.554716
0.0272529 -0.00912528 0.268404 0.010153
0.0281289 -0.00859169 0.265226 0.00998844
0.0256002 -0.00926871 0.258789 0.00926612
0.0368334 -0.0119353 0.346061 -0.802401
0.0319931 -0.0124187 0.343043 -0.950575
0.0349906 -0.0123441 0.343636 -0.441305
0.0211463 -0.00848381 0.240447 0.353233
0.0281289 -0.00859169 0.265226 0.00998844
0.0425233 -0.0145785 0.403045 -1.09177
0.0247245 -0.0098025 0.261971 0.00940595
0.0256002 -0.00926871 0.258789 0.00926612
0.0283717 -0.00945732 0.279336 0.0110481
0.0321607 -0.00958459 0.317905 -0.319019
0.0383993 -0.00829433 0.304225 -0.495507
0.0331234 -0.00986181 0.31767 -0.428465
0.0327997 -0.0115889 0.30829 -0.554716
0.0327997 -0.0115889 0.30829 -0.554716
0.0350714 -0.00914261 0.329659 -0.34946
0.0459482 -0.014216 0.416806 -1.12978
0.0225008 -0.00432604 0.222351 0.521676
0.0192006 -0.00481707 0.21541 0.543751
0.0459482 -0.014216 0.416806 -1.12978
0.0349906 -0.0123441 0.343636 -0.441305
0.0296019 -0.0104151 0.296573 0.0122338
0.0403579 -0.0108612 0.332273 -0.519366
0.019869 -0.00620183 0.218638 0.393402
0.0296019 -0.0104151 0.296573 0.0122338
0.0323087 -0.00777018 0.281256 0.0116227
0.0493372 -0.013839 0.430322 -1.16421
0.0415828 -0.0107259 0.358279 -1.28187
0.0327997 -0.0115889 0.30829 -0.554716
0.0244418 -0.00839358 0.242974 0.00838665
0.0244418 -0.00839358 0.242974 0.00838665
0.0308989 -0.00877932 0.285752 0.0118171
0.0349906 -0.0123441 0.343636 -0.441305
0.0296019 -0.0104151 0.296573 0.0122338
0.0281289 -0.00859169 0.265226 0.00998844
0.0349906 -0.0123441 0.343636 -0.441305
0.0321607 -0.00958459 0.317905 -0.319019
0.0349906 -0.0123441 0.343636 -0.441305
0.0296019 -0.0104151 0.296573 0.0122338
0.0280666 -0.0131343 0.323275 -0.394009
0.0349906 -0.0123441 0.343636 -0.441305
0.0161389 -0.00516641 0.203828 0.589372
0.0321275 -0.00973608 0.302968 0.0130521
0.0321607 -0.00958459 0.317905 -0.319019
0.0268946 -0.00763107 0.24793 0.00890139
0.019869 -0.00620183 0.218638 0.393402
0.0215449 -0.00903035 0.24278 0.27015
0.0281289 -0.00859169 0.265226 0.00998844
0.0349906 -0.0123441 0.343636 -0.441305
0.0315201 -0.0127391 0.333519 -0.418554
0.0272529 -0.00912528 0.268404 0.010153
0.0170791 -0.0067887 0.211159 0.412815
0.0241919 -0.0102786 0.263304 0.0093634
0.0268946 -0.00763107 0.24793 0.00890139
0.0242344 -0.0103437 0.296677 -0.353527
0.0256519 -0.00726694 0.229787 0.256167
0.0327997 -0.0115889 0.30829 -0.554716
0.0272529 -0.00912528 0.268404 0.010153
0.0243036 -0.00575518 0.227484 0.422693
0.0283035 -0.00662149 0.243423 0.00872762
0.0260187 -0.00816489 0.251112 0.00906391
0.0244418 -0.00839358 0.242974 0.00838665
0.0219082 -0.0090634 0.236372 0.00767946
0.0236008 -0.00893646 0.246171 0.00850217
0.0327997 -0.0115889 0.30829 -0.554716
0.0247245 -0.0098025 0.261971 0.00940595
0.0236008 -0.00893646 0.246171 0.00850217
0.0327997 -0.0115889 0.30829 -0.554716
0.0170791 -0.0067887 0.211159 0.412815
0.0315201 -0.0127391 0.333519 -0.418554
0.0283035 -0.00662149 0.243423 0.00872762
0.0230712 -0.00994551 0.252347 0.00853553
0.0242344 -0.0103437 0.296677 -0.353527
0.0315201 -0.0127391 0.333519 -0.418554
0.0408616 -0.0117511 0.362143 -0.872325
0.0256519 -0.00726694 0.229787 0.256167
0.0283035 -0.00662149 0.243423 0.00872762
0.0242344 -0.0103437 0.296677 -0.353527
0.0267914 -0.00935106 0.272246 -0.515145
0.0280145 -0.0116955 0.297246 -0.508677
0.023212 -0.00741703 0.225306 0.0073379
0.0394205 -0.0136639 0.380371 -1.43309
0.0207681 -0.00871656 0.225202 0.00692622
0.0350714 -0.00914261 0.329659 -0.34946
0.0434402 -0.0143549 0.391959 -0.897238
0.0286114 -0.00806783 0.262768 0.26718
0.0321275 -0.00973608 0.302968 0.0130521
0.0258442 -0.0101351 0.272915 0.0102708
0.0368334 -0.0119353 0.346061 -0.802401
0.029781 -0.00844784 0.274832 0.0108918
0.0468694 -0.0139686 0.404622 -0.930441
0.0268946 -0.00763107 0.24793 0.00890139
0.0368334 -0.0119353 0.346061 -0.802401
0.0219082 -0.0090634 0.236372 0.00767946
0.0186569 -0.0059724 0.188511 0.368812
0.0449404 -0.013895 0.400062 -1.55109
0.0334797 -0.0116334 0.31107 -0.46785
0.0321607 -0.00958459 0.317905 -0.319019
0.0256002 -0.00926871 0.258789 0.00926612
0.019869 -0.00620183 0.218638 0.393402
0.0247245 -0.0098025 0.261971 0.00940595
0.0256002 -0.00926871 0.258789 0.00926612
0.0258442 -0.0101351 0.272915 0.0102708
0.0251753 -0.00772775 0.243611 0.41888
0.033681 -0.0120472 0.345092 -0.342674
0.0312185 -0.00746818 0.271396 0.248156
0.0400376 -0.0127136 0.387579 -0.448105
0.027761 -0.00443324 0.211922 0.296702
0.0380026 -0.0137217 0.346295 -0.590195
0.022115 -0.00754023 0.219424 0.297676
0.0242344 -0.0103437 0.296677 -0.353527
0.0306894 -0.0124664 0.333103 -0.311431
0.0256002 -0.00926871 0.258789 0.00926612
0.029781 -0.00844784 0.274832 0.0108918
0.0296976 -0.0102668 0.307594 -0.404276
0.0256519 -0.00726694 0.229787 0.256167
0.0268946 -0.00763107 0.24793 0.00890139
0.0334797 -0.0116334 0.31107 -0.46785
0.0229245 -0.00575976 0.228677 0.35565
0.0298414 -0.0112788 0.310637 0.0133789
0.0424727 -0.0134165 0.359074 -0.533156
0.0454693 -0.0112066 0.374772 -0.509352
0.0312185 -0.00746818 0.271396 0.248156
0.0502257 -0.00387911 0.340049 0.0180413
0.0575035 -0.0114643 0.472101 -0.734335
0.0421174 -0.00639353 0.322224 0.0158951
0.0392976 -0.00466471 0.298574 0.303787
0.0234653 -0.00605425 0.209577 0.00648387
0.0247904 -0.0105584 0.298932 -0.485511
0.0308427 -0.00893767 0.283395 -0.433001
0.027139 -0.00572903 0.227323 0.00781806
0.0234281 -0.00670942 0.274151 0.229538
0.0598765 -0.018405 0.521096 -1.85859
0.0312185 -0.00746818 0.271396 0.248156
0.0334258 -0.00810109 0.292163 0.012578
