0.0281927 -0.0114246 0.301078 0.012352
0.0294948 -0.0139022 0.358425 -0.391261
0.0574785 -0.0225916 0.583824 -2.98674
-0.174861 -0.00032167 -0.000731026 2.00443
-0.120725 -0.0125625 -0.0174434 3.22094
0.0404338 -0.0153137 0.411273 -0.77779
0.0415294 -0.0170592 0.403359 -0.835116
0.0259578 -0.0107624 0.279251 0.0104975
0.0247915 -0.0126377 0.297868 0.0116066
0.032074 -0.0181852 0.376186 -0.430863
0.0516586 -0.0199968 0.49305 -1.371
-0.471951 0.0341422 0.566973 -0.139989
-0.569273 0.0464293 0.746909 -0.0802947
-0.119867 0.0090402 0.475611 0.0562466
0.0452217 -0.0196312 0.469877 -1.24885
0.0290445 -0.0101867 0.285733 0.238622
0.0631159 -0.0251246 0.666686 -3.37566
0.0280666 -0.0131343 0.323275 -0.394009
0.0345596 -0.0141193 0.336241 -0.571039
0.0532901 -0.0227384 0.537417 -1.7161
3.04976 -0.316161 -15.2594 -4.70052
0.040676 -0.0173995 0.418689 -1.04665
0.0419088 -0.0200406 0.457157 -1.22448
0.0228981 -0.0119166 0.274171 0.00962824
0.0385757 -0.0204419 0.444195 -1.19711
0.055911 -0.0257345 0.625788 -3.2832
0.0234305 -0.0114403 0.272834 0.00969181
0.138011 -0.0234868 -0.0217876 2.90907
-2.93485 0.152084 25.6928 -7.28286
0.0150744 -0.0100009 0.258724 0.341191
0.0274289 -0.0125846 0.310572 0.0127346
0.0440407 -0.0149863 0.424148 -0.812553
0.0195059 -0.0118478 0.259599 0.241238
0.0419088 -0.0200406 0.457157 -1.22448
0.0293712 -0.0156434 0.347889 -0.49371
0.0306894 -0.0124664 0.333103 -0.311431
0.021435 -0.0116417 0.265074 0.00894799
0.0167426 -0.0103457 0.22672 0.302077
0.0169306 -0.0110311 0.229644 0.00645038
0.0234443 -0.0151061 0.304754 -0.488651
0.0245494 -0.0117724 0.283767 0.0105716
0.0372475 -0.0177597 0.405118 -1.0097
0.0257802 -0.0127306 0.301013 0.0117099
0.0234965 -0.0142748 0.308716 0.0118415
0.0267142 -0.0150261 0.333606 0.0139361
0.0452217 -0.0196312 0.469877 -1.24885
0.0516586 -0.0199968 0.49305 -1.371
0.0552123 -0.0196755 0.506488 -1.39616
0.0209028 -0.012118 0.266411 0.00887652
0.0203707 -0.0125944 0.26775 0.00879816
0.0203707 -0.0125944 0.26775 0.00879816
0.0354842 -0.0152065 0.373178 -0.990811
0.0276866 -0.0149137 0.315918 -0.528337
0.0197633 -0.0112521 0.250627 0.00803243
0.0169681 -0.0138064 0.264522 0.0080027
0.0160934 -0.014341 0.267722 0.00803776
0.0207881 -0.0114899 0.260059 0.00868952
0.0228981 -0.0119166 0.274171 0.00962824
0.0371473 -0.0179997 0.414167 -1.21175
0.0337266 -0.0180573 0.389512 -0.955003
0.0152944 -0.0120351 0.251448 0.267035
0.0206153 -0.0134612 0.281886 0.00972607
0.0337266 -0.0180573 0.389512 -0.955003
0.0280666 -0.0131343 0.323275 -0.394009
0.0170246 -0.0107194 0.222662 0.327439
0.0207881 -0.0114899 0.260059 0.00868952
0.0385757 -0.0204419 0.444195 -1.19711
0.0464728 -0.0164434 0.437923 -1.57731
0.0354842 -0.0152065 0.373178 -0.990811
0.0280666 -0.0131343 0.323275 -0.394009
0.0239475 -0.013535 0.31156 -0.458906
0.0268447 -0.0156438 0.346585 -0.878775
0.0328462 -0.0152408 0.357617 -0.51193
0.0257802 -0.0127306 0.301013 0.0117099
0.00601911 -0.00646203 0.20335 0.762074
0.0299799 -0.0156497 0.349903 -0.414112
0.052514 -0.0225626 0.549247 -2.43087
0.0220227 -0.0124506 0.277357 0.00972631
0.0490034 -0.0227532 0.517199 -2.07606
0.0231415 -0.0127826 0.288288 0.0106117
0.0220227 -0.0124506 0.277357 0.00972631
0.013209 -0.00812875 0.220166 0.497353
0.0299799 -0.0156497 0.349903 -0.414112
0.0516586 -0.0199968 0.49305 -1.371
0.0268963 -0.0130608 0.311907 0.012669
0.0306894 -0.0124664 0.333103 -0.311431
0.023255 -0.0134099 0.294624 0.0108152
0.0293712 -0.0156434 0.347889 -0.49371
0.0101705 -0.00616387 0.187428 0.645407
0.0354842 -0.0152065 0.373178 -0.990811
0.0280666 -0.0131343 0.323275 -0.394009
0.0152944 -0.0120351 0.251448 0.267035
0.0240688 -0.0153132 0.371334 -0.256011
0.0195059 -0.0118478 0.259599 0.241238
0.0512224 -0.0219631 0.506705 -1.71512
0.0257802 -0.0127306 0.301013 0.0117099
0.0259005 -0.0160455 0.338083 -0.47415
0.0207294 -0.0140889 0.28823 0.00990959
0.0224772 -0.0131714 0.311931 -0.340753
0.0258442 -0.0101351 0.272915 0.0102708
0.0193746 -0.0097328 0.229764 0.00696563
0.0206043 -0.0107098 0.247437 0.00796707
0.0142331 -0.0136904 0.245232 0.00649736
0.0133922 -0.0142314 0.248407 0.0064814
0.0361022 -0.0172237 0.380129 -1.32782
0.0180707 -0.0113783 0.240819 0.0071884
0.0431265 -0.0202144 0.453064 -1.77017
0.0168411 -0.0104018 0.223152 0.00624437
0.0218475 -0.0144204 0.299151 0.0108102
0.0194956 -0.0131286 0.270942 0.00887044
0.0224772 -0.0131714 0.311931 -0.340753
0.0337266 -0.0180573 0.389512 -0.955003
0.00875438 -0.00804749 0.175728 0.566641
0.0196739 -0.0138211 0.304197 -0.443465
0.0181547 -0.014936 0.326306 -0.303562
0.0170791 -0.0067887 0.211159 0.412815
0.0172621 -0.00935252 0.239693 0.263045
0.0467797 -0.0199006 0.468533 -1.81191
0.0178429 -0.013272 0.261325 0.00795696
0.0118267 -0.0098568 0.212742 0.450392
0.0194642 -0.0103624 0.23626 0.00719525
0.0234246 -0.0159834 0.333476 -0.839524
0.024793 -0.0121524 0.287611 -0.490379
0.0127622 -0.00877716 0.187484 0.439855
0.0209028 -0.012118 0.266411 0.00887652
0.0159258 -0.0135651 0.255051 0.00736643
0.0186205 -0.0136631 0.274137 0.00893242
0.0152944 -0.0120351 0.251448 0.267035
0.0186205 -0.0136631 0.274137 0.00893242
0.0194956 -0.0131286 0.270942 0.00887044
0.0180118 -0.00891311 0.230526 0.388808
0.0232819 -0.00985867 0.24109 0.267025
0.0221957 -0.0104795 0.255534 0.00865035
0.0431265 -0.0202144 0.453064 -1.77017
0.00875438 -0.00804749 0.175728 0.566641
0.0268447 -0.0156438 0.346585 -0.878775
0.0215449 -0.00903035 0.24278 0.27015
0.0148544 -0.00933645 0.220587 0.42639
0.0234305 -0.0114403 0.272834 0.00969181
0.0148544 -0.00933645 0.220587 0.42639
0.0196865 -0.0114551 0.25609 0.327426
0.0209028 -0.012118 0.266411 0.00887652
0.0194956 -0.0131286 0.270942 0.00887044
0.0490034 -0.0227532 0.517199 -2.07606
0.0203707 -0.0125944 0.26775 0.00879816
0.0405346 -0.017621 0.427904 -1.24739
0.040676 -0.0173995 0.418689 -1.04665
0.0258442 -0.0101351 0.272915 0.0102708
0.0230712 -0.00994551 0.252347 0.00853553
0.0183697 -0.0122684 0.25519 0.00801043
0.0180707 -0.0113783 0.240819 0.0071884
0.016773 -0.00895711 0.20046 0.277529
0.0207881 -0.0114899 0.260059 0.00868952
0.0221957 -0.0104795 0.255534 0.00865035
0.0259005 -0.0160455 0.338083 -0.47415
0.0259005 -0.0160455 0.338083 -0.47415
0.0224772 -0.0131714 0.311931 -0.340753
0.0148544 -0.00933645 0.220587 0.42639
0.0152944 -0.0120351 0.251448 0.267035
0.0170246 -0.0107194 0.222662 0.327439
0.0189116 -0.0108365 0.237635 0.00713844
0.0220227 -0.0124506 0.277357 0.00972631
0.0102372 -0.00865784 0.212506 0.520305
0.0172621 -0.00935252 0.239693 0.263045
0.0197633 -0.0112521 0.250627 0.00803243
0.0180707 -0.0113783 0.240819 0.0071884
0.0169306 -0.0110311 0.229644 0.00645038
0.0145322 -0.0145799 0.259596 0.00725099
0.0180887 -0.0141395 0.275478 0.00882871
0.0276866 -0.0149137 0.315918 -0.528337
0.0234443 -0.0151061 0.304754 -0.488651
0.0178429 -0.013272 0.261325 0.00795696
0.0155371 -0.0120463 0.234195 0.00640083
0.0166772 -0.0123939 0.245374 0.00714433
0.0172297 -0.0119202 0.244004 0.00722724
0.0324981 -0.0175557 0.366827 -1.29257
0.0227561 -0.0117048 0.288245 -0.355361
0.0203707 -0.0125944 0.26775 0.00879816
0.0138578 -0.00776812 0.208467 0.328171
0.0172621 -0.00935252 0.239693 0.263045
0.0111344 -0.00757312 0.188863 0.504153
0.00804034 -0.00547114 0.152796 0.705628
0.0324981 -0.0175557 0.366827 -1.29257
0.0146962 -0.0125877 0.237374 0.00641236
0.00915367 -0.00691076 0.153081 0.553063
0.0234246 -0.0159834 0.333476 -0.839524
0.0302415 -0.0187054 0.38594 -1.12888
0.0168411 -0.0104018 0.223152 0.00624437
0.0172297 -0.0119202 0.244004 0.00722724
0.00702021 -0.0103738 0.208416 0.38584
0.0268447 -0.0156438 0.346585 -0.878775
0.0207881 -0.0114899 0.260059 0.00868952
0.0183697 -0.0122684 0.25519 0.00801043
0.0183697 -0.0122684 0.25519 0.00801043
0.0197633 -0.0112521 0.250627 0.00803243
0.0236008 -0.00893646 0.246171 0.00850217
0.0194642 -0.0103624 0.23626 0.00719525
0.0118703 -0.00713583 0.180453 0.626015
0.00999643 -0.00907796 0.173802 0.502564
0.0327314 -0.0201655 0.416358 -1.57513
0.00953951 -0.00974515 0.185305 0.337465
0.0155371 -0.0120463 0.234195 0.00640083
0.0165418 -0.00951398 0.208809 0.00551609
0.0110405 -0.0120834 0.251288 -0.318278
0.0245494 -0.0117724 0.283767 0.0105716
0.0209028 -0.012118 0.266411 0.00887652
0.0280666 -0.0131343 0.323275 -0.394009
0.0159759 -0.00775088 0.233163 0.449331
0.024793 -0.0121524 0.287611 -0.490379
0.0220227 -0.0124506 0.277357 0.00972631
0.0230712 -0.00994551 0.252347 0.00853553
0.02672 -0.00960132 0.269735 0.0101245
0.0467741 -0.0198363 0.473197 -2.3896
0.0190753 -0.00884446 0.215414 0.00617743
0.0292646 -0.0171942 0.379651 -1.74613
0.005289 -0.00845828 0.168277 0.596823
0.0361022 -0.0172237 0.380129 -1.32782
0.0196573 -0.0136478 0.300733 -0.313247
0.0224772 -0.0131714 0.311931 -0.340753
0.0180707 -0.0113783 0.240819 0.0071884
0.0268447 -0.0156438 0.346585 -0.878775
0.0141883 -0.00953224 0.190744 0.313588
0.0130564 -0.0109056 0.217197 0.259083
0.0268447 -0.0156438 0.346585 -0.878775
-0.139917 0.0143249 0.470607 0.200676
0.0143208 -0.00790835 0.21618 0.57328
0.0284847 -0.0100842 0.285664 0.0112942
0.0390041 -0.0137971 0.34852 -0.510274
0.0210672 -0.00960594 0.239564 0.00776941
0.0137441 -0.00701983 0.196258 0.492186
0.0157011 -0.0100553 0.211987 0.00555879
0.0127622 -0.00877716 0.187484 0.439855
0.0041027 -0.00710229 0.170379 0.712476
0.0183697 -0.0122684 0.25519 0.00801043
0.0207881 -0.0114899 0.260059 0.00868952
0.0160257 -0.00562815 0.121389 1.03052
0.0207881 -0.0114899 0.260059 0.00868952
0.0158667 -0.00831549 0.196892 0.399631
0.00875438 -0.00804749 0.175728 0.566641
0.016773 -0.00895711 0.20046 0.277529
0.00928325 -0.00727562 0.212432 0.635056
0.0270758 -0.0110939 0.290172 0.0114073
0.0321275 -0.00973608 0.302968 0.0130521
0.0273166 -0.0119584 0.304255 0.0124967
0.0408144 -0.00802539 0.332964 0.0165518
0.0449254 -0.0141094 0.390644 -0.418962
0.0335897 -0.0115526 0.334163 0.0155835
0.0324768 -0.0112243 0.323313 0.0145283
-0.101118 0.00551491 0.373834 0.112971
0.005289 -0.00845828 0.168277 0.596823
0.0338837 -0.0169405 0.387157 -1.5359
-0.378852 0.0294594 1.56026 -1.56879
-0.190513 0.0227735 0.499094 0.257458
0.0334772 -0.0152732 0.360463 -0.438819
0.0257802 -0.0127306 0.301013 0.0117099
0.052645 -0.0224211 0.531309 -2.09747
