0.055503 -0.0253797 0.578072 -2.44741
0.040676 -0.0173995 0.418689 -1.04665
0.0145289 -0.0106728 0.248364 0.420184
0.164023 -0.0729822 0.0163743 3.11844
0.200723 -0.0345513 -1.44887 -2.4018
0.0298414 -0.0112788 0.310637 0.0133789
0.0345596 -0.0141193 0.336241 -0.571039
0.0503363 -0.0197685 0.50033 -2.17087
0.0587064 -0.0254769 0.623797 -2.55948
0.0299799 -0.0156497 0.349903 -0.414112
0.0405346 -0.017621 0.427904 -1.24739
-0.107445 -0.00661015 -0.564526 -5.68527
0.317639 -0.112611 0.0266217 2.14974
0.0265041 -0.016027 0.3392 -0.387561
0.0220227 -0.0124506 0.277357 0.00972631
0.0269628 -0.010467 0.283844 0.0111713
0.0232819 -0.00985867 0.24109 0.267025
0.0345596 -0.0141193 0.336241 -0.571039
0.0321072 -0.0145531 0.326866 -0.45786
0.280438 -0.090284 0.194853 -2.02013
0.421117 -0.115451 0.0543259 3.41561
0.0315201 -0.0127391 0.333519 -0.418554
0.0233163 -0.0108126 0.26649 0.0094848
0.0311206 -0.0145167 0.32612 -0.550485
0.023255 -0.0134099 0.294624 0.0108152
0.0265041 -0.016027 0.3392 -0.387561
0.0293712 -0.0156434 0.347889 -0.49371
2.80507 -0.390866 -6.0511 -0.910228
1.15656 -0.178504 -2.98761 -2.49632
0.0723014 -0.0287627 0.793768 -4.10647
0.0390216 -0.0181148 0.424251 -0.741867
0.0516586 -0.0199968 0.49305 -1.371
0.0311206 -0.0145167 0.32612 -0.550485
0.0504553 -0.0195855 0.483466 -1.84742
0.0372475 -0.0177597 0.405118 -1.0097
0.0270758 -0.0110939 0.290172 0.0114073
0.0233163 -0.0108126 0.26649 0.0094848
0.0111344 -0.00757312 0.188863 0.504153
0.0268447 -0.0156438 0.346585 -0.878775
0.0127622 -0.00877716 0.187484 0.439855
0.0180118 -0.00891311 0.230526 0.388808
0.0233163 -0.0108126 0.26649 0.0094848
0.0180118 -0.00891311 0.230526 0.388808
0.0513331 -0.0288599 0.574098 -1.85953
0.0328462 -0.0152408 0.357617 -0.51193
0.0545312 -0.0215553 0.517478 -1.71237
0.0281927 -0.0114246 0.301078 0.012352
0.0404338 -0.0153137 0.411273 -0.77779
0.0276866 -0.0149137 0.315918 -0.528337
0.0216634 -0.0109557 0.256869 0.00859342
0.0286914 -0.0149288 0.315693 -0.427617
0.0254251 -0.0112386 0.280586 0.0104483
0.0431265 -0.0202144 0.453064 -1.77017
0.0268447 -0.0156438 0.346585 -0.878775
0.0165418 -0.00951398 0.208809 0.00551609
0.0234246 -0.0159834 0.333476 -0.839524
0.0224772 -0.0131714 0.311931 -0.340753
0.0224772 -0.0131714 0.311931 -0.340753
0.0220227 -0.0124506 0.277357 0.00972631
0.0206153 -0.0134612 0.281886 0.00972607
0.0148544 -0.00933645 0.220587 0.42639
0.0265041 -0.016027 0.3392 -0.387561
0.0311206 -0.0145167 0.32612 -0.550485
0.0233163 -0.0108126 0.26649 0.0094848
0.0337266 -0.0180573 0.389512 -0.955003
0.0311206 -0.0145167 0.32612 -0.550485
0.0205669 -0.0106397 0.284702 -0.307679
0.0143208 -0.00790835 0.21618 0.57328
0.0221957 -0.0104795 0.255534 0.00865035
0.0206043 -0.0107098 0.247437 0.00796707
0.0206043 -0.0107098 0.247437 0.00796707
0.0180707 -0.0113783 0.240819 0.0071884
0.0180118 -0.00891311 0.230526 0.388808
0.0280666 -0.0131343 0.323275 -0.394009
0.0243721 -0.0137407 0.305532 0.0117451
0.0234965 -0.0142748 0.308716 0.0118415
0.0337266 -0.0180573 0.389512 -0.955003
0.0195059 -0.0118478 0.259599 0.241238
0.0311206 -0.0145167 0.32612 -0.550485
0.0231415 -0.0127826 0.288288 0.0106117
0.0195059 -0.0118478 0.259599 0.241238
0.0220227 -0.0124506 0.277357 0.00972631
0.0245494 -0.0117724 0.283767 0.0105716
0.0545312 -0.0215553 0.517478 -1.71237
0.0368131 -0.0156358 0.398396 -0.74166
0.0270758 -0.0110939 0.290172 0.0114073
0.0247915 -0.0126377 0.297868 0.0116066
0.0483986 -0.0225478 0.499447 -1.74704
0.0337266 -0.0180573 0.389512 -0.955003
0.0148544 -0.00933645 0.220587 0.42639
0.0372475 -0.0177597 0.405118 -1.0097
0.0196573 -0.0136478 0.300733 -0.313247
0.00766988 -0.00714763 0.197963 0.786842
0.0231415 -0.0127826 0.288288 0.0106117
0.0348499 -0.0178108 0.385403 -0.53031
0.0259578 -0.0107624 0.279251 0.0104975
0.0197633 -0.0112521 0.250627 0.00803243
0.0203707 -0.0125944 0.26775 0.00879816
0.0311206 -0.0145167 0.32612 -0.550485
0.0258442 -0.0101351 0.272915 0.0102708
0.0158667 -0.00831549 0.196892 0.399631
0.0244356 -0.0129254 0.314712 -0.844377
0.0155371 -0.0120463 0.234195 0.00640083
0.0130036 -0.0127137 0.227565 0.00560216
0.0460057 -0.0200583 0.497255 -2.81217
0.0194642 -0.0103624 0.23626 0.00719525
0.0158667 -0.00831549 0.196892 0.399631
0.0136527 -0.0109006 0.208448 0.396304
0.0228981 -0.0119166 0.274171 0.00962824
0.0111344 -0.00757312 0.188863 0.504153
0.0216634 -0.0109557 0.256869 0.00859342
0.0311206 -0.0145167 0.32612 -0.550485
0.0167667 -0.0130235 0.25187 0.00735379
0.0338837 -0.0169405 0.387157 -1.5359
0.0192108 -0.0117261 0.252001 0.0079655
0.0280145 -0.0116955 0.297246 -0.508677
0.0137441 -0.00701983 0.196258 0.492186
0.0220227 -0.0124506 0.277357 0.00972631
0.0041027 -0.00710229 0.170379 0.712476
0.0234443 -0.0151061 0.304754 -0.488651
0.0196573 -0.0136478 0.300733 -0.313247
0.0155371 -0.0120463 0.234195 0.00640083
0.0183748 -0.0127954 0.259984 0.00805066
0.0155371 -0.0120463 0.234195 0.00640083
0.0167426 -0.0103457 0.22672 0.302077
0.0302481 -0.0184055 0.376173 -0.916125
0.0302481 -0.0184055 0.376173 -0.916125
0.0167426 -0.0103457 0.22672 0.302077
0.0172297 -0.0119202 0.244004 0.00722724
0.0183697 -0.0122684 0.25519 0.00801043
0.0205669 -0.0106397 0.284702 -0.307679
0.0172621 -0.00935252 0.239693 0.263045
0.0158667 -0.00831549 0.196892 0.399631
0.0183697 -0.0122684 0.25519 0.00801043
0.0234246 -0.0159834 0.333476 -0.839524
0.0155371 -0.0120463 0.234195 0.00640083
0.0280666 -0.0131343 0.323275 -0.394009
0.0148544 -0.00933645 0.220587 0.42639
0.0228981 -0.0119166 0.274171 0.00962824
0.0490034 -0.0227532 0.517199 -2.07606
0.0211474 -0.0129849 0.280547 0.00981432
0.0205792 -0.0104735 0.233594 0.281782
0.0152944 -0.0120351 0.251448 0.267035
0.0233163 -0.0108126 0.26649 0.0094848
0.0118703 -0.00713583 0.180453 0.626015
0.0220227 -0.0124506 0.277357 0.00972631
0.0256002 -0.00926871 0.258789 0.00926612
0.0390597 -0.0149263 0.389103 -1.05049
0.0193746 -0.0097328 0.229764 0.00696563
0.0141883 -0.00953224 0.190744 0.313588
0.0169306 -0.0110311 0.229644 0.00645038
0.0185573 -0.0130979 0.268171 -0.451673
0.0167426 -0.0103457 0.22672 0.302077
0.0111344 -0.00757312 0.188863 0.504153
0.0268447 -0.0156438 0.346585 -0.878775
0.0172297 -0.0119202 0.244004 0.00722724
0.0170246 -0.0107194 0.222662 0.327439
0.0207881 -0.0114899 0.260059 0.00868952
0.0203707 -0.0125944 0.26775 0.00879816
0.0207881 -0.0114899 0.260059 0.00868952
0.0145017 -0.0116706 0.215272 0.260565
0.0224772 -0.0131714 0.311931 -0.340753
0.0194956 -0.0131286 0.270942 0.00887044
0.024793 -0.0121524 0.287611 -0.490379
0.0326391 -0.0143961 0.352773 -1.35986
0.016378 -0.0115049 0.231016 0.00637776
0.0302415 -0.0187054 0.38594 -1.12888
0.00953951 -0.00974515 0.185305 0.337465
0.0172297 -0.0119202 0.244004 0.00722724
0.0180707 -0.0113783 0.240819 0.0071884
0.0141436 -0.0130611 0.23874 0.00631265
0.0145017 -0.0116706 0.215272 0.260565
0.0153732 -0.0140385 0.256418 0.00726036
0.0155371 -0.0120463 0.234195 0.00640083
0.0118267 -0.0098568 0.212742 0.450392
0.0145017 -0.0116706 0.215272 0.260565
0.0183697 -0.0122684 0.25519 0.00801043
0.0170246 -0.0107194 0.222662 0.327439
0.0206043 -0.0107098 0.247437 0.00796707
0.0284809 -0.0127553 0.330401 -0.914666
0.0193746 -0.0097328 0.229764 0.00696563
0.0215772 -0.0126074 0.277836 -0.469942
0.0141883 -0.00953224 0.190744 0.313588
0.0152073 -0.0135216 0.257951 -0.423194
0.0143076 -0.0110703 0.216535 0.00551439
0.0185573 -0.0130979 0.268171 -0.451673
0.0130036 -0.0127137 0.227565 0.00560216
0.0143971 -0.0116993 0.223024 0.00569627
0.00912022 -0.0101661 0.197699 0.516816
0.0155371 -0.0120463 0.234195 0.00640083
0.0194956 -0.0131286 0.270942 0.00887044
0.00866147 -0.00623826 0.189267 0.582869
0.000868632 -0.00506818 0.139526 0.877853
0.0172297 -0.0119202 0.244004 0.00722724
0.0118267 -0.0098568 0.212742 0.450392
0.0167849 -0.00782125 0.18746 0.52694
0.0215772 -0.0126074 0.277836 -0.469942
0.0182345 -0.00938615 0.218597 0.00624629
0.00953951 -0.00974515 0.185305 0.337465
0.0118026 -0.0121925 0.204519 0.302926
0.00576604 -0.00728409 0.143977 0.60161
0.0130036 -0.0127137 0.227565 0.00560216
0.0143971 -0.0116993 0.223024 0.00569627
0.0117742 -0.0117383 0.209911 0.00477336
0.0467797 -0.0199006 0.468533 -1.81191
0.0148544 -0.00933645 0.220587 0.42639
0.0220227 -0.0124506 0.277357 0.00972631
0.0280666 -0.0131343 0.323275 -0.394009
0.0180707 -0.0113783 0.240819 0.0071884
0.00725634 -0.00658799 0.177177 0.688704
0.0167426 -0.0103457 0.22672 0.302077
0.0319805 -0.0155413 0.359598 -0.949177
0.00875438 -0.00804749 0.175728 0.566641
0.0175651 -0.0075733 0.175854 0.325864
0.0200087 -0.0163221 0.320329 -0.79803
-0.00228475 -0.00791214 0.152611 0.792917
0.0155371 -0.0120463 0.234195 0.00640083
0.0167667 -0.0130235 0.25187 0.00735379
0.0193746 -0.0097328 0.229764 0.00696563
0.005289 -0.00845828 0.168277 0.596823
0.00609034 -0.00815865 0.164307 0.686502
0.0155371 -0.0120463 0.234195 0.00640083
0.0145017 -0.0116706 0.215272 0.260565
0.0234443 -0.0151061 0.304754 -0.488651
0.0194956 -0.0131286 0.270942 0.00887044
0.000957858 -0.00705013 0.200514 0.720987
0.0415294 -0.0170592 0.403359 -0.835116
0.052645 -0.0224211 0.531309 -2.09747
0.0178458 -0.00786954 0.197766 0.00529635
0.0141883 -0.00953224 0.190744 0.313588
0.0131677 -0.0107241 0.205372 0.00486222
0.011475 -0.0108517 0.195583 0.00416634
0.00702021 -0.0103738 0.208416 0.38584
0.0145017 -0.0116706 0.215272 0.260565
0.00532788 -0.00677921 0.164499 0.800369
0.0160934 -0.014341 0.267722 0.00803776
0.0172297 -0.0119202 0.244004 0.00722724
0.00898864 -0.0076937 0.173498 0.647228
0.00912022 -0.0101661 0.197699 0.516816
0.0165418 -0.00951398 0.208809 0.00551609
0.0183748 -0.0127954 0.259984 0.00805066
0.0431265 -0.0202144 0.453064 -1.77017
0.0211463 -0.00848381 0.240447 0.353233
0.0265041 -0.016027 0.3392 -0.387561
0.0205453 -0.00404637 0.247255 0.6258
0.068465 -0.0217787 0.611818 -2.18346
0.0477477 -0.0165243 0.441591 -1.09683
0.0647772 -0.0222781 0.613449 -2.4496
0.00690338 -0.00951891 0.16441 0.545518
0.00572397 -0.0099131 0.173192 0.409153
0.00999643 -0.00907796 0.173802 0.502564
0.00131683 -0.00561654 0.142034 0.799093
0.0183748 -0.0127954 0.259984 0.00805066
0.0228981 -0.0119166 0.274171 0.00962824
0.0170246 -0.0107194 0.222662 0.327439
0.0161523 -0.0116132 0.242218 0.385826
