0.0577758 -0.0189386 0.511903 -1.90169
0.0551332 -0.019379 0.493048 -1.1842
0.0440407 -0.0149863 0.424148 -0.812553
-0.360062 0.0591705 0.00017017 1.99649
-0.0243076 -0.0543869 0.553318 -1.66839
0.0413487 -0.00755011 0.331647 0.016528
0.0422516 -0.0112585 0.361104 -0.288863
0.0489817 -0.0108215 0.384817 -0.528219
0.0382908 -0.00870576 0.326597 0.0157292
0.0854513 -0.0252037 0.853596 -4.26157
0.0397432 -0.0105159 0.357655 0.0185428
-1.21877 0.152256 1.6108 0.160741
5.13285 -0.411048 -33.8858 -5.75693
0.0440407 -0.0149863 0.424148 -0.812553
0.0346528 -0.00905687 0.309359 0.0138627
0.0385916 -0.0101881 0.363605 -0.360793
0.044043 -0.0141433 0.391475 -0.503626
0.044043 -0.0141433 0.391475 -0.503626
0.038472 -0.0119487 0.353637 -0.462405
0.0819487 -0.0218196 0.759568 -3.959
0.0476001 -0.00828368 0.359961 -0.437061
0.0735204 -0.01847 0.610122 -2.2961
0.0334258 -0.00810109 0.292163 0.012578
0.0357668 -0.00938587 0.320225 0.014898
0.0419616 -0.0115918 0.364672 -0.489362
0.0509125 -0.0160266 0.451683 -1.105
0.0565313 -0.0164814 0.480599 -1.25057
0.03699 -0.0148969 0.370901 -0.461871
0.0370281 -0.0131555 0.372858 0.0192556
0.0400257 -0.0123904 0.38614 -0.273766
0.0515273 -0.0139153 0.436415 -0.701945
0.0462734 -0.011588 0.409564 -0.326466
0.0323658 -0.010599 0.317014 0.0142523
0.0312185 -0.00746818 0.271396 0.248156
0.0321275 -0.00973608 0.302968 0.0130521
0.0535021 -0.01311 0.428041 -0.977826
0.0478464 -0.0110662 0.38895 -0.953043
0.0438116 -0.0104733 0.342663 -0.542005
0.0425233 -0.0145785 0.403045 -1.09177
0.0292479 -0.00892376 0.27616 0.0108772
0.070141 -0.0188515 0.595757 -2.28096
0.0426991 -0.0115642 0.364824 -0.403603
0.0371778 -0.00837739 0.315745 0.0146649
0.0345417 -0.00843133 0.303055 0.0135695
0.0382908 -0.00870576 0.326597 0.0157292
0.0431333 -0.0119887 0.397947 -0.30101
0.0648116 -0.0184251 0.542745 -1.4318
0.0497331 -0.0108274 0.386236 -0.452221
0.0296019 -0.0104151 0.296573 0.0122338
0.033681 -0.0120472 0.345092 -0.342674
0.0349906 -0.0123441 0.343636 -0.441305
0.0344829 -0.00560145 0.267273 0.0108722
0.0350714 -0.00914261 0.329659 -0.34946
0.0308989 -0.00877932 0.285752 0.0118171
0.0368334 -0.0119353 0.346061 -0.802401
0.0281289 -0.00859169 0.265226 0.00998844
0.0478464 -0.0110662 0.38895 -0.953043
0.0478257 -0.0113711 0.399649 -1.17025
0.0493372 -0.013839 0.430322 -1.16421
0.038472 -0.0119487 0.353637 -0.462405
0.0357668 -0.00938587 0.320225 0.014898
0.0350714 -0.00914261 0.329659 -0.34946
0.0419616 -0.0115918 0.364672 -0.489362
0.0426991 -0.0115642 0.364824 -0.403603
0.0349906 -0.0123441 0.343636 -0.441305
0.0296678 -0.00782093 0.268501 0.0106333
0.0434402 -0.0143549 0.391959 -0.897238
0.0406319 -0.00903814 0.338689 -0.385694
0.0406319 -0.00903814 0.338689 -0.385694
0.0344829 -0.00560145 0.267273 0.0108722
0.0308989 -0.00877932 0.285752 0.0118171
0.0321607 -0.00958459 0.317905 -0.319019
0.03619 -0.00828542 0.312609 0.014594
0.0462079 -0.0111961 0.375607 -0.428801
0.0371778 -0.00837739 0.315745 0.0146649
0.0357668 -0.00938587 0.320225 0.014898
0.0419616 -0.0115918 0.364672 -0.489362
0.0332425 -0.0100657 0.313848 0.014058
0.0312185 -0.00746818 0.271396 0.248156
0.0419616 -0.0115918 0.364672 -0.489362
0.0321275 -0.00973608 0.302968 0.0130521
0.0509125 -0.0160266 0.451683 -1.105
0.044043 -0.0141433 0.391475 -0.503626
0.0635825 -0.0158036 0.506243 -1.29598
0.0672154 -0.0154895 0.519495 -1.32134
0.0531412 -0.011123 0.423675 -0.739978
0.0512594 -0.0142508 0.449645 -0.88196
0.0502221 -0.0135528 0.41665 -0.95721
0.0406319 -0.00903814 0.338689 -0.385694
0.0359523 -0.00742265 0.29857 0.0133315
0.0370672 -0.00775231 0.309449 0.0143529
0.0468694 -0.0139686 0.404622 -0.930441
0.0461692 -0.014836 0.425313 -0.41055
0.0313461 -0.00837305 0.292448 0.349823
0.03619 -0.00828542 0.312609 0.014594
0.0489817 -0.0108215 0.384817 -0.528219
0.0292479 -0.00892376 0.27616 0.0108772
0.0521036 -0.0164786 0.454092 -1.65321
0.0349906 -0.0123441 0.343636 -0.441305
0.0382908 -0.00870576 0.326597 0.0157292
0.0350714 -0.00914261 0.329659 -0.34946
0.0443696 -0.0114147 0.375612 -0.91413
0.0306894 -0.0124664 0.333103 -0.311431
0.0368334 -0.0119353 0.346061 -0.802401
0.0310773 -0.0068116 0.264001 0.0104342
0.0403579 -0.0108612 0.332273 -0.519366
0.0591711 -0.0159771 0.496689 -1.99868
0.0283035 -0.00662149 0.243423 0.00872762
0.0346528 -0.00905687 0.309359 0.0138627
0.0459482 -0.014216 0.416806 -1.12978
0.0334258 -0.00810109 0.292163 0.012578
0.0493372 -0.013839 0.430322 -1.16421
0.0211463 -0.00848381 0.240447 0.353233
0.0258442 -0.0101351 0.272915 0.0102708
0.0281289 -0.00859169 0.265226 0.00998844
0.0350714 -0.00914261 0.329659 -0.34946
0.0344829 -0.00560145 0.267273 0.0108722
0.0594397 -0.0158467 0.483269 -1.72305
0.0281289 -0.00859169 0.265226 0.00998844
0.0294243 -0.00695472 0.254382 0.0095658
0.0321607 -0.00958459 0.317905 -0.319019
0.0294243 -0.00695472 0.254382 0.0095658
0.0443511 -0.0117159 0.385447 -1.127
0.019869 -0.00620183 0.218638 0.393402
0.0505096 -0.0164194 0.467631 -1.3326
0.033681 -0.0120472 0.345092 -0.342674
0.0308989 -0.00877932 0.285752 0.0118171
0.0233949 -0.00674789 0.24966 0.452505
0.0256519 -0.00726694 0.229787 0.256167
0.0272529 -0.00912528 0.268404 0.010153
0.033681 -0.0120472 0.345092 -0.342674
0.0493372 -0.013839 0.430322 -1.16421
0.0478464 -0.0110662 0.38895 -0.953043
0.0310773 -0.0068116 0.264001 0.0104342
0.0283717 -0.00945732 0.279336 0.0110481
0.0485531 -0.013649 0.420269 -1.64315
0.0406319 -0.00903814 0.338689 -0.385694
0.0385916 -0.0101881 0.363605 -0.360793
0.0426991 -0.0115642 0.364824 -0.403603
0.0367015 -0.0116271 0.35685 -0.371365
0.044043 -0.0141433 0.391475 -0.503626
0.0509125 -0.0160266 0.451683 -1.105
0.0468694 -0.0139686 0.404622 -0.930441
0.0312185 -0.00746818 0.271396 0.248156
0.0434402 -0.0143549 0.391959 -0.897238
0.0468694 -0.0139686 0.404622 -0.930441
0.0346528 -0.00905687 0.309359 0.0138627
0.0598921 -0.0160865 0.492182 -1.26419
0.0319537 -0.00627818 0.260829 0.0102227
0.0285482 -0.00748835 0.257558 0.00975283
0.0308427 -0.00893767 0.283395 -0.433001
0.0449404 -0.013895 0.400062 -1.55109
0.0334258 -0.00810109 0.292163 0.012578
0.0350714 -0.00914261 0.329659 -0.34946
0.0321275 -0.00973608 0.302968 0.0130521
0.038472 -0.0119487 0.353637 -0.462405
0.0350714 -0.00914261 0.329659 -0.34946
0.0365693 -0.00945868 0.327653 -0.451053
0.0468694 -0.0139686 0.404622 -0.930441
0.0468694 -0.0139686 0.404622 -0.930441
0.02672 -0.00960132 0.269735 0.0101245
0.0308989 -0.00877932 0.285752 0.0118171
0.0292479 -0.00892376 0.27616 0.0108772
0.0350714 -0.00914261 0.329659 -0.34946
0.0478464 -0.0110662 0.38895 -0.953043
0.0321961 -0.00714366 0.274933 0.0113451
0.0296678 -0.00782093 0.268501 0.0106333
0.0283717 -0.00945732 0.279336 0.0110481
0.0267433 -0.00559056 0.240821 0.301746
0.0350714 -0.00914261 0.329659 -0.34946
0.0434402 -0.0143549 0.391959 -0.897238
0.0459482 -0.014216 0.416806 -1.12978
0.0369127 -0.0112479 0.321751 -0.494751
0.0272529 -0.00912528 0.268404 0.010153
0.0296678 -0.00782093 0.268501 0.0106333
0.0425233 -0.0145785 0.403045 -1.09177
0.0283717 -0.00945732 0.279336 0.0110481
0.0368334 -0.0119353 0.346061 -0.802401
0.0283717 -0.00945732 0.279336 0.0110481
0.0443696 -0.0114147 0.375612 -0.91413
0.0319537 -0.00627818 0.260829 0.0102227
0.0349666 -0.00871721 0.294689 -0.476067
0.0361383 -0.0120519 0.351586 -0.975985
0.0256002 -0.00926871 0.258789 0.00926612
0.0449404 -0.013895 0.400062 -1.55109
0.0285482 -0.00748835 0.257558 0.00975283
0.0256519 -0.00726694 0.229787 0.256167
0.0464728 -0.0164434 0.437923 -1.57731
0.0292479 -0.00892376 0.27616 0.0108772
0.0260187 -0.00816489 0.251112 0.00906391
0.0283035 -0.00662149 0.243423 0.00872762
0.0443696 -0.0114147 0.375612 -0.91413
0.0260187 -0.00816489 0.251112 0.00906391
0.0272529 -0.00912528 0.268404 0.010153
0.0281289 -0.00859169 0.265226 0.00998844
0.0443696 -0.0114147 0.375612 -0.91413
0.0308337 -0.00594545 0.249881 0.00935369
0.0310773 -0.0068116 0.264001 0.0104342
0.0258352 -0.00737618 0.238397 0.00826651
0.0260187 -0.00816489 0.251112 0.00906391
0.0209325 -0.00517221 0.194663 0.361948
0.0209325 -0.00517221 0.194663 0.361948
0.0283035 -0.00662149 0.243423 0.00872762
0.0319931 -0.0124187 0.343043 -0.950575
0.0454693 -0.0112066 0.374772 -0.509352
0.0321275 -0.00973608 0.302968 0.0130521
0.0350714 -0.00914261 0.329659 -0.34946
0.0359523 -0.00742265 0.29857 0.0133315
0.0425233 -0.0145785 0.403045 -1.09177
0.0408616 -0.0117511 0.362143 -0.872325
0.0323087 -0.00777018 0.281256 0.0116227
0.0336214 -0.0048581 0.259237 0.242567
0.0294243 -0.00695472 0.254382 0.0095658
0.0319537 -0.00627818 0.260829 0.0102227
0.0327997 -0.0115889 0.30829 -0.554716
0.0258352 -0.00737618 0.238397 0.00826651
0.0331234 -0.00986181 0.31767 -0.428465
0.0521036 -0.0164786 0.454092 -1.65321
0.0321961 -0.00714366 0.274933 0.0113451
0.0281289 -0.00859169 0.265226 0.00998844
0.0294243 -0.00695472 0.254382 0.0095658
0.0272529 -0.00912528 0.268404 0.010153
0.0281289 -0.00859169 0.265226 0.00998844
0.0331234 -0.00986181 0.31767 -0.428465
0.0250086 -0.00638762 0.262752 0.351441
0.0419616 -0.0115918 0.364672 -0.489362
0.0371778 -0.00837739 0.315745 0.0146649
0.0489817 -0.0108215 0.384817 -0.528219
0.0332502 -0.00464194 0.249999 0.00968731
0.0365693 -0.00945868 0.327653 -0.451053
0.0256519 -0.00726694 0.229787 0.256167
0.0274275 -0.00715514 0.246601 0.00890824
0.0294243 -0.00695472 0.254382 0.0095658
0.0408616 -0.0117511 0.362143 -0.872325
0.0493372 -0.013839 0.430322 -1.16421
0.029781 -0.00844784 0.274832 0.0108918
0.0557747 -0.0161654 0.468876 -1.69059
0.0408616 -0.0117511 0.362143 -0.872325
0.0296678 -0.00782093 0.268501 0.0106333
0.0321607 -0.00958459 0.317905 -0.319019
0.0321961 -0.00714366 0.274933 0.0113451
0.0502221 -0.0135528 0.41665 -0.95721
0.0771954 -0.0181313 0.666216 -3.37477
0.0307547 -0.0042154 0.235315 0.486137
0.0638892 -0.00748436 0.435162 -0.429254
0.0491468 -0.00636461 0.364628 0.0204679
0.0464243 -0.00899934 0.379728 0.0215882
0.0689161 -0.0158805 0.534848 -1.02922
0.0242221 -0.00484518 0.206461 0.303865
0.016563 -0.0016023 0.157435 0.71688
0.0339736 -0.00843757 0.295084 -0.353907
0.0210371 -0.00325629 0.181107 0.660473
0.0374134 -0.00923862 0.329751 0.0159718
0.0359523 -0.00742265 0.29857 0.0133315
0.0454693 -0.0112066 0.374772 -0.509352
0.0426991 -0.0115642 0.364824 -0.403603
