0.0524593 -0.0163974 0.443452 -1.41189
0.0684185 -0.0219001 0.676181 -3.64513
0.0300225 -0.0093129 0.288925 0.0120028
-0.201436 0.000687887 0.291519 0.191229
0.361037 -0.117299 0.0602807 3.28433
0.0440155 -0.0122993 0.399462 -0.396512
0.0350714 -0.00914261 0.329659 -0.34946
0.0449254 -0.0141094 0.390644 -0.418962
0.0527286 -0.0165372 0.472159 -0.84702
0.0522445 -0.0167628 0.483229 -1.01306
0.0624662 -0.0187744 0.520193 -1.24238
0.0837734 -0.0594006 0.00092053 2.01373
0.292403 -0.105943 0.070084 3.41808
0.0304814 -0.0107495 0.340489 -0.288925
0.0321275 -0.00973608 0.302968 0.0130521
0.0357668 -0.00938587 0.320225 0.014898
0.0296019 -0.0104151 0.296573 0.0122338
0.0404338 -0.0153137 0.411273 -0.77779
0.0404338 -0.0153137 0.411273 -0.77779
-5.23883 0.33574 43.6164 -7.17625
0.0428096 -0.0079388 0.31521 -0.425695
0.0598921 -0.0160865 0.492182 -1.26419
0.038472 -0.0119487 0.353637 -0.462405
0.0509125 -0.0160266 0.451683 -1.105
0.0367015 -0.0116271 0.35685 -0.371365
0.0321275 -0.00973608 0.302968 0.0130521
0.0334258 -0.00810109 0.292163 0.012578
0.040676 -0.0173995 0.418689 -1.04665
0.0262992 -0.00614206 0.255758 0.44286
0.0509125 -0.0160266 0.451683 -1.105
0.0357668 -0.00938587 0.320225 0.014898
0.0512594 -0.0142508 0.449645 -0.88196
0.0477477 -0.0165243 0.441591 -1.09683
0.0477477 -0.0165243 0.441591 -1.09683
0.0296019 -0.0104151 0.296573 0.0122338
0.0334258 -0.00810109 0.292163 0.012578
0.0443696 -0.0114147 0.375612 -0.91413
0.0321607 -0.00958459 0.317905 -0.319019
0.0260187 -0.00816489 0.251112 0.00906391
0.0368334 -0.0119353 0.346061 -0.802401
0.0346528 -0.00905687 0.309359 0.0138627
0.0346528 -0.00905687 0.309359 0.0138627
0.0344665 -0.0110195 0.331002 0.0153876
0.0286114 -0.00806783 0.262768 0.26718
0.0404712 -0.0126721 0.389121 -0.374494
0.0357668 -0.00938587 0.320225 0.014898
0.0475788 -0.0137655 0.401632 -0.522585
0.0512594 -0.0142508 0.449645 -0.88196
0.0256519 -0.00726694 0.229787 0.256167
0.0283717 -0.00945732 0.279336 0.0110481
0.019869 -0.00620183 0.218638 0.393402
0.0591711 -0.0159771 0.496689 -1.99868
0.0286114 -0.00806783 0.262768 0.26718
0.0368334 -0.0119353 0.346061 -0.802401
0.0244418 -0.00839358 0.242974 0.00838665
0.0390597 -0.0149263 0.389103 -1.05049
0.0350714 -0.00914261 0.329659 -0.34946
0.0417878 -0.0123996 0.395596 -0.802044
0.0459482 -0.014216 0.416806 -1.12978
0.0281289 -0.00859169 0.265226 0.00998844
0.038472 -0.0119487 0.353637 -0.462405
0.0349906 -0.0123441 0.343636 -0.441305
0.033681 -0.0120472 0.345092 -0.342674
0.038472 -0.0119487 0.353637 -0.462405
0.0281289 -0.00859169 0.265226 0.00998844
0.0349906 -0.0123441 0.343636 -0.441305
0.0272529 -0.00912528 0.268404 0.010153
0.0334258 -0.00810109 0.292163 0.012578
0.0518409 -0.0130015 0.423299 -1.41921
0.0321607 -0.00958459 0.317905 -0.319019
0.0368334 -0.0119353 0.346061 -0.802401
0.0272529 -0.00912528 0.268404 0.010153
0.0343025 -0.00756797 0.288999 0.0123586
0.0318201 -0.00714248 0.267861 0.326675
0.0262992 -0.00614206 0.255758 0.44286
0.0321275 -0.00973608 0.302968 0.0130521
0.0220098 -0.00683679 0.252618 0.384222
0.033681 -0.0120472 0.345092 -0.342674
0.0377403 -0.01262 0.381356 -0.751023
0.0308989 -0.00877932 0.285752 0.0118171
0.0319435 -0.0117002 0.324642 0.0144907
0.0405132 -0.0145204 0.381234 -0.483429
0.0290445 -0.0101867 0.285733 0.238622
0.0537702 -0.0140351 0.471003 -1.06345
0.0497331 -0.0108274 0.386236 -0.452221
0.0598921 -0.0160865 0.492182 -1.26419
0.0509125 -0.0160266 0.451683 -1.105
0.0598765 -0.018405 0.521096 -1.85859
0.038472 -0.0119487 0.353637 -0.462405
0.0419616 -0.0115918 0.364672 -0.489362
0.0333557 -0.0102732 0.351328 -0.311953
0.029781 -0.00844784 0.274832 0.0108918
0.0419616 -0.0115918 0.364672 -0.489362
0.036951 -0.0130476 0.378701 -0.351336
0.0334258 -0.00810109 0.292163 0.012578
0.0345417 -0.00843133 0.303055 0.0135695
0.0211463 -0.00848381 0.240447 0.353233
0.0281289 -0.00859169 0.265226 0.00998844
0.0315201 -0.0127391 0.333519 -0.418554
0.0406319 -0.00903814 0.338689 -0.385694
0.0321607 -0.00958459 0.317905 -0.319019
0.0243036 -0.00575518 0.227484 0.422693
0.0233016 -0.00804657 0.231802 0.00759945
0.022115 -0.00754023 0.219424 0.297676
0.0407434 -0.0119818 0.368942 -1.06192
0.0407434 -0.0119818 0.368942 -1.06192
0.0408616 -0.0117511 0.362143 -0.872325
0.0390597 -0.0149263 0.389103 -1.05049
0.0477477 -0.0165243 0.441591 -1.09683
0.0380026 -0.0137217 0.346295 -0.590195
0.0294894 -0.00978868 0.290252 0.0119786
0.0296019 -0.0104151 0.296573 0.0122338
0.0170791 -0.0067887 0.211159 0.412815
0.0241919 -0.0102786 0.263304 0.0093634
0.0256002 -0.00926871 0.258789 0.00926612
0.0365693 -0.00945868 0.327653 -0.451053
0.0443696 -0.0114147 0.375612 -0.91413
0.0310773 -0.0068116 0.264001 0.0104342
0.0390597 -0.0149263 0.389103 -1.05049
0.0296976 -0.0102668 0.307594 -0.404276
0.0285482 -0.00748835 0.257558 0.00975283
0.0361383 -0.0120519 0.351586 -0.975985
0.0622367 -0.0191553 0.589278 -3.22638
0.0354842 -0.0152065 0.373178 -0.990811
0.0283717 -0.00945732 0.279336 0.0110481
0.0182063 -0.00632665 0.200284 0.541309
0.0306894 -0.0124664 0.333103 -0.311431
0.0281289 -0.00859169 0.265226 0.00998844
0.0258442 -0.0101351 0.272915 0.0102708
0.0256002 -0.00926871 0.258789 0.00926612
0.0283717 -0.00945732 0.279336 0.0110481
0.0308989 -0.00877932 0.285752 0.0118171
0.0310773 -0.0068116 0.264001 0.0104342
0.0369127 -0.0112479 0.321751 -0.494751
0.0256002 -0.00926871 0.258789 0.00926612
0.0368334 -0.0119353 0.346061 -0.802401
0.0346528 -0.00905687 0.309359 0.0138627
0.0332425 -0.0100657 0.313848 0.014058
0.0321275 -0.00973608 0.302968 0.0130521
0.029781 -0.00844784 0.274832 0.0108918
0.0405132 -0.0145204 0.381234 -0.483429
0.0296019 -0.0104151 0.296573 0.0122338
0.0296019 -0.0104151 0.296573 0.0122338
0.0308989 -0.00877932 0.285752 0.0118171
0.0272529 -0.00912528 0.268404 0.010153
0.0424727 -0.0134165 0.359074 -0.533156
0.0365693 -0.00945868 0.327653 -0.451053
0.0502221 -0.0135528 0.41665 -0.95721
0.0283035 -0.00662149 0.243423 0.00872762
0.0258352 -0.00737618 0.238397 0.00826651
0.0244418 -0.00839358 0.242974 0.00838665
0.0394205 -0.0136639 0.380371 -1.43309
0.0321607 -0.00958459 0.317905 -0.319019
0.029781 -0.00844784 0.274832 0.0108918
0.0425233 -0.0145785 0.403045 -1.09177
0.0269628 -0.010467 0.283844 0.0111713
0.0434402 -0.0143549 0.391959 -0.897238
0.0292479 -0.00892376 0.27616 0.0108772
0.0369127 -0.0112479 0.321751 -0.494751
0.0349906 -0.0123441 0.343636 -0.441305
0.0180118 -0.00891311 0.230526 0.388808
0.0206372 -0.00589367 0.213076 0.493587
0.0270758 -0.0110939 0.290172 0.0114073
0.038472 -0.0119487 0.353637 -0.462405
0.0267433 -0.00559056 0.240821 0.301746
0.0283717 -0.00945732 0.279336 0.0110481
0.0258442 -0.0101351 0.272915 0.0102708
0.0244418 -0.00839358 0.242974 0.00838665
0.0283717 -0.00945732 0.279336 0.0110481
0.0321607 -0.00958459 0.317905 -0.319019
0.0196612 -0.00756066 0.246217 0.391154
0.0245494 -0.0117724 0.283767 0.0105716
0.0300645 -0.0120178 0.300194 -0.438285
0.0170791 -0.0067887 0.211159 0.412815
0.0361383 -0.0120519 0.351586 -0.975985
0.0327997 -0.0115889 0.30829 -0.554716
0.0260187 -0.00816489 0.251112 0.00906391
0.0256002 -0.00926871 0.258789 0.00926612
0.0258442 -0.0101351 0.272915 0.0102708
0.0321607 -0.00958459 0.317905 -0.319019
0.0415828 -0.0107259 0.358279 -1.28187
0.0256519 -0.00726694 0.229787 0.256167
0.0242344 -0.0103437 0.296677 -0.353527
0.0236008 -0.00893646 0.246171 0.00850217
0.0244418 -0.00839358 0.242974 0.00838665
0.0300962 -0.00890647 0.281855 -0.534611
0.0244418 -0.00839358 0.242974 0.00838665
0.0280145 -0.0116955 0.297246 -0.508677
0.0256002 -0.00926871 0.258789 0.00926612
0.0233163 -0.0108126 0.26649 0.0094848
0.0281289 -0.00859169 0.265226 0.00998844
0.0407434 -0.0119818 0.368942 -1.06192
0.0233163 -0.0108126 0.26649 0.0094848
0.0136978 -0.00567883 0.191194 0.64442
0.0258352 -0.00737618 0.238397 0.00826651
0.0308337 -0.00594545 0.249881 0.00935369
0.0285482 -0.00748835 0.257558 0.00975283
0.0283035 -0.00662149 0.243423 0.00872762
0.0280145 -0.0116955 0.297246 -0.508677
0.0236008 -0.00893646 0.246171 0.00850217
0.0233016 -0.00804657 0.231802 0.00759945
0.0319931 -0.0124187 0.343043 -0.950575
0.0416054 -0.0140466 0.377148 -1.26913
0.0195385 -0.00774113 0.207547 0.00598677
0.0334258 -0.00810109 0.292163 0.012578
0.0294894 -0.00978868 0.290252 0.0119786
0.0220098 -0.00683679 0.252618 0.384222
0.0270657 -0.00504346 0.232086 0.422177
0.0258442 -0.0101351 0.272915 0.0102708
0.0283717 -0.00945732 0.279336 0.0110481
0.0283717 -0.00945732 0.279336 0.0110481
0.0438116 -0.0104733 0.342663 -0.542005
0.0368334 -0.0119353 0.346061 -0.802401
0.0200815 -0.00370559 0.190437 0.541711
0.0280145 -0.0116955 0.297246 -0.508677
0.0280145 -0.0116955 0.297246 -0.508677
0.0283717 -0.00945732 0.279336 0.0110481
0.0518292 -0.016607 0.465679 -1.92197
0.0321607 -0.00958459 0.317905 -0.319019
0.0256002 -0.00926871 0.258789 0.00926612
0.0296976 -0.0102668 0.307594 -0.404276
0.0170791 -0.0067887 0.211159 0.412815
0.022115 -0.00754023 0.219424 0.297676
0.0327997 -0.0115889 0.30829 -0.554716
0.0281289 -0.00859169 0.265226 0.00998844
0.0296019 -0.0104151 0.296573 0.0122338
0.0312185 -0.00746818 0.271396 0.248156
0.0336214 -0.0048581 0.259237 0.242567
0.0308337 -0.00594545 0.249881 0.00935369
0.0280152 -0.00796419 0.258886 0.00974484
0.0300645 -0.0120178 0.300194 -0.438285
0.0244418 -0.00839358 0.242974 0.00838665
0.0281289 -0.00859169 0.265226 0.00998844
0.0281289 -0.00859169 0.265226 0.00998844
0.0321607 -0.00958459 0.317905 -0.319019
0.0181179 -0.00384108 0.175699 0.670607
0.0274956 -0.00999112 0.282514 0.0112094
0.0256519 -0.00726694 0.229787 0.256167
0.0260187 -0.00816489 0.251112 0.00906391
0.0368334 -0.0119353 0.346061 -0.802401
0.0296575 -0.013243 0.332312 0.0147622
0.0557747 -0.0161654 0.468876 -1.69059
0.0453336 -0.0120581 0.408353 -0.836648
0.253629 -0.0416275 -0.0120941 -0.290558
0.0655586 -0.0157413 0.52215 -0.609793
0.0392976 -0.00466471 0.298574 0.303787
0.0384394 -0.0121471 0.368383 0.0190789
0.0549474 -0.0135226 0.448161 -0.727296
0.0249943 -0.00791904 0.241594 0.00840137
0.0276159 -0.0093738 0.272965 -0.405448
0.0361383 -0.0120519 0.351586 -0.975985
0.0128602 -0.00312321 0.17134 0.744676
0.0321275 -0.00973608 0.302968 0.0130521
0.033776 -0.00959001 0.312522 0.0140751
0.0308989 -0.00877932 0.285752 0.0118171
0.0321607 -0.00958459 0.317905 -0.319019
