-6.4824 0.434863 51.2304 -6.80733
0.0404712 -0.0126721 0.389121 -0.374494
0.0359523 -0.00742265 0.29857 0.0133315
0.28099 -0.101171 -0.00967016 1.96446
-0.107445 -0.00661015 -0.564526 -5.68527
0.0931704 -0.0209075 0.755644 -2.8407
0.26087 -0.0445776 0.0663106 -0.346121
0.249312 -0.0378709 0.0607684 -0.298519
0.0473031 -0.00846741 0.3766 0.0212774
0.0546294 -0.00753021 0.380753 -0.481831
0.0649851 -0.0122688 0.481982 -0.788456
0.40469 -0.120573 0.00911654 3.03907
-0.107445 -0.00661015 -0.564526 -5.68527
0.0735896 -0.0184412 0.648785 -3.3545
0.308468 -0.0498753 -0.0730104 -0.376146
0.066145 -0.0184727 0.533688 -1.26957
0.0421174 -0.00639353 0.322224 0.0158951
0.0549474 -0.0135226 0.448161 -0.727296
0.0414135 -0.00951472 0.371702 -0.282082
0.487675 -0.0626574 -0.494786 -0.512826
-4.97172 0.328371 41.4469 -7.19356
0.0468227 -0.00509122 0.336807 0.0176763
0.0515273 -0.0139153 0.436415 -0.701945
0.0776215 -0.0180182 0.607415 -2.04377
0.0583284 -0.0131162 0.459653 -0.749978
0.0639793 -0.0161069 0.518914 -1.51432
0.0429032 -0.00657143 0.354343 -0.27455
4.41412 -0.309259 -39.6992 -8.51327
2.1678 -0.230392 -10.3164 -4.91695
0.0727132 -0.0148337 0.505789 -0.988207
0.0792557 -0.0149736 0.574624 -1.62302
0.0509969 -0.00272431 0.330663 0.0172697
0.0353649 -0.00694449 0.279353 0.286955
0.0735204 -0.01847 0.610122 -2.2961
0.0598921 -0.0160865 0.492182 -1.26419
0.0533226 -0.00494199 0.353444 -0.375055
0.0591106 -0.0127775 0.477414 -1.43806
0.0547944 -0.0104095 0.418174 -1.0451
0.038472 -0.0119487 0.353637 -0.462405
0.0535021 -0.01311 0.428041 -0.977826
0.0708654 -0.0151777 0.532688 -1.34555
0.0644167 -0.0156306 0.492478 -1.10199
0.0708654 -0.0151777 0.532688 -1.34555
0.0566668 -0.0107834 0.437329 -0.779151
0.260619 -0.0433162 0.0691943 -0.306617
0.0616732 -0.0126976 0.470915 -0.770259
0.0528648 -0.00828161 0.399575 -0.262741
0.0791394 -0.0144687 0.548467 -1.2276
0.0450052 -0.0104847 0.341324 -0.443354
0.0478257 -0.0113711 0.399649 -1.17025
0.0814588 -0.0251848 0.79161 -3.90595
0.0613422 -0.00985307 0.454446 -1.30794
0.0465392 -0.00796613 0.359336 -0.331772
0.0495986 -0.00821663 0.37269 -0.989144
0.0334258 -0.00810109 0.292163 0.012578
0.041805 -0.00792388 0.31543 -0.526382
0.0566668 -0.0107834 0.437329 -0.779151
0.0531412 -0.011123 0.423675 -0.739978
0.0462734 -0.011588 0.409564 -0.326466
0.0448029 -0.00547678 0.332679 -0.309978
0.0883672 -0.0226242 0.712065 -2.19493
0.051883 -0.0097382 0.363465 -0.496717
0.0645185 -0.0124794 0.47129 -1.58334
0.0672154 -0.0154895 0.519495 -1.32134
0.0286523 -0.00368267 0.247956 0.421738
0.0291555 -0.00629659 0.274984 0.302058
0.0347241 -0.00646618 0.28136 0.0120494
0.0677304 -0.0120434 0.48224 -1.58465
0.0437189 -0.00342507 0.296159 0.0137067
0.0945621 -0.0228164 0.994391 -6.19235
0.0454693 -0.0112066 0.374772 -0.509352
0.0462079 -0.0111961 0.375607 -0.428801
0.045368 -0.00327941 0.305719 0.0146995
0.0568168 -0.0100867 0.407098 -0.494403
0.0526172 -0.00861376 0.402991 -0.43834
0.354053 -0.0534846 -0.135225 -0.439939
0.0436764 -0.00882593 0.359521 0.0191742
0.0507356 -0.00969402 0.363125 -0.58231
0.0598852 -0.012163 0.449229 -1.00414
0.0532705 -0.0104576 0.396727 -0.474037
0.0560289 -0.016092 0.482846 -0.862413
0.0400257 -0.0123904 0.38614 -0.273766
0.0515273 -0.0139153 0.436415 -0.701945
0.0729055 -0.0120849 0.506093 -1.21234
0.075335 -0.0117734 0.529867 -1.4136
0.0488111 -0.00488547 0.34448 0.0185021
0.0412395 -0.00692617 0.325372 0.0161839
0.0655914 -0.0126899 0.478779 -1.15092
0.0686288 -0.0145624 0.51694 -1.71077
0.0545502 -0.00832401 0.4108 -0.776391
0.0655914 -0.0126899 0.478779 -1.15092
0.0421174 -0.00639353 0.322224 0.0158951
0.0501502 -0.00925759 0.402938 0.0241948
0.286609 -0.0431319 -0.0455105 -0.194837
0.0616732 -0.0126976 0.470915 -0.770259
0.0708654 -0.0151777 0.532688 -1.34555
0.0359523 -0.00742265 0.29857 0.0133315
0.0344829 -0.00560145 0.267273 0.0108722
0.0291555 -0.00629659 0.274984 0.302058
0.0525809 -0.00495882 0.353232 -0.461116
0.0436082 -0.00279996 0.289861 0.0133566
0.0448029 -0.00547678 0.332679 -0.309978
0.0443696 -0.0114147 0.375612 -0.91413
0.041805 -0.00792388 0.31543 -0.526382
0.212553 -0.0313954 0.0356254 -0.219679
0.031384 -0.0023654 0.239358 0.264253
0.0352731 -0.00149757 0.240113 0.354406
0.0375456 -0.00444906 0.272394 0.0114647
0.0754331 -0.0153767 0.576853 -2.10669
0.0515273 -0.0139153 0.436415 -0.701945
0.0684153 -0.0180893 0.555122 -1.44834
0.0594342 -0.0103299 0.435076 -1.11586
0.0334258 -0.00810109 0.292163 0.012578
0.0336062 -0.00613466 0.27044 0.011108
0.0518409 -0.0130015 0.423299 -1.41921
0.0593411 -0.0126394 0.469278 -1.24704
0.0521125 -0.00673104 0.345844 -0.588583
0.0686288 -0.0145624 0.51694 -1.71077
0.0518409 -0.0130015 0.423299 -1.41921
0.0667085 -0.0154198 0.530537 -2.09363
0.038663 -0.00478018 0.283305 0.0124324
0.0472712 -0.0100842 0.352942 -0.562918
0.066542 -0.0155525 0.548189 -2.42411
0.0344829 -0.00560145 0.267273 0.0108722
0.0593411 -0.0126394 0.469278 -1.24704
0.0406319 -0.00903814 0.338689 -0.385694
0.0389018 -0.00564359 0.297358 0.0137157
0.0434716 -0.00836576 0.347189 -0.300219
0.0347241 -0.00646618 0.28136 0.0120494
0.0468694 -0.0139686 0.404622 -0.930441
0.237589 -0.0351024 -0.0344065 -0.239785
0.0598852 -0.012163 0.449229 -1.00414
0.0448029 -0.00547678 0.332679 -0.309978
0.0397792 -0.00511061 0.294201 0.0134343
0.0321961 -0.00714366 0.274933 0.0113451
0.0714351 -0.0157322 0.621784 -3.59329
0.0657699 -0.0130055 0.492475 -1.36925
0.0421174 -0.00639353 0.322224 0.0158951
0.0448029 -0.00547678 0.332679 -0.309978
0.0531412 -0.011123 0.423675 -0.739978
0.081984 -0.0205036 0.689248 -2.52975
0.03989 -0.00573588 0.300501 0.0137686
0.0410043 -0.00606509 0.311371 0.0148148
0.0672779 -0.0157073 0.530735 -1.5235
0.0414135 -0.00951472 0.371702 -0.282082
0.0512594 -0.0142508 0.449645 -0.88196
0.0507356 -0.00969402 0.363125 -0.58231
0.0622047 -0.0092158 0.426398 -0.882364
0.0395403 -0.00424744 0.28015 0.0121453
0.0360436 -0.00206581 0.235976 0.0089113
0.0310773 -0.0068116 0.264001 0.0104342
0.041805 -0.00792388 0.31543 -0.526382
0.0682127 -0.0122704 0.49729 -1.87465
0.0868272 -0.0217994 0.767615 -3.67241
0.0397792 -0.00511061 0.294201 0.0134343
0.0489817 -0.0108215 0.384817 -0.528219
0.0424595 -0.0078771 0.342468 0.0176559
0.04047 -0.00654041 0.312688 0.0148538
0.0487833 -0.00687691 0.335648 -0.361535
0.0567191 -0.0126449 0.438863 -0.993104
0.068465 -0.0217787 0.611818 -2.18346
0.0434968 -0.00865419 0.347368 -0.491794
0.0565313 -0.0164814 0.480599 -1.25057
0.055641 -0.0100669 0.402808 -0.833142
0.0437189 -0.00342507 0.296159 0.0137067
0.0444436 -0.00909321 0.383353 -0.308928
0.0350753 -0.00795582 0.301733 0.0135663
0.0625308 -0.0155671 0.499231 -1.74809
0.0424918 -0.00246934 0.278962 0.012344
0.0456357 -0.00574962 0.333083 -0.417043
0.0397792 -0.00511061 0.294201 0.0134343
0.0421174 -0.00639353 0.322224 0.0158951
0.0401267 -0.0065978 0.314522 0.0150978
0.0428096 -0.0079388 0.31521 -0.425695
0.0574563 -0.00887227 0.381835 -0.93344
0.03619 -0.00828542 0.312609 0.014594
0.067104 -0.0155676 0.557228 -2.87504
0.0350714 -0.00914261 0.329659 -0.34946
0.0478257 -0.0113711 0.399649 -1.17025
0.0419575 -0.00294451 0.280277 0.012414
0.0469057 -0.00459887 0.307895 -0.55331
0.0681855 -0.0122337 0.507843 -2.48646
0.0383993 -0.00829433 0.304225 -0.495507
0.0350714 -0.00914261 0.329659 -0.34946
0.0535287 -0.010247 0.409153 -1.67653
0.0371912 -0.00295745 0.251976 0.00992659
0.0349037 -0.00449918 0.259625 0.0105378
0.036592 -0.0061817 0.311493 -0.33913
0.0421849 -0.00614507 0.322827 -0.392401
0.0294164 -0.00504713 0.25109 0.268323
0.03989 -0.00573588 0.300501 0.0137686
0.057247 -0.00984409 0.422663 -1.53634
0.0246241 -0.00440768 0.244089 0.361472
0.0310773 -0.0068116 0.264001 0.0104342
0.0259502 -0.00286714 0.212343 0.45216
0.0360115 -0.00114704 0.233601 0.454903
0.0486726 -0.00712901 0.335777 -0.569322
0.0399648 -0.0031474 0.272548 0.0115375
0.0267433 -0.00559056 0.240821 0.301746
0.0344829 -0.00560145 0.267273 0.0108722
0.033047 -0.00384294 0.237288 0.00878868
0.0344829 -0.00560145 0.267273 0.0108722
0.0434968 -0.00865419 0.347368 -0.491794
0.0323737 -0.00517544 0.253172 0.00992152
0.0448339 -0.00375473 0.307038 0.0147156
0.0469686 -0.0082513 0.357111 -0.510127
0.0441036 -0.00772827 0.351956 0.0187892
0.0657699 -0.0130055 0.492475 -1.36925
0.036592 -0.0061817 0.311493 -0.33913
0.0535021 -0.01311 0.428041 -0.977826
0.0286523 -0.00368267 0.247956 0.421738
0.0613422 -0.00985307 0.454446 -1.30794
0.029291 0.00151298 0.20915 0.499176
0.0679929 -0.012397 0.530681 -2.92882
0.027761 -0.00443324 0.211922 0.296702
0.0344829 -0.00560145 0.267273 0.0108722
0.217551 -0.0304993 0.00326038 -0.200745
0.0639793 -0.0161069 0.518914 -1.51432
0.041191 -0.00410269 0.289733 0.0130785
0.0395403 -0.00424744 0.28015 0.0121453
0.0547944 -0.0104095 0.418174 -1.0451
0.0406319 -0.00903814 0.338689 -0.385694
0.0513669 -0.0107694 0.404591 -1.00804
0.0372518 -0.0057885 0.287782 0.0127458
0.0598852 -0.012163 0.449229 -1.00414
0.0270785 0.000190992 0.215158 0.639132
0.0672154 -0.0154895 0.519495 -1.32134
0.0502257 -0.00387911 0.340049 0.0180413
0.0659138 -0.00960998 0.465025 -1.91905
0.0928645 -0.0203255 1.00752 -7.0231
0.0490816 -0.0128915 0.387695 -1.08133
0.0451184 -0.00831216 0.355651 -0.908224
0.0352731 -0.00149757 0.240113 0.354406
0.0412395 -0.00692617 0.325372 0.0161839
0.0677304 -0.0120434 0.48224 -1.58465
0.0580453 -0.0134031 0.472114 -0.92208
0.0496334 -0.00756478 0.371239 -0.360789
0.0321397 -0.00192705 0.230194 0.389998
0.0495986 -0.00821663 0.37269 -0.989144
0.0395403 -0.00424744 0.28015 0.0121453
0.0486726 -0.00712901 0.335777 -0.569322
0.0635825 -0.0158036 0.506243 -1.29598
0.084912 0.00385729 0.0010956 1.99033
0.0796176 -0.0118233 0.570736 -2.35809
0.0627203 -0.00138513 0.387465 0.0237606
0.311532 -0.0435208 0.0541564 -0.406572
0.0507883 -0.0062141 0.374076 0.0216587
-7.88579 0.499306 68.2123 -7.54834
0.0472712 -0.0100842 0.352942 -0.562918
0.0735896 -0.0184412 0.648785 -3.3545
0.0574951 -0.00937081 0.404259 -1.24537
0.0486726 -0.00712901 0.335777 -0.569322
0.0439989 -0.0118377 0.40156 0.023182
0.0440646 -0.00491093 0.316452 0.0154833
0.093256 -0.0207468 0.773705 -3.48101
-10.1485 0.675908 81.8137 -7.04701
