0.03989 -0.00573588 0.300501 0.0137686
0.0531412 -0.011123 0.423675 -0.739978
0.0559571 -0.0163547 0.493376 -1.02741
0.114645 -0.0677149 0.0138605 2.1877
-4.87705 0.557162 16.5712 -2.4227
0.0832588 -0.0150679 0.615707 -1.82418
0.077051 -0.0181326 0.625272 -2.31726
0.0510717 -0.00605864 0.378249 -0.349955
0.0832588 -0.0150679 0.615707 -1.82418
0.0634998 -0.00997632 0.460588 -0.826938
0.0649851 -0.0122688 0.481982 -0.788456
0.462752 -0.100232 -0.742477 -0.0594749
0.169788 -0.0569476 0.0111481 3.0577
0.0598852 -0.012163 0.449229 -1.00414
0.0568168 -0.0100867 0.407098 -0.494403
0.0636218 -0.0104962 0.47654 -1.02518
0.0410043 -0.00606509 0.311371 0.0148148
0.0462079 -0.0111961 0.375607 -0.428801
0.0348898 -0.00991896 0.323385 0.0151166
-7.20346 0.444622 62.1753 -7.49891
0.0792643 -0.0207903 0.65631 -2.24598
0.082575 -0.014789 0.611298 -2.18246
0.0515273 -0.0139153 0.436415 -0.701945
0.069327 -0.0126858 0.505968 -1.39483
0.069327 -0.0126858 0.505968 -1.39483
0.0546294 -0.00753021 0.380753 -0.481831
0.0708654 -0.0151777 0.532688 -1.34555
-2.30296 0.170908 14.9569 -4.94933
-1.33609 0.0948096 8.99353 -4.55807
0.0708654 -0.0151777 0.532688 -1.34555
0.0488111 -0.00488547 0.34448 0.0185021
0.0592488 -0.00751115 0.423185 -0.315594
0.0462079 -0.0111961 0.375607 -0.428801
0.0371778 -0.00837739 0.315745 0.0146649
0.0348898 -0.00991896 0.323385 0.0151166
0.0566668 -0.0107834 0.437329 -0.779151
0.0375456 -0.00444906 0.272394 0.0114647
0.0429032 -0.00657143 0.354343 -0.27455
0.0403579 -0.0108612 0.332273 -0.519366
0.0513669 -0.0107694 0.404591 -1.00804
0.0485805 -0.00402744 0.330548 0.0169298
0.0692451 -0.0123874 0.492473 -1.18243
0.0601089 -0.0103896 0.449163 -0.804931
0.0532705 -0.0104576 0.396727 -0.474037
0.0754351 -0.0147609 0.534663 -1.19862
0.047507 -0.00867372 0.394844 -0.334094
0.0486113 -0.00683923 0.365934 0.0205221
0.0649851 -0.0122688 0.481982 -0.788456
0.0350753 -0.00795582 0.301733 0.0135663
0.0419616 -0.0115918 0.364672 -0.489362
0.0308989 -0.00877932 0.285752 0.0118171
0.0376826 -0.00428833 0.266171 0.290593
0.0384785 -0.00674398 0.304973 0.0140773
0.055641 -0.0100669 0.402808 -0.833142
0.0308989 -0.00877932 0.285752 0.0118171
0.0370117 -0.00492453 0.273713 0.0115138
0.0546294 -0.00753021 0.380753 -0.481831
0.0458803 -0.00620336 0.368127 -0.314954
0.0511095 -0.00790703 0.370408 -0.460187
0.0352731 -0.00149757 0.240113 0.354406
0.0437637 -0.00624617 0.331745 0.0169664
0.038715 -0.00760592 0.318993 0.0153931
0.0410043 -0.00606509 0.311371 0.0148148
0.0465392 -0.00796613 0.359336 -0.331772
0.0406319 -0.00903814 0.338689 -0.385694
0.0350714 -0.00914261 0.329659 -0.34946
0.0321607 -0.00958459 0.317905 -0.319019
0.0412395 -0.00692617 0.325372 0.0161839
0.0547944 -0.0104095 0.418174 -1.0451
0.0511095 -0.00790703 0.370408 -0.460187
0.0419616 -0.0115918 0.364672 -0.489362
0.0547944 -0.0104095 0.418174 -1.0451
0.0531522 -0.00857342 0.403802 -0.365202
0.0485805 -0.00402744 0.330548 0.0169298
0.0603699 -0.0097144 0.417358 -0.513449
0.047507 -0.00867372 0.394844 -0.334094
0.0465392 -0.00796613 0.359336 -0.331772
0.0598921 -0.0160865 0.492182 -1.26419
0.0476001 -0.00828368 0.359961 -0.437061
0.0412395 -0.00692617 0.325372 0.0161839
0.0326727 -0.00530919 0.275524 0.379725
0.0397432 -0.0105159 0.357655 0.0185428
0.0565313 -0.0164814 0.480599 -1.25057
0.0475041 -0.00651452 0.355163 0.0193054
0.0601089 -0.0103896 0.449163 -0.804931
0.0876286 -0.0171557 0.673087 -2.38941
0.0515273 -0.0139153 0.436415 -0.701945
0.0657699 -0.0130055 0.492475 -1.36925
0.0581568 -0.00715288 0.391004 -0.502112
0.0581568 -0.00715288 0.391004 -0.502112
0.0531522 -0.00857342 0.403802 -0.365202
0.0532705 -0.0104576 0.396727 -0.474037
0.0531522 -0.00857342 0.403802 -0.365202
0.0583284 -0.0131162 0.459653 -0.749978
0.0583284 -0.0131162 0.459653 -0.749978
0.0497132 -0.00866645 0.387482 -0.233572
0.0359523 -0.00742265 0.29857 0.0133315
0.0343025 -0.00756797 0.288999 0.0123586
0.038472 -0.0119487 0.353637 -0.462405
0.0598852 -0.012163 0.449229 -1.00414
0.036592 -0.0061817 0.311493 -0.33913
0.041191 -0.00410269 0.289733 0.0130785
0.0229245 -0.00575976 0.228677 0.35565
0.0406319 -0.00903814 0.338689 -0.385694
0.0521125 -0.00673104 0.345844 -0.588583
0.0521125 -0.00673104 0.345844 -0.588583
0.0580282 -0.0102616 0.441326 -1.28014
0.0512886 -0.0110299 0.413962 -1.21131
0.0435298 -0.00538597 0.317765 0.0155435
0.0368293 -0.00688974 0.295411 0.0130877
0.0401267 -0.0065978 0.314522 0.0150978
0.0476001 -0.00828368 0.359961 -0.437061
0.0350714 -0.00914261 0.329659 -0.34946
0.0308989 -0.00877932 0.285752 0.0118171
0.0243036 -0.00575518 0.227484 0.422693
0.0395403 -0.00424744 0.28015 0.0121453
0.0486726 -0.00712901 0.335777 -0.569322
0.0511095 -0.00790703 0.370408 -0.460187
0.0267433 -0.00559056 0.240821 0.301746
0.0486726 -0.00712901 0.335777 -0.569322
0.0456357 -0.00574962 0.333083 -0.417043
0.0486726 -0.00712901 0.335777 -0.569322
0.0486726 -0.00712901 0.335777 -0.569322
0.0478464 -0.0110662 0.38895 -0.953043
0.0531412 -0.011123 0.423675 -0.739978
0.0419616 -0.0115918 0.364672 -0.489362
0.0462079 -0.0111961 0.375607 -0.428801
0.0372518 -0.0057885 0.287782 0.0127458
0.0350714 -0.00914261 0.329659 -0.34946
0.0308989 -0.00877932 0.285752 0.0118171
0.0312185 -0.00746818 0.271396 0.248156
0.0547944 -0.0104095 0.418174 -1.0451
0.0486726 -0.00712901 0.335777 -0.569322
0.0509321 -0.00864631 0.397915 -0.740203
0.0321607 -0.00958459 0.317905 -0.319019
0.0397792 -0.00511061 0.294201 0.0134343
0.0581568 -0.00715288 0.391004 -0.502112
0.0601089 -0.0103896 0.449163 -0.804931
0.0655914 -0.0126899 0.478779 -1.15092
0.0444436 -0.00909321 0.383353 -0.308928
0.055641 -0.0100669 0.402808 -0.833142
0.0384785 -0.00674398 0.304973 0.0140773
0.0489817 -0.0108215 0.384817 -0.528219
0.0410043 -0.00606509 0.311371 0.0148148
0.0426991 -0.0115642 0.364824 -0.403603
0.0357668 -0.00938587 0.320225 0.014898
0.0454693 -0.0112066 0.374772 -0.509352
0.0657699 -0.0130055 0.492475 -1.36925
0.0531743 -0.00793708 0.388633 -1.04901
0.041191 -0.00410269 0.289733 0.0130785
0.0350714 -0.00914261 0.329659 -0.34946
0.0456357 -0.00574962 0.333083 -0.417043
0.0618659 -0.00953694 0.44116 -1.09583
0.0448339 -0.00375473 0.307038 0.0147156
0.0426519 -0.00591843 0.32091 0.015851
0.038663 -0.00478018 0.283305 0.0124324
0.0410043 -0.00606509 0.311371 0.0148148
0.0395925 -0.00707304 0.315839 0.0151281
0.038715 -0.00760592 0.318993 0.0153931
0.0441056 -0.00866055 0.349395 -0.412294
0.0312185 -0.00746818 0.271396 0.248156
0.03619 -0.00828542 0.312609 0.014594
0.0225008 -0.00432604 0.222351 0.521676
0.0567191 -0.0126449 0.438863 -0.993104
0.0645366 -0.0125888 0.482821 -1.84454
0.0511095 -0.00790703 0.370408 -0.460187
0.0350714 -0.00914261 0.329659 -0.34946
0.0547944 -0.0104095 0.418174 -1.0451
0.0437189 -0.00342507 0.296159 0.0137067
0.0477912 -0.00505701 0.34467 -0.341252
0.0414285 -0.00496527 0.303767 0.0144205
0.0397792 -0.00511061 0.294201 0.0134343
0.0441056 -0.00866055 0.349395 -0.412294
0.0478464 -0.0110662 0.38895 -0.953043
0.0441056 -0.00866055 0.349395 -0.412294
0.0478464 -0.0110662 0.38895 -0.953043
0.0359523 -0.00742265 0.29857 0.0133315
0.0225008 -0.00432604 0.222351 0.521676
0.0310773 -0.0068116 0.264001 0.0104342
0.0441056 -0.00866055 0.349395 -0.412294
0.0344829 -0.00560145 0.267273 0.0108722
0.057247 -0.00984409 0.422663 -1.53634
0.0483597 -0.0133001 0.405651 -1.35156
0.0478464 -0.0110662 0.38895 -0.953043
0.0371912 -0.00295745 0.251976 0.00992659
0.0495986 -0.00821663 0.37269 -0.989144
0.0421849 -0.00614507 0.322827 -0.392401
0.041805 -0.00792388 0.31543 -0.526382
0.0608591 -0.0129038 0.467875 -1.80874
0.0336062 -0.00613466 0.27044 0.011108
0.0513669 -0.0107694 0.404591 -1.00804
0.0421849 -0.00614507 0.322827 -0.392401
0.0365693 -0.00945868 0.327653 -0.451053
0.0308337 -0.00594545 0.249881 0.00935369
0.0321607 -0.00958459 0.317905 -0.319019
0.0486726 -0.00712901 0.335777 -0.569322
0.0349037 -0.00449918 0.259625 0.0105378
0.0682127 -0.0122704 0.49729 -1.87465
0.0408616 -0.0117511 0.362143 -0.872325
0.036592 -0.0061817 0.311493 -0.33913
0.0371912 -0.00295745 0.251976 0.00992659
0.0433749 -0.00499107 0.298035 -0.531373
0.0371912 -0.00295745 0.251976 0.00992659
0.0337723 -0.00665805 0.300293 -0.311549
0.0496334 -0.00756478 0.371239 -0.360789
0.0560283 -0.0130482 0.456538 -1.22251
0.0531412 -0.011123 0.423675 -0.739978
0.0511095 -0.00790703 0.370408 -0.460187
0.0406319 -0.00903814 0.338689 -0.385694
0.0294164 -0.00504713 0.25109 0.268323
0.0334258 -0.00810109 0.292163 0.012578
0.0511095 -0.00790703 0.370408 -0.460187
0.036592 -0.0061817 0.311493 -0.33913
0.0531743 -0.00793708 0.388633 -1.04901
0.027139 -0.00572903 0.227323 0.00781806
0.0451184 -0.00831216 0.355651 -0.908224
0.0547944 -0.0104095 0.418174 -1.0451
0.0509321 -0.00864631 0.397915 -0.740203
0.0594342 -0.0103299 0.435076 -1.11586
0.0441056 -0.00866055 0.349395 -0.412294
0.0486726 -0.00712901 0.335777 -0.569322
0.0400289 -0.00905642 0.33755 -0.472132
0.0361347 -0.00545752 0.276875 0.0117742
0.0336214 -0.0048581 0.259237 0.242567
0.0497331 -0.0108274 0.386236 -0.452221
0.0384785 -0.00674398 0.304973 0.0140773
0.0363922 -0.00563396 0.292629 0.25338
0.0636218 -0.0104962 0.47654 -1.02518
0.032335 0.000658263 0.199991 0.542404
0.0846838 -0.0175644 0.702259 -3.4264
0.0321607 -0.00958459 0.317905 -0.319019
0.038663 -0.00478018 0.283305 0.0124324
0.0511095 -0.00790703 0.370408 -0.460187
0.0423063 -0.00443252 0.300616 0.0141132
0.0589471 -0.00965054 0.41482 -0.859961
0.0476001 -0.00828368 0.359961 -0.437061
0.041191 -0.00410269 0.289733 0.0130785
0.0361347 -0.00545752 0.276875 0.0117742
0.0389018 -0.00564359 0.297358 0.0137157
0.038663 -0.00478018 0.283305 0.0124324
0.0363739 -0.00518619 0.289332 0.327903
0.0336736 -0.00305376 0.273648 0.269511
0.077051 -0.0181326 0.625272 -2.31726
0.0813329 -0.0177391 0.62444 -2.08311
0.238685 -0.030092 0.129277 -0.281209
0.0634439 -0.00532143 0.438838 -0.245009
0.0460903 -0.00752137 0.359604 0.0196738
0.0624969 -0.00712712 0.434632 -0.339211
0.0441761 -0.00502796 0.299773 -0.436673
0.0495986 -0.00821663 0.37269 -0.989144
0.0456357 -0.00574962 0.333083 -0.417043
0.0495986 -0.00821663 0.37269 -0.989144
0.0460551 -0.00470666 0.324155 0.0162606
0.0426519 -0.00591843 0.32091 0.015851
0.0431645 -0.00319727 0.285344 0.239961
0.0566668 -0.0107834 0.437329 -0.779151
