0.0373632 -0.0064142 0.29409 0.0130613
0.0275835 -0.0020253 0.240349 0.575048
0.0363006 -0.00891031 0.318902 0.0149013
0.188602 -0.0487412 -1.63478e-05 1.99973
4.9109 -0.518037 -21.9537 -3.7491
0.0883016 -0.0170181 0.653216 -2.12029
0.0655914 -0.0126899 0.478779 -1.15092
0.0692451 -0.0123874 0.492473 -1.18243
0.0745299 -0.0148676 0.545847 -1.36882
0.0708654 -0.0151777 0.532688 -1.34555
0.0589839 -0.0107551 0.439822 -0.400775
0.449598 -0.129176 0.00640526 3.05247
-0.546264 0.105461 0.827437 -0.349172
0.070531 -0.0191993 0.628603 -2.7192
0.0421174 -0.00639353 0.322224 0.0158951
0.248586 -0.0349187 -0.0147512 -0.25738
0.0421174 -0.00639353 0.322224 0.0158951
0.0380919 -0.00634539 0.287214 0.272269
0.0382908 -0.00870576 0.326597 0.0157292
0.0349361 -0.000877361 0.253424 0.588496
-0.488583 0.039898 2.83115 -2.53292
0.0725736 -0.0122786 0.517476 -1.40315
0.0635825 -0.0158036 0.506243 -1.29598
0.0566668 -0.0107834 0.437329 -0.779151
0.0672154 -0.0154895 0.519495 -1.32134
0.0444436 -0.00909321 0.383353 -0.308928
0.0568168 -0.0100867 0.407098 -0.494403
0.0868272 -0.0217994 0.767615 -3.67241
0.584368 -0.0803925 -0.649625 -0.821641
0.0616732 -0.0126976 0.470915 -0.770259
0.0583398 -0.0108208 0.440126 -0.474221
0.0499195 -0.00521101 0.355267 0.019709
0.0414135 -0.00951472 0.371702 -0.282082
0.0408144 -0.00802539 0.332964 0.0165518
0.0431333 -0.0119887 0.397947 -0.30101
0.0581568 -0.00715288 0.391004 -0.502112
0.0388048 -0.00127802 0.252764 0.301996
0.0448029 -0.00547678 0.332679 -0.309978
0.0594397 -0.0158467 0.483269 -1.72305
0.0513669 -0.0107694 0.404591 -1.00804
0.0601089 -0.0103896 0.449163 -0.804931
0.0566668 -0.0107834 0.437329 -0.779151
0.0497132 -0.00866645 0.387482 -0.233572
0.0490695 -0.00900255 0.393236 -0.420305
0.0782073 -0.0145588 0.558969 -1.39121
0.0888923 -0.0209972 0.731811 -2.76666
0.0500259 -0.00583284 0.361504 0.0201158
0.0782073 -0.0145588 0.558969 -1.39121
0.0526954 -0.013449 0.443564 -1.19504
0.0359523 -0.00742265 0.29857 0.0133315
0.0406319 -0.00903814 0.338689 -0.385694
0.0657699 -0.0130055 0.492475 -1.36925
0.0594342 -0.0103299 0.435076 -1.11586
0.0389018 -0.00564359 0.297358 0.0137157
0.0350714 -0.00914261 0.329659 -0.34946
0.0472712 -0.0100842 0.352942 -0.562918
0.0511095 -0.00790703 0.370408 -0.460187
0.0594342 -0.0103299 0.435076 -1.11586
0.0511095 -0.00790703 0.370408 -0.460187
0.0570289 -0.0123723 0.426096 -0.80106
0.047507 -0.00867372 0.394844 -0.334094
0.0363739 -0.00518619 0.289332 0.327903
0.0423063 -0.00443252 0.300616 0.0141132
0.0566668 -0.0107834 0.437329 -0.779151
0.0472712 -0.0100842 0.352942 -0.562918
0.0454693 -0.0112066 0.374772 -0.509352
0.0359523 -0.00742265 0.29857 0.0133315
0.0566668 -0.0107834 0.437329 -0.779151
0.0477912 -0.00505701 0.34467 -0.341252
0.0511095 -0.00790703 0.370408 -0.460187
0.0472712 -0.0100842 0.352942 -0.562918
0.0441056 -0.00866055 0.349395 -0.412294
0.0737444 -0.0148545 0.552305 -1.52605
0.0601089 -0.0103896 0.449163 -0.804931
0.0708654 -0.0151777 0.532688 -1.34555
0.044982 -0.00719594 0.348818 0.018485
0.0657699 -0.0130055 0.492475 -1.36925
0.0735204 -0.01847 0.610122 -2.2961
0.0672154 -0.0154895 0.519495 -1.32134
0.0598852 -0.012163 0.449229 -1.00414
0.0567191 -0.0126449 0.438863 -0.993104
0.0399366 -0.00855799 0.336112 0.0168182
0.0431333 -0.0119887 0.397947 -0.30101
0.0560456 -0.00789668 0.411463 -0.289993
0.0602943 -0.00784691 0.424813 -0.409089
0.0876286 -0.0171557 0.673087 -2.38941
0.0532705 -0.0104576 0.396727 -0.474037
0.0566668 -0.0107834 0.437329 -0.779151
0.0655914 -0.0126899 0.478779 -1.15092
0.0477912 -0.00505701 0.34467 -0.341252
0.0601089 -0.0103896 0.449163 -0.804931
0.0511095 -0.00790703 0.370408 -0.460187
0.0531522 -0.00857342 0.403802 -0.365202
0.0454641 -0.00972783 0.416108 -0.299144
0.0616732 -0.0126976 0.470915 -0.770259
0.0528648 -0.00828161 0.399575 -0.262741
0.0406319 -0.00903814 0.338689 -0.385694
0.0359523 -0.00742265 0.29857 0.0133315
0.03619 -0.00828542 0.312609 0.014594
0.0555291 -0.00748152 0.379194 -0.392002
0.043955 -0.00428676 0.310172 0.0151145
0.0682127 -0.0122704 0.49729 -1.87465
0.0334258 -0.00810109 0.292163 0.012578
0.0373632 -0.0064142 0.29409 0.0130613
0.0591106 -0.0127775 0.477414 -1.43806
0.0507356 -0.00969402 0.363125 -0.58231
0.0521125 -0.00673104 0.345844 -0.588583
0.0513669 -0.0107694 0.404591 -1.00804
0.0655914 -0.0126899 0.478779 -1.15092
0.0560283 -0.0130482 0.456538 -1.22251
0.0410043 -0.00606509 0.311371 0.0148148
0.0465392 -0.00796613 0.359336 -0.331772
0.0334258 -0.00810109 0.292163 0.012578
0.0350714 -0.00914261 0.329659 -0.34946
0.0350714 -0.00914261 0.329659 -0.34946
0.0682127 -0.0122704 0.49729 -1.87465
0.0477912 -0.00505701 0.34467 -0.341252
0.0521125 -0.00673104 0.345844 -0.588583
0.0438116 -0.0104733 0.342663 -0.542005
0.0469686 -0.0082513 0.357111 -0.510127
0.0421849 -0.00614507 0.322827 -0.392401
0.0608591 -0.0129038 0.467875 -1.80874
0.0421849 -0.00614507 0.322827 -0.392401
0.0406319 -0.00903814 0.338689 -0.385694
0.0437637 -0.00624617 0.331745 0.0169664
0.0526954 -0.013449 0.443564 -1.19504
0.0507356 -0.00969402 0.363125 -0.58231
0.0399366 -0.00855799 0.336112 0.0168182
0.0493372 -0.013839 0.430322 -1.16421
0.0443696 -0.0114147 0.375612 -0.91413
0.0406319 -0.00903814 0.338689 -0.385694
0.0429032 -0.00657143 0.354343 -0.27455
0.0423063 -0.00443252 0.300616 0.0141132
0.0547944 -0.0104095 0.418174 -1.0451
0.0350714 -0.00914261 0.329659 -0.34946
0.0441056 -0.00866055 0.349395 -0.412294
0.0806337 -0.0178352 0.64233 -2.34975
0.228781 -0.0338746 0.0579096 -0.254859
0.0566668 -0.0107834 0.437329 -0.779151
0.0532705 -0.0104576 0.396727 -0.474037
0.0566668 -0.0107834 0.437329 -0.779151
0.0497331 -0.0108274 0.386236 -0.452221
0.0476001 -0.00828368 0.359961 -0.437061
0.0593411 -0.0126394 0.469278 -1.24704
0.0359523 -0.00742265 0.29857 0.0133315
0.0667085 -0.0154198 0.530537 -2.09363
0.0313047 -0.00301566 0.253994 0.414442
0.0790685 -0.0150967 0.594243 -2.14739
0.0399648 -0.0031474 0.272548 0.0115375
0.0537052 -0.0101158 0.403567 -1.45543
0.0450175 -0.0103749 0.37225 -1.32218
0.0451184 -0.00831216 0.355651 -0.908224
0.0511095 -0.00790703 0.370408 -0.460187
0.0686288 -0.0145624 0.51694 -1.71077
0.0547944 -0.0104095 0.418174 -1.0451
0.0489817 -0.0108215 0.384817 -0.528219
0.0598852 -0.012163 0.449229 -1.00414
0.0465392 -0.00796613 0.359336 -0.331772
0.0410043 -0.00606509 0.311371 0.0148148
0.0376826 -0.00428833 0.266171 0.290593
0.0302862 -0.00462705 0.241853 0.387089
0.0441056 -0.00866055 0.349395 -0.412294
0.0454693 -0.0112066 0.374772 -0.509352
0.0511095 -0.00790703 0.370408 -0.460187
0.0600635 -0.00722831 0.416379 -1.12866
0.041191 -0.00410269 0.289733 0.0130785
0.0359523 -0.00742265 0.29857 0.0133315
0.0469686 -0.0082513 0.357111 -0.510127
0.0521125 -0.00673104 0.345844 -0.588583
0.0509321 -0.00864631 0.397915 -0.740203
0.0476001 -0.00828368 0.359961 -0.437061
0.0476001 -0.00828368 0.359961 -0.437061
0.0397792 -0.00511061 0.294201 0.0134343
0.0478464 -0.0110662 0.38895 -0.953043
0.0476001 -0.00828368 0.359961 -0.437061
0.0286523 -0.00368267 0.247956 0.421738
0.0452364 -0.00752662 0.325643 -0.548645
0.0400289 -0.00905642 0.33755 -0.472132
0.0347241 -0.00646618 0.28136 0.0120494
0.0423063 -0.00443252 0.300616 0.0141132
0.0496607 -0.00718573 0.337335 -0.483602
0.0383108 -0.00328991 0.262917 0.010822
0.0322063 -0.00438593 0.240487 0.00900964
0.041805 -0.00792388 0.31543 -0.526382
0.0451184 -0.00831216 0.355651 -0.908224
0.0452364 -0.00752662 0.325643 -0.548645
0.0361347 -0.00545752 0.276875 0.0117742
0.0361347 -0.00545752 0.276875 0.0117742
0.038663 -0.00478018 0.283305 0.0124324
0.0294164 -0.00504713 0.25109 0.268323
0.0384785 -0.00674398 0.304973 0.0140773
0.0486726 -0.00712901 0.335777 -0.569322
0.0336062 -0.00613466 0.27044 0.011108
0.0336062 -0.00613466 0.27044 0.011108
0.0294164 -0.00504713 0.25109 0.268323
0.0448029 -0.00547678 0.332679 -0.309978
0.041191 -0.00410269 0.289733 0.0130785
0.0456357 -0.00574962 0.333083 -0.417043
0.0443696 -0.0114147 0.375612 -0.91413
0.036592 -0.0061817 0.311493 -0.33913
0.0535287 -0.010247 0.409153 -1.67653
0.0344829 -0.00560145 0.267273 0.0108722
0.0370117 -0.00492453 0.273713 0.0115138
0.0503379 -0.0104961 0.389077 -1.41371
0.0546294 -0.00753021 0.380753 -0.481831
0.0593411 -0.0126394 0.469278 -1.24704
0.0511095 -0.00790703 0.370408 -0.460187
0.0657699 -0.0130055 0.492475 -1.36925
0.0535021 -0.01311 0.428041 -0.977826
0.0373632 -0.0064142 0.29409 0.0130613
0.0513669 -0.0107694 0.404591 -1.00804
0.0788533 -0.0152793 0.612701 -2.44661
0.0547944 -0.0104095 0.418174 -1.0451
0.0486726 -0.00712901 0.335777 -0.569322
0.0319537 -0.00627818 0.260829 0.0102227
0.0478464 -0.0110662 0.38895 -0.953043
0.0547944 -0.0104095 0.418174 -1.0451
0.0395403 -0.00424744 0.28015 0.0121453
0.0448029 -0.00547678 0.332679 -0.309978
0.038663 -0.00478018 0.283305 0.0124324
0.0476001 -0.00828368 0.359961 -0.437061
0.0361347 -0.00545752 0.276875 0.0117742
0.0667085 -0.0154198 0.530537 -2.09363
0.038663 -0.00478018 0.283305 0.0124324
0.0412395 -0.00692617 0.325372 0.0161839
0.0531412 -0.011123 0.423675 -0.739978
0.0566668 -0.0107834 0.437329 -0.779151
0.0455309 -0.00186083 0.295819 0.275712
0.0575533 -0.00736637 0.391528 -0.895962
0.0465392 -0.00796613 0.359336 -0.331772
0.0518409 -0.0130015 0.423299 -1.41921
0.0370117 -0.00492453 0.273713 0.0115138
0.0580282 -0.0102616 0.441326 -1.28014
0.0547944 -0.0104095 0.418174 -1.0451
0.0435298 -0.00538597 0.317765 0.0155435
0.0410043 -0.00606509 0.311371 0.0148148
0.0511095 -0.00790703 0.370408 -0.460187
0.0395403 -0.00424744 0.28015 0.0121453
0.0547944 -0.0104095 0.418174 -1.0451
0.041191 -0.00410269 0.289733 0.0130785
0.047507 -0.00867372 0.394844 -0.334094
0.0566668 -0.0107834 0.437329 -0.779151
0.0386332 0.00074141 0.237753 0.5634
0.0726367 -0.0155864 0.548303 -1.05799
0.105341 -0.0129161 0.686256 -1.75213
0.0787164 -0.00884939 0.529834 -0.721031
0.0638892 -0.00748436 0.435162 -0.429254
0.0875267 -0.0108846 0.56112 -1.32451
0.0321397 -0.00192705 0.230194 0.389998
0.0415715 -0.00614593 0.320868 -0.478766
0.0456357 -0.00574962 0.333083 -0.417043
0.0399648 -0.0031474 0.272548 0.0115375
0.0725736 -0.0122786 0.517476 -1.40315
0.0708654 -0.0151777 0.532688 -1.34555
0.0460551 -0.00470666 0.324155 0.0162606
0.0460551 -0.00470666 0.324155 0.0162606
