-3.26483 0.220907 24.7872 -6.09148
0.0513365 -0.00420616 0.35087 0.0190954
0.521332 -0.078188 -0.547771 -1.26708
-0.107445 -0.00661015 -0.564526 -5.68527
-0.218263 0.00433106 0.0133276 1.96561
0.26383 -0.0332751 0.0996428 -0.305912
0.10267 -0.0245931 0.918368 -4.04283
6.61832 -0.50905 -54.1874 -8.08098
-4.18076 0.263554 36.8128 -7.47246
-5.66289 0.362918 48.845 -7.43619
0.894874 -0.164995 -1.06654 -1.26799
-0.107445 -0.00661015 -0.564526 -5.68527
-0.107445 -0.00661015 -0.564526 -5.68527
0.0776767 -0.00881221 0.505893 -1.29547
0.0684752 -0.0100745 0.496905 -0.66676
0.0551332 0.000917226 0.311122 0.01523
0.0439173 0.000330659 0.286367 0.486707
0.0700772 -0.00936774 0.492961 -1.02662
0.0626019 -0.0125634 0.461444 -0.634431
6.24293 -0.527731 -49.6512 -8.03009
0.508928 -0.0819971 -0.358324 -0.882625
0.0724438 -0.00612965 0.459309 -0.749381
0.238875 -0.0372901 0.0531186 -0.284258
0.0616895 -0.00677487 0.401176 -0.521168
0.0524114 -0.00171807 0.326235 0.0167726
0.280227 -0.0353892 -0.0215601 -0.309059
-0.0235227 0.0119429 0.323628 0.571171
-7.91606 0.857336 26.134 -2.07807
8.75913 -0.603099 -92.0346 -10.5972
0.0653267 -0.00822694 0.46921 -0.419476
0.0813248 -0.012035 0.559732 -1.14597
0.0612109 -0.00342446 0.397506 0.0246303
0.073943 -0.0126453 0.533387 -1.09386
0.0876286 -0.0171557 0.673087 -2.38941
0.0813329 -0.0177391 0.62444 -2.08311
0.0438403 0.00556953 0.229686 0.712162
0.512754 -0.0760794 -0.47558 -0.693832
0.0634532 -0.00685236 0.429929 -1.16334
0.217489 -0.0336143 0.0164053 -0.210921
0.0437189 -0.00342507 0.296159 0.0137067
0.0707733 -0.00892422 0.47199 -0.712185
0.0936157 -0.0175544 0.727688 -2.86987
0.0832588 -0.0150679 0.615707 -1.82418
6.46976 -0.47102 -70.1321 -11.2159
0.393974 -0.098009 -0.0415793 3.44833
0.0715225 -0.0113872 0.503679 -0.819851
0.0906541 -0.0144636 0.645952 -1.88059
0.0683011 -0.00702626 0.443024 -0.368348
0.0485805 -0.00402744 0.330548 0.0169298
0.0737444 -0.0148545 0.552305 -1.52605
0.0657699 -0.0130055 0.492475 -1.36925
0.0740046 -0.00910144 0.491921 -1.26433
0.0655914 -0.0126899 0.478779 -1.15092
0.0742964 -0.0112232 0.504405 -1.58884
0.0434968 -0.00865419 0.347368 -0.491794
0.0618659 -0.00953694 0.44116 -1.09583
0.0616895 -0.00677487 0.401176 -0.521168
0.0656406 -0.00692642 0.435994 -0.700857
0.0650356 -0.00904217 0.451346 -1.10467
0.229694 -0.0301463 0.0697309 -0.243323
0.0576839 -0.00532945 0.396771 -0.463895
0.082575 -0.014789 0.611298 -2.18246
0.0625716 -0.00675609 0.400989 -0.441199
0.0524114 -0.00171807 0.326235 0.0167726
0.048773 -0.00206887 0.30899 0.0149999
0.0692451 -0.0123874 0.492473 -1.18243
0.0672154 -0.0154895 0.519495 -1.32134
0.0840898 -0.0118113 0.594235 -2.27149
0.0643436 -0.00656896 0.416345 -0.956905
0.061367 -0.00309299 0.352598 -0.561933
0.0497331 -0.0108274 0.386236 -0.452221
0.0475933 -0.00393602 0.327414 0.0169186
0.070144 -0.00910189 0.482354 -0.861114
0.26168 -0.0314133 0.0367756 -0.297196
0.070144 -0.00910189 0.482354 -0.861114
0.0518758 -0.00219263 0.327537 0.0168827
0.0520351 -0.00656881 0.411176 -0.262396
0.0725736 -0.0122786 0.517476 -1.40315
0.0581305 -0.00530974 0.399028 -0.395257
0.0563599 -0.00426824 0.360699 -0.287593
0.0869015 -0.0143153 0.60637 -1.93515
0.0692443 -0.0117447 0.484137 -0.675174
0.0603699 -0.0097144 0.417358 -0.513449
0.112005 -0.0169882 0.807604 -3.20818
0.0616896 -0.00493838 0.409308 -0.416259
0.09702 -0.0135006 0.672484 -2.27706
0.0583284 -0.0131162 0.459653 -0.749978
0.073943 -0.0126453 0.533387 -1.09386
0.0776767 -0.00881221 0.505893 -1.29547
0.0585474 -0.00210261 0.382977 -0.307867
0.0464818 -0.00261307 0.333457 0.216652
0.0527493 -0.00319864 0.346415 0.0187828
0.0885204 -0.0119145 0.550213 -1.20492
0.0715225 -0.0113872 0.503679 -0.819851
0.0595407 -0.00604802 0.433526 -0.389106
0.058365 -0.00263504 0.371183 0.021611
0.0950455 -0.0183908 0.862007 -4.72161
0.0475933 -0.00393602 0.327414 0.0169186
0.0511095 -0.00790703 0.370408 -0.460187
0.0369719 0.00238283 0.276616 0.616605
0.0846838 -0.0175644 0.702259 -3.4264
0.0706372 -0.00949164 0.480209 -1.24988
0.0243663 -0.00167204 0.212189 0.521455
0.0423063 -0.00443252 0.300616 0.0141132
0.0790685 -0.0150967 0.594243 -2.14739
0.0796176 -0.0118233 0.570736 -2.35809
0.0484273 -0.000583026 0.288695 0.0131461
0.0428409 -0.00395755 0.299305 0.0140408
0.066843 -0.00954606 0.471632 -0.845497
0.0643436 -0.00656896 0.416345 -0.956905
0.0520351 -0.00656881 0.411176 -0.262396
0.0515324 -0.00224981 0.329361 0.0171685
0.0437637 -0.00624617 0.331745 0.0169664
0.047507 -0.00867372 0.394844 -0.334094
0.0388048 -0.00127802 0.252764 0.301996
0.0676298 -0.00612915 0.427821 -0.978162
0.0650356 -0.00904217 0.451346 -1.10467
0.0715036 -0.00603431 0.438557 -1.49182
0.0347241 -0.00646618 0.28136 0.0120494
0.046246 -0.002747 0.302575 0.0143657
0.069568 -0.00929453 0.480887 -1.96146
0.0375502 0.000277141 0.273827 0.230543
0.0408691 0.00139515 0.240497 0.302883
0.0490695 -0.00900255 0.393236 -0.420305
0.0523105 -0.0101742 0.474073 -0.788673
0.228383 -0.0330582 0.0852851 -0.251394
0.0561789 -0.00826643 0.413789 -0.46173
0.0471182 -0.00249887 0.288646 0.304682
0.0460551 -0.00470666 0.324155 0.0162606
0.0446419 -0.00571379 0.328604 0.0166533
0.0689551 -0.0126766 0.511693 -1.57158
0.0653745 -0.00726414 0.449274 -0.881211
0.777498 -0.110279 -1.18831 -1.18511
0.0771396 -0.00875121 0.515544 -2.06735
0.0544252 -0.00987722 0.393347 -1.23362
0.0710414 -0.0116361 0.49352 -1.58898
0.0648985 -0.00604053 0.409999 -0.360105
0.0790516 -0.0116364 0.552753 -1.63112
0.0516678 -0.00568239 0.370956 0.0212924
0.398226 -0.0584915 -0.174528 -0.547423
0.096232 -0.0205066 0.783457 -3.10543
0.0729055 -0.0120849 0.506093 -1.21234
0.0502526 -0.00668849 0.375379 0.0217178
0.054141 -0.00540106 0.385714 -0.272506
0.0876286 -0.0171557 0.673087 -2.38941
0.0936157 -0.0175544 0.727688 -2.86987
0.0510717 -0.00605864 0.378249 -0.349955
0.0652622 -0.00456816 0.41952 -0.436231
0.043541 0.00193855 0.250779 0.26933
0.0807001 -0.0121946 0.576654 -2.2277
0.0421849 -0.00614507 0.322827 -0.392401
0.0654212 -0.00876632 0.437607 -0.901038
0.0524114 -0.00171807 0.326235 0.0167726
0.107573 -0.0187893 0.912217 -4.83209
0.0520351 -0.00656881 0.411176 -0.262396
0.0486637 -0.00144469 0.30271 0.0145989
-11.3455 0.750176 94.0352 -7.32005
0.0527493 -0.00319864 0.346415 0.0187828
0.0560456 -0.00789668 0.411463 -0.289993
0.0520351 -0.00656881 0.411176 -0.262396
0.069327 -0.0126858 0.505968 -1.39483
0.0616533 -0.00641676 0.398252 -0.333879
0.0525809 -0.00495882 0.353232 -0.461116
0.0897174 -0.01413 0.641645 -2.22886
0.0847244 -0.0117981 0.612335 -2.95371
0.244289 -0.0296768 0.0322154 -0.239378
0.0376826 -0.00428833 0.266171 0.290593
0.0643436 -0.00656896 0.416345 -0.956905
0.0706372 -0.00949164 0.480209 -1.24988
0.317778 -0.0390039 -0.0787083 -0.353286
0.0474672 -0.00328427 0.35095 -0.310846
0.0464824 -0.00360875 0.316589 0.015706
0.0498856 -0.00239699 0.319836 0.0161181
0.0473595 -0.00307573 0.313434 0.0154527
0.050118 -0.00325633 0.333794 0.0176436
0.23349 -0.0304672 0.0489407 -0.251788
0.22376 -0.0267874 0.0316509 -0.196737
0.0470163 -0.00313337 0.315267 0.0157176
0.0600681 -0.0108401 0.463306 -0.99343
0.0616895 -0.00677487 0.401176 -0.521168
0.404399 -0.0594825 -0.252851 -0.501808
0.0922799 -0.0150832 0.740469 -3.94243
0.0406319 -0.00903814 0.338689 -0.385694
0.07152 -0.0122234 0.547446 -2.5736
0.069568 -0.00929453 0.480887 -1.96146
0.0366341 0.00265889 0.222029 0.522793
0.0600635 -0.00722831 0.416379 -1.12866
0.0393035 -0.000741734 0.243279 0.420012
0.043541 0.00193855 0.250779 0.26933
0.0788533 -0.0152793 0.612701 -2.44661
0.0381562 -0.000461967 0.286317 0.378155
0.0861242 -0.0144547 0.626364 -2.20511
0.0650356 -0.00904217 0.451346 -1.10467
0.069568 -0.00929453 0.480887 -1.96146
0.0477912 -0.00505701 0.34467 -0.341252
0.0618943 -0.00280325 0.34851 -0.343283
0.046246 -0.002747 0.302575 0.0143657
0.061367 -0.00309299 0.352598 -0.561933
0.031424 -0.00306769 0.211096 0.473195
0.0646301 -0.0094325 0.467202 -1.33176
12.3758 -0.876252 -111.934 -8.70196
0.046246 -0.002747 0.302575 0.0143657
0.0609858 -0.00698212 0.404245 -0.929584
0.0413743 -0.00213804 0.268048 0.0113634
0.129213 -0.00306913 0.000453334 1.99453
0.0503124 -0.00129893 0.312264 0.0156009
0.0526425 -0.00257645 0.340171 0.0183557
0.0538572 -0.00352378 0.357195 0.0200083
0.0686043 -0.00830547 0.448514 -0.916662
0.048773 -0.00206887 0.30899 0.0149999
0.0475933 -0.00393602 0.327414 0.0169186
0.0554731 -0.000564711 0.331332 0.0172883
0.0584766 -0.0044256 0.375208 -0.912881
0.0486637 -0.00144469 0.30271 0.0145989
0.0289833 -0.00235058 0.22026 0.427589
0.0718616 -0.0119426 0.511274 -1.89923
0.0668119 -0.00646345 0.443213 -1.19447
0.0726608 -0.00850818 0.466869 -1.43112
0.0432798 0.000689942 0.274651 0.303103
0.0464824 -0.00360875 0.316589 0.015706
0.0616895 -0.00677487 0.401176 -0.521168
0.0544608 -0.00387057 0.331891 -0.518112
0.048773 -0.00206887 0.30899 0.0149999
0.0742964 -0.0112232 0.504405 -1.58884
0.0602625 -0.00571234 0.427156 -0.220053
0.0635267 -0.00558704 0.44365 -0.337786
0.0638892 -0.00748436 0.435162 -0.429254
-0.844567 0.0767211 4.76068 -3.08429
0.0427746 0.00330275 0.247666 0.422706
0.0845463 -0.0195516 0.593766 -1.43548
0.0547944 -0.0104095 0.418174 -1.0451
-0.0684513 0.0175259 0.424381 0.101489
0.0966759 -0.0145985 0.700427 -3.07282
0.287141 -0.0353389 -0.0219203 -0.321389
0.0897174 -0.01413 0.641645 -2.22886
0.0872953 -0.0200738 0.670776 -2.06048
0.0813229 -0.00786853 0.481296 -1.28235
0.0629586 -0.00471932 0.420702 -0.868635
0.0861242 -0.0144547 0.626364 -2.20511
0.0518353 -0.000915998 0.314099 0.0155062
-9.57568 0.620163 82.3792 -7.57581
1.82 -0.184077 -8.88298 -5.20625
0.380381 -0.0506827 -0.111505 -0.524838
-10.4764 0.674149 90.9724 -7.66093
0.27826 -0.0329708 0.152233 -0.358521
0.0982866 -0.0110122 0.620773 -0.895362
-5.92743 0.390192 49.425 -7.16265
0.0695481 -0.00176678 0.429204 0.0289159
0.0569093 -0.000948457 0.314871 -0.424641
0.0526054 0.000239586 0.304697 0.0146676
0.920717 -0.138107 -1.77546 -1.93425
0.0650356 -0.00904217 0.451346 -1.10467
0.0614235 -0.00147937 0.376232 0.0222155
-0.071295 0.0144506 0.000333803 1.99885
-10.1301 0.661448 85.0798 -7.35957
0.603898 -0.0670668 -0.781804 -0.463535
