-0.107445 -0.00661015 -0.564526 -5.68527
-0.107445 -0.00661015 -0.564526 -5.68527
-0.107445 -0.00661015 -0.564526 -5.68527
-0.107445 -0.00661015 -0.564526 -5.68527
-0.107445 -0.00661015 -0.564526 -5.68527
-0.107445 -0.00661015 -0.564526 -5.68527
-0.107445 -0.00661015 -0.564526 -5.68527
-0.107445 -0.00661015 -0.564526 -5.68527
-0.107445 -0.00661015 -0.564526 -5.68527
-0.107445 -0.00661015 -0.564526 -5.68527
-0.107445 -0.00661015 -0.564526 -5.68527
-0.107445 -0.00661015 -0.564526 -5.68527
-0.107445 -0.00661015 -0.564526 -5.68527
-0.107445 -0.00661015 -0.564526 -5.68527
-0.107445 -0.00661015 -0.564526 -5.68527
-0.107445 -0.00661015 -0.564526 -5.68527
-0.107445 -0.00661015 -0.564526 -5.68527
-0.107445 -0.00661015 -0.564526 -5.68527
-0.107445 -0.00661015 -0.564526 -5.68527
-0.107445 -0.00661015 -0.564526 -5.68527
-0.107445 -0.00661015 -0.564526 -5.68527
-0.107445 -0.00661015 -0.564526 -5.68527
-0.107445 -0.00661015 -0.564526 -5.68527
-0.107445 -0.00661015 -0.564526 -5.68527
-0.107445 -0.00661015 -0.564526 -5.68527
-0.107445 -0.00661015 -0.564526 -5.68527
-0.107445 -0.00661015 -0.564526 -5.68527
-0.107445 -0.00661015 -0.564526 -5.68527
-0.107445 -0.00661015 -0.564526 -5.68527
-0.107445 -0.00661015 -0.564526 -5.68527
-0.107445 -0.00661015 -0.564526 -5.68527
-0.107445 -0.00661015 -0.564526 -5.68527
-0.107445 -0.00661015 -0.564526 -5.68527
-0.107445 -0.00661015 -0.564526 -5.68527
-0.107445 -0.00661015 -0.564526 -5.68527
-0.107445 -0.00661015 -0.564526 -5.68527
-0.107445 -0.00661015 -0.564526 -5.68527
-0.107445 -0.00661015 -0.564526 -5.68527
-0.107445 -0.00661015 -0.564526 -5.68527
-0.107445 -0.00661015 -0.564526 -5.68527
-0.107445 -0.00661015 -0.564526 -5.68527
-0.107445 -0.00661015 -0.564526 -5.68527
-0.107445 -0.00661015 -0.564526 -5.68527
-0.107445 -0.00661015 -0.564526 -5.68527
-0.107445 -0.00661015 -0.564526 -5.68527
-0.107445 -0.00661015 -0.564526 -5.68527
-0.107445 -0.00661015 -0.564526 -5.68527
-0.107445 -0.00661015 -0.564526 -5.68527
-0.107445 -0.00661015 -0.564526 -5.68527
-0.107445 -0.00661015 -0.564526 -5.68527
-0.107445 -0.00661015 -0.564526 -5.68527
-0.107445 -0.00661015 -0.564526 -5.68527
-0.107445 -0.00661015 -0.564526 -5.68527
-0.107445 -0.00661015 -0.564526 -5.68527
-0.107445 -0.00661015 -0.564526 -5.68527
-0.107445 -0.00661015 -0.564526 -5.68527
-0.107445 -0.00661015 -0.564526 -5.68527
-0.107445 -0.00661015 -0.564526 -5.68527
-0.107445 -0.00661015 -0.564526 -5.68527
-0.107445 -0.00661015 -0.564526 -5.68527
-0.107445 -0.00661015 -0.564526 -5.68527
-0.107445 -0.00661015 -0.564526 -5.68527
-0.107445 -0.00661015 -0.564526 -5.68527
-0.107445 -0.00661015 -0.564526 -5.68527
-0.107445 -0.00661015 -0.564526 -5.68527
-0.107445 -0.00661015 -0.564526 -5.68527
-0.107445 -0.00661015 -0.564526 -5.68527
-0.107445 -0.00661015 -0.564526 -5.68527
-0.107445 -0.00661015 -0.564526 -5.68527
-0.107445 -0.00661015 -0.564526 -5.68527
-0.107445 -0.00661015 -0.564526 -5.68527
-0.107445 -0.00661015 -0.564526 -5.68527
-0.107445 -0.00661015 -0.564526 -5.68527
-0.107445 -0.00661015 -0.564526 -5.68527
-0.107445 -0.00661015 -0.564526 -5.68527
-5.65564 0.522174 29.9204 -4.75592
-0.107445 -0.00661015 -0.564526 -5.68527
-0.107445 -0.00661015 -0.564526 -5.68527
-0.107445 -0.00661015 -0.564526 -5.68527
-0.107445 -0.00661015 -0.564526 -5.68527
-0.107445 -0.00661015 -0.564526 -5.68527
-0.107445 -0.00661015 -0.564526 -5.68527
-0.107445 -0.00661015 -0.564526 -5.68527
-0.107445 -0.00661015 -0.564526 -5.68527
-0.107445 -0.00661015 -0.564526 -5.68527
9.23218 -0.636782 -76.1644 -7.30678
-0.107445 -0.00661015 -0.564526 -5.68527
-0.232844 0.00675777 0.0216365 1.94448
-0.107445 -0.00661015 -0.564526 -5.68527
-0.107445 -0.00661015 -0.564526 -5.68527
-0.107445 -0.00661015 -0.564526 -5.68527
-0.107445 -0.00661015 -0.564526 -5.68527
-0.107445 -0.00661015 -0.564526 -5.68527
-0.107445 -0.00661015 -0.564526 -5.68527
-0.107445 -0.00661015 -0.564526 -5.68527
-0.107445 -0.00661015 -0.564526 -5.68527
-0.107445 -0.00661015 -0.564526 -5.68527
-0.107445 -0.00661015 -0.564526 -5.68527
-0.107445 -0.00661015 -0.564526 -5.68527
-0.107445 -0.00661015 -0.564526 -5.68527
-0.107445 -0.00661015 -0.564526 -5.68527
-0.107445 -0.00661015 -0.564526 -5.68527
-0.107445 -0.00661015 -0.564526 -5.68527
-0.107445 -0.00661015 -0.564526 -5.68527
-0.107445 -0.00661015 -0.564526 -5.68527
-0.107445 -0.00661015 -0.564526 -5.68527
-0.107445 -0.00661015 -0.564526 -5.68527
-0.107445 -0.00661015 -0.564526 -5.68527
-0.107445 -0.00661015 -0.564526 -5.68527
-0.107445 -0.00661015 -0.564526 -5.68527
-0.107445 -0.00661015 -0.564526 -5.68527
-0.107445 -0.00661015 -0.564526 -5.68527
-0.107445 -0.00661015 -0.564526 -5.68527
-0.107445 -0.00661015 -0.564526 -5.68527
-0.107445 -0.00661015 -0.564526 -5.68527
-0.107445 -0.00661015 -0.564526 -5.68527
-0.107445 -0.00661015 -0.564526 -5.68527
-0.107445 -0.00661015 -0.564526 -5.68527
-0.107445 -0.00661015 -0.564526 -5.68527
-0.107445 -0.00661015 -0.564526 -5.68527
-0.107445 -0.00661015 -0.564526 -5.68527
-0.107445 -0.00661015 -0.564526 -5.68527
-0.107445 -0.00661015 -0.564526 -5.68527
-0.107445 -0.00661015 -0.564526 -5.68527
-0.107445 -0.00661015 -0.564526 -5.68527
-0.107445 -0.00661015 -0.564526 -5.68527
-0.107445 -0.00661015 -0.564526 -5.68527
-0.107445 -0.00661015 -0.564526 -5.68527
-0.107445 -0.00661015 -0.564526 -5.68527
-0.107445 -0.00661015 -0.564526 -5.68527
-0.107445 -0.00661015 -0.564526 -5.68527
-0.107445 -0.00661015 -0.564526 -5.68527
-0.222548 0.00509736 0.0159505 1.9551
-0.107445 -0.00661015 -0.564526 -5.68527
-0.107445 -0.00661015 -0.564526 -5.68527
-0.107445 -0.00661015 -0.564526 -5.68527
-0.107445 -0.00661015 -0.564526 -5.68527
-0.107445 -0.00661015 -0.564526 -5.68527
-0.107445 -0.00661015 -0.564526 -5.68527
-0.107445 -0.00661015 -0.564526 -5.68527
-0.107445 -0.00661015 -0.564526 -5.68527
-0.107445 -0.00661015 -0.564526 -5.68527
-0.107445 -0.00661015 -0.564526 -5.68527
-0.107445 -0.00661015 -0.564526 -5.68527
-0.107445 -0.00661015 -0.564526 -5.68527
-0.107445 -0.00661015 -0.564526 -5.68527
-0.107445 -0.00661015 -0.564526 -5.68527
-0.107445 -0.00661015 -0.564526 -5.68527
9.28891 -0.633233 -78.1964 -7.47761
-0.107445 -0.00661015 -0.564526 -5.68527
-0.107445 -0.00661015 -0.564526 -5.68527
-0.107445 -0.00661015 -0.564526 -5.68527
-0.107445 -0.00661015 -0.564526 -5.68527
-0.107445 -0.00661015 -0.564526 -5.68527
-0.107445 -0.00661015 -0.564526 -5.68527
-0.107445 -0.00661015 -0.564526 -5.68527
-0.107445 -0.00661015 -0.564526 -5.68527
-0.107445 -0.00661015 -0.564526 -5.68527
-0.107445 -0.00661015 -0.564526 -5.68527
-0.107445 -0.00661015 -0.564526 -5.68527
-0.107445 -0.00661015 -0.564526 -5.68527
-0.107445 -0.00661015 -0.564526 -5.68527
-0.107445 -0.00661015 -0.564526 -5.68527
-0.107445 -0.00661015 -0.564526 -5.68527
-0.107445 -0.00661015 -0.564526 -5.68527
8.67378 -0.593247 -72.805 -7.43832
-0.107445 -0.00661015 -0.564526 -5.68527
-0.107445 -0.00661015 -0.564526 -5.68527
8.42038 -0.571739 -71.769 -7.56651
-0.107445 -0.00661015 -0.564526 -5.68527
-0.107445 -0.00661015 -0.564526 -5.68527
-0.107445 -0.00661015 -0.564526 -5.68527
-0.107445 -0.00661015 -0.564526 -5.68527
-0.107445 -0.00661015 -0.564526 -5.68527
-0.107445 -0.00661015 -0.564526 -5.68527
-0.107445 -0.00661015 -0.564526 -5.68527
-0.107445 -0.00661015 -0.564526 -5.68527
-0.107445 -0.00661015 -0.564526 -5.68527
-0.107445 -0.00661015 -0.564526 -5.68527
-0.107445 -0.00661015 -0.564526 -5.68527
-0.271944 0.060561 0.0499008 3.43815
-0.107445 -0.00661015 -0.564526 -5.68527
-0.107445 -0.00661015 -0.564526 -5.68527
-0.107445 -0.00661015 -0.564526 -5.68527
-0.107445 -0.00661015 -0.564526 -5.68527
-0.107445 -0.00661015 -0.564526 -5.68527
-0.107445 -0.00661015 -0.564526 -5.68527
-0.107445 -0.00661015 -0.564526 -5.68527
-0.107445 -0.00661015 -0.564526 -5.68527
-0.107445 -0.00661015 -0.564526 -5.68527
-0.107445 -0.00661015 -0.564526 -5.68527
-0.107445 -0.00661015 -0.564526 -5.68527
0.445272 -0.136787 -0.000104388 1.99971
-0.107445 -0.00661015 -0.564526 -5.68527
-0.107445 -0.00661015 -0.564526 -5.68527
-0.107445 -0.00661015 -0.564526 -5.68527
0.0311251 0.0398725 -1.36825 -2.20826
-0.107445 -0.00661015 -0.564526 -5.68527
0.445272 -0.136787 -0.000104388 1.99971
-0.107445 -0.00661015 -0.564526 -5.68527
-0.232737 0.0067231 0.0219384 1.93286
-0.107445 -0.00661015 -0.564526 -5.68527
-0.107445 -0.00661015 -0.564526 -5.68527
-0.107445 -0.00661015 -0.564526 -5.68527
-0.107445 -0.00661015 -0.564526 -5.68527
-0.107445 -0.00661015 -0.564526 -5.68527
-0.107445 -0.00661015 -0.564526 -5.68527
-0.107445 -0.00661015 -0.564526 -5.68527
-0.107445 -0.00661015 -0.564526 -5.68527
-0.107445 -0.00661015 -0.564526 -5.68527
9.28891 -0.633233 -78.1964 -7.47761
-0.107445 -0.00661015 -0.564526 -5.68527
-0.107445 -0.00661015 -0.564526 -5.68527
-0.107445 -0.00661015 -0.564526 -5.68527
-0.52611 0.12024 0.00494767 1.94519
-0.107445 -0.00661015 -0.564526 -5.68527
-0.107445 -0.00661015 -0.564526 -5.68527
-0.107445 -0.00661015 -0.564526 -5.68527
-0.107445 -0.00661015 -0.564526 -5.68527
-0.107445 -0.00661015 -0.564526 -5.68527
-0.107445 -0.00661015 -0.564526 -5.68527
-0.107445 -0.00661015 -0.564526 -5.68527
-0.107445 -0.00661015 -0.564526 -5.68527
-0.107445 -0.00661015 -0.564526 -5.68527
-5.862 0.525557 32.7345 -5.07212
-0.107445 -0.00661015 -0.564526 -5.68527
-0.107445 -0.00661015 -0.564526 -5.68527
-0.107445 -0.00661015 -0.564526 -5.68527
-0.107445 -0.00661015 -0.564526 -5.68527
7.08092 -0.770436 -25.4298 -2.43525
-0.107445 -0.00661015 -0.564526 -5.68527
-0.107445 -0.00661015 -0.564526 -5.68527
-0.107445 -0.00661015 -0.564526 -5.68527
-0.107445 -0.00661015 -0.564526 -5.68527
-0.221726 0.00491862 0.0156964 1.95663
-0.107445 -0.00661015 -0.564526 -5.68527
-6.58978 0.584399 37.8871 -5.23078
-0.107445 -0.00661015 -0.564526 -5.68527
-0.107445 -0.00661015 -0.564526 -5.68527
5.27724 -0.36846 -44.383 -7.3351
-0.107445 -0.00661015 -0.564526 -5.68527
-0.107445 -0.00661015 -0.564526 -5.68527
-0.107445 -0.00661015 -0.564526 -5.68527
-0.107445 -0.00661015 -0.564526 -5.68527
-0.107445 -0.00661015 -0.564526 -5.68527
12.8179 -1.0356 -81.427 -5.43179
-0.107445 -0.00661015 -0.564526 -5.68527
-0.107445 -0.00661015 -0.564526 -5.68527
-5.65564 0.522174 29.9204 -4.75592
-0.107445 -0.00661015 -0.564526 -5.68527
0.445272 -0.136787 -0.000104388 1.99971
-2.80151 0.291817 10.6504 -3.24141
-0.107445 -0.00661015 -0.564526 -5.68527
-0.404527 0.0257635 0.4343 -0.158517
-0.107445 -0.00661015 -0.564526 -5.68527
-0.369214 0.062973 -0.0603265 3.2041
