0.0468227 -0.00509122 0.336807 0.0176763
0.0820201 -0.0180344 0.63072 -1.75864
0.0455315 -0.0093915 0.383407 -0.401203
-0.107445 -0.00661015 -0.564526 -5.68527
-0.107445 -0.00661015 -0.564526 -5.68527
0.0638328 -0.00383624 0.38586 -0.451131
0.0497132 -0.00866645 0.387482 -0.233572
0.0729055 -0.0120849 0.506093 -1.21234
1.18721 -0.143858 -3.80928 -3.50846
0.0619416 -0.0104519 0.450136 -0.491311
0.0754351 -0.0147609 0.534663 -1.19862
-0.107445 -0.00661015 -0.564526 -5.68527
-0.107445 -0.00661015 -0.564526 -5.68527
-0.0192462 -0.0307929 0.996737 -1.57859
0.938521 -0.145618 -1.9112 -2.31422
0.305267 -0.0384427 -0.0535785 -0.331815
0.0337858 -0.00111497 0.257945 0.523167
0.0537609 -0.0118167 0.459732 -0.7017
0.0431333 -0.0119887 0.397947 -0.30101
0.0648069 -0.0163919 0.532694 -1.16429
0.867043 -0.108681 -1.38899 -0.57772
0.0897174 -0.01413 0.641645 -2.22886
0.0607337 -0.0159222 0.478566 -1.06818
0.0531522 -0.00857342 0.403802 -0.365202
0.069327 -0.0126858 0.505968 -1.39483
0.291239 -0.0450204 -0.00384077 -0.369249
0.0418192 -0.00461287 0.314475 0.193205
2.02099 -0.255165 -5.33259 -1.75126
8.00816 -0.589012 -59.6392 -6.59002
0.0748866 -0.0154875 0.580437 -1.38716
-0.194299 0.0187767 1.1306 -0.935054
0.0924802 -0.0172448 0.692423 -2.05759
0.0580793 -0.0144114 0.518754 -1.13013
0.0426519 -0.00591843 0.32091 0.015851
0.0489817 -0.0108215 0.384817 -0.528219
-0.00850368 -0.0796336 1.75808 -2.53415
-1.19731 0.210823 0.840745 1.12575
0.0511095 -0.00790703 0.370408 -0.460187
0.0321607 -0.00958459 0.317905 -0.319019
0.0513669 -0.0107694 0.404591 -1.00804
0.0841197 -0.0175118 0.658844 -2.37654
0.093256 -0.0207468 0.773705 -3.48101
0.0365564 -0.000687111 0.269558 0.487847
3.7833 -0.335906 -25.1226 -6.62707
11.6901 -0.749865 -130.845 -11.1108
0.0847118 -0.0179586 0.67626 -2.23515
0.0754351 -0.0147609 0.534663 -1.19862
0.064567 -0.0106851 0.494398 -0.776301
0.0703027 -0.0150705 0.543826 -2.10735
0.0549474 -0.0135226 0.448161 -0.727296
0.03619 -0.00828542 0.312609 0.014594
0.0306475 0.00456697 0.178875 0.765322
0.0399648 -0.0031474 0.272548 0.0115375
0.0784737 -0.0208231 0.672569 -2.50475
0.0443696 -0.0114147 0.375612 -0.91413
0.0653347 -0.0149758 0.506321 -1.71472
0.0788533 -0.0152793 0.612701 -2.44661
0.246896 -0.0339721 0.0151551 -0.254757
0.0545502 -0.00832401 0.4108 -0.776391
0.0652708 -0.0129983 0.497826 -1.54233
0.0426519 -0.00591843 0.32091 0.015851
0.0566592 -0.0159152 0.4725 -0.713623
0.0452117 -0.0080536 0.362739 0.0199838
0.223092 -0.0332799 0.0816949 -0.242921
0.0645185 -0.0124794 0.47129 -1.58334
0.0860736 -0.0216795 0.788968 -4.06808
0.0374333 -0.00382276 0.266074 0.0111446
0.0552401 -0.00716406 0.374049 -0.274941
0.049103 -0.00535446 0.343214 -0.439898
0.0739054 -0.0113883 0.519898 -1.85142
0.0707037 -0.0188109 0.613872 -2.96441
0.0509321 -0.00864631 0.397915 -0.740203
0.0634998 -0.00997632 0.460588 -0.826938
0.050118 -0.00325633 0.333794 0.0176436
0.0471182 -0.00249887 0.288646 0.304682
0.0496334 -0.00756478 0.371239 -0.360789
-11.0268 0.723016 92.3441 -7.4123
0.0566668 -0.0107834 0.437329 -0.779151
0.0511095 -0.00790703 0.370408 -0.460187
0.0583284 -0.0131162 0.459653 -0.749978
0.29214 -0.0420921 -0.0177712 -0.356765
0.0648069 -0.0163919 0.532694 -1.16429
0.0205211 -0.000304875 0.222574 0.804926
0.064995 -0.0104635 0.485647 -0.645507
-0.637897 0.0402197 4.51753 -3.92919
0.294517 -0.038258 -0.0247318 -0.348852
0.0598921 -0.0160865 0.492182 -1.26419
0.0510717 -0.00605864 0.378249 -0.349955
0.0634998 -0.00997632 0.460588 -0.826938
0.075335 -0.0117734 0.529867 -1.4136
0.271539 -0.035577 0.00510414 -0.327925
0.0444436 -0.00909321 0.383353 -0.308928
0.0602943 -0.00784691 0.424813 -0.409089
0.0841197 -0.0175118 0.658844 -2.37654
0.0560456 -0.00789668 0.411463 -0.289993
0.0466728 -0.00622516 0.344216 0.212645
0.0471138 -0.00651546 0.36775 -0.409822
0.217728 -0.0311463 0.0389229 -0.227428
0.0346992 -0.00348455 0.233222 0.283293
2.07237 -0.225577 -8.08149 -3.6402
0.0560283 -0.0130482 0.456538 -1.22251
0.0566382 -0.00758995 0.402593 -1.09045
0.044834 -0.0166415 0.415335 -0.861648
0.0370117 -0.00492453 0.273713 0.0115138
0.0448029 -0.00547678 0.332679 -0.309978
0.0566382 -0.00758995 0.402593 -1.09045
0.0839688 -0.0188569 0.726744 -3.77632
0.0389018 -0.00564359 0.297358 0.0137157
0.268949 -0.0381291 0.0142158 -0.300625
0.0193843 -0.000567494 0.22681 0.748724
0.047507 -0.00867372 0.394844 -0.334094
0.069327 -0.0126858 0.505968 -1.39483
0.038129 -0.00525556 0.284624 0.0124796
0.0352106 -0.00558618 0.25511 0.256713
0.0509125 -0.0160266 0.451683 -1.105
0.0450206 -0.00179235 0.2854 0.0129377
0.0645185 -0.0124794 0.47129 -1.58334
0.0496334 -0.00756478 0.371239 -0.360789
0.0213486 -0.00417964 0.2042 0.70219
0.0423063 -0.00443252 0.300616 0.0141132
0.0388048 -0.00127802 0.252764 0.301996
0.0356659 -0.0020422 0.242423 0.271504
0.0547944 -0.0104095 0.418174 -1.0451
0.0370117 -0.00492453 0.273713 0.0115138
0.0469689 -0.00698937 0.356473 0.0193546
0.0436927 -0.0101016 0.414741 -0.771992
0.0802555 -0.0179542 0.661868 -2.65593
0.0410163 -0.00591718 0.299569 0.231654
0.0546793 -0.0106546 0.427821 -1.24793
0.0384785 -0.00674398 0.304973 0.0140773
0.0336214 -0.0048581 0.259237 0.242567
0.0460551 -0.00470666 0.324155 0.0162606
0.0448029 -0.00547678 0.332679 -0.309978
0.0429032 -0.00657143 0.354343 -0.27455
0.038472 -0.0119487 0.353637 -0.462405
0.0429032 -0.00657143 0.354343 -0.27455
0.0795086 -0.014874 0.572987 -1.8557
0.0561789 -0.00826643 0.413789 -0.46173
0.0479323 -0.00541756 0.347611 0.0188554
0.338065 -0.055914 -0.0678033 -0.469529
0.0734409 -0.021399 0.602432 -1.16477
0.0295754 -0.00136886 0.27471 0.34957
0.0689551 -0.0126766 0.511693 -1.57158
0.0511095 -0.00790703 0.370408 -0.460187
0.0672154 -0.0154895 0.519495 -1.32134
0.0465392 -0.00796613 0.359336 -0.331772
0.0570289 -0.0123723 0.426096 -0.80106
0.069327 -0.0126858 0.505968 -1.39483
0.049103 -0.00535446 0.343214 -0.439898
0.0437189 -0.00342507 0.296159 0.0137067
0.0594397 -0.0158467 0.483269 -1.72305
0.242328 -0.0319284 -0.0288702 -0.235539
0.0545502 -0.00832401 0.4108 -0.776391
0.0581568 -0.00715288 0.391004 -0.502112
0.0566668 -0.0107834 0.437329 -0.779151
0.0827764 -0.0185914 0.738176 -4.1151
0.0444436 -0.00909321 0.383353 -0.308928
0.0433693 -0.00193668 0.27581 0.0120184
0.0440646 -0.00491093 0.316452 0.0154833
0.0444859 -0.00226734 0.286711 0.0130286
-0.111746 0.0183029 0.478266 0.210402
0.0691738 -0.0144937 0.507141 -1.5028
0.0607337 -0.0159222 0.478566 -1.06818
0.0710414 -0.0116361 0.49352 -1.58898
0.0509321 -0.00864631 0.397915 -0.740203
0.0525809 -0.00495882 0.353232 -0.461116
0.0806398 -0.0252826 0.856252 -4.66713
0.0687817 -0.012772 0.520431 -1.78432
0.0427366 -0.00108071 0.262413 0.26838
0.284428 -0.036684 -0.0654243 -0.132788
0.049103 -0.00535446 0.343214 -0.439898
0.0645185 -0.0124794 0.47129 -1.58334
0.0763935 -0.0159382 0.645752 -3.41441
0.0315254 -0.000491955 0.225279 0.542622
0.0665424 -0.00940059 0.442865 -1.40939
0.0329979 0.00107477 0.193908 0.63703
0.0406567 -0.00457791 0.291048 0.0131429
0.0392491 -0.00713075 0.317676 0.0153711
-0.163764 0.024659 0.508602 0.258227
-10.2608 0.685202 83.5514 -7.17361
-1.35868 0.108568 7.69032 -3.82041
0.0531743 -0.00793708 0.388633 -1.04901
0.0408616 -0.0117511 0.362143 -0.872325
0.0372518 -0.0057885 0.287782 0.0127458
0.0771954 -0.0181313 0.666216 -3.37477
0.0531743 -0.00793708 0.388633 -1.04901
0.0434968 -0.00865419 0.347368 -0.491794
0.0346992 -0.00348455 0.233222 0.283293
0.0825082 -0.0181128 0.670833 -3.09429
0.0372518 -0.0057885 0.287782 0.0127458
0.0346409 1.99737e-05 0.232601 0.521856
-1.14159 0.0804788 7.82354 -4.71122
0.0402112 -0.00732525 0.348167 -0.36947
0.0547944 -0.0104095 0.418174 -1.0451
0.0655273 -0.0188192 0.571532 -2.36156
8.31025 -0.630217 -72.0279 -8.48186
0.0397792 -0.00511061 0.294201 0.0134343
0.069327 -0.0126858 0.505968 -1.39483
0.0632065 -0.0159873 0.560007 -3.27657
0.0391874 -0.0027569 0.259754 0.0105681
0.0383507 -0.00335536 0.296288 -0.352195
0.0556923 -0.00705239 0.376651 -1.26699
0.0495986 -0.00821663 0.37269 -0.989144
0.0355933 -0.00384832 0.285239 -0.325085
0.0702602 -0.0129521 0.520202 -1.06641
0.0833313 -0.0174425 0.669252 -2.61064
0.0833313 -0.0174425 0.669252 -2.61064
0.0581548 -0.00799656 0.423685 -0.811228
0.0531145 -0.00680644 0.348065 -0.50864
0.055641 -0.0100669 0.402808 -0.833142
0.051883 -0.0097382 0.363465 -0.496717
1.71145 -0.20445 -5.62703 -3.02019
0.038129 -0.00525556 0.284624 0.0124796
0.0655914 -0.0126899 0.478779 -1.15092
0.0308337 -0.00594545 0.249881 0.00935369
0.038663 -0.00478018 0.283305 0.0124324
0.0386693 -0.00632654 0.305495 0.0142835
0.0846838 -0.0175644 0.702259 -3.4264
0.0618659 -0.00953694 0.44116 -1.09583
0.0547944 -0.0104095 0.418174 -1.0451
0.0754331 -0.0153767 0.576853 -2.10669
0.0400746 -0.00377218 0.278835 0.0120684
0.0474923 -0.00955966 0.42202 -0.67005
0.0416145 -0.00300243 0.282121 0.0126356
0.0498856 -0.00239699 0.319836 0.0161181
0.0502257 -0.00387911 0.340049 0.0180413
0.0583398 -0.0108208 0.440126 -0.474221
0.693262 -0.0994861 -0.981798 -1.38716
1.28275 -0.157891 -3.85549 -2.86439
0.0458984 -0.00125993 0.282254 0.0125863
0.0338972 -0.00479353 0.255013 0.00993635
0.0410163 -0.00591718 0.299569 0.231654
0.0408691 0.00139515 0.240497 0.302883
0.0581568 -0.00715288 0.391004 -0.502112
0.0464333 -0.000784954 0.280944 0.0124795
-0.226162 0.0228857 1.28016 -1.36541
0.093256 -0.0207468 0.773705 -3.48101
0.028399 -0.000342824 0.251995 0.591813
0.0431275 -0.00524857 0.370059 -0.388471
0.0618659 -0.00953694 0.44116 -1.09583
-0.00365281 0.0248294 0.00100478 1.99396
0.0832588 -0.0150679 0.615707 -1.82418
-0.174461 0.0595214 0.00018344 1.9993
3.14011 -0.283592 -19.3109 -6.25464
0.292993 -0.0294769 -0.019679 2.92357
-6.26329 0.405107 53.7935 -7.38929
0.204768 -0.0238957 0.00193137 1.97493
0.0583549 -7.20232e-05 0.337599 0.3941
-0.27441 0.0287075 1.44426 -1.63706
0.0424918 -0.00246934 0.278962 0.012344
-0.132702 0.0266607 0.467046 0.22351
2.44811 -0.25862 -11.239 -4.43501
13.9532 -0.90429 -148.361 -10.418
0.267793 -0.0323907 -0.00961392 2.96376
0.068033 -0.0102717 0.505092 -0.793402
0.0617016 -0.0138414 0.523267 -1.00224
