0.0437637 -0.00624617 0.331745 0.0169664
0.0566668 -0.0107834 0.437329 -0.779151
0.038715 -0.00760592 0.318993 0.0153931
-0.0138061 -0.0121931 0.236091 -2.62818
0.389394 -0.10175 -5.30878e-05 1.99966
0.0565825 -0.000890865 0.342134 0.0184991
0.0568168 -0.0100867 0.407098 -0.494403
0.070144 -0.00910189 0.482354 -0.861114
0.0552728 -0.00251808 0.35278 0.0195001
0.0765735 -0.0117827 0.519659 -1.2409
0.0789107 -0.0114332 0.542298 -1.43085
4.58245 -0.316885 -39.801 -7.57052
-2.92169 0.16408 19.8949 -5.4816
0.0462876 -0.00556593 0.338115 0.0177397
0.054141 -0.00540106 0.385714 -0.272506
0.0581305 -0.00530974 0.399028 -0.395257
0.0672154 -0.0154895 0.519495 -1.32134
0.0635825 -0.0158036 0.506243 -1.29598
0.03619 -0.00828542 0.312609 0.014594
0.361552 -0.0479715 -0.205863 -0.409041
0.0841197 -0.0175118 0.658844 -2.37654
0.0572469 -0.00499908 0.397522 -0.299785
0.077051 -0.0181326 0.625272 -2.31726
0.054141 -0.00540106 0.385714 -0.272506
0.0640725 -0.00973048 0.448582 -0.665175
0.0634998 -0.00997632 0.460588 -0.826938
0.229694 -0.0301463 0.0697309 -0.243323
0.0460551 -0.00470666 0.324155 0.0162606
0.066218 -0.0100403 0.460662 -0.440252
0.0702602 -0.0129521 0.520202 -1.06641
0.064995 -0.0104635 0.485647 -0.645507
0.0734096 -0.00864724 0.49283 -0.874398
0.0567191 -0.0126449 0.438863 -0.993104
0.0549474 -0.0135226 0.448161 -0.727296
0.0426991 -0.0115642 0.364824 -0.403603
0.0646052 -0.012476 0.492623 -0.945732
0.0789467 -0.015217 0.653493 -3.59197
0.0545502 -0.00832401 0.4108 -0.776391
0.0594397 -0.0158467 0.483269 -1.72305
0.0682127 -0.0122704 0.49729 -1.87465
0.0602943 -0.00784691 0.424813 -0.409089
0.0729055 -0.0120849 0.506093 -1.21234
0.0782073 -0.0145588 0.558969 -1.39121
0.0692451 -0.0123874 0.492473 -1.18243
0.0715225 -0.0113872 0.503679 -0.819851
0.0659181 -0.0121637 0.473407 -0.658814
0.073943 -0.0126453 0.533387 -1.09386
0.0912061 -0.0167917 0.685673 -2.39157
0.0373632 -0.0064142 0.29409 0.0130613
0.0370672 -0.00775231 0.309449 0.0143529
0.0250086 -0.00638762 0.262752 0.351441
0.0655914 -0.0126899 0.478779 -1.15092
0.0547944 -0.0104095 0.418174 -1.0451
0.0511095 -0.00790703 0.370408 -0.460187
0.0343025 -0.00756797 0.288999 0.0123586
0.0594342 -0.0103299 0.435076 -1.11586
0.0729055 -0.0120849 0.506093 -1.21234
0.0581568 -0.00715288 0.391004 -0.502112
0.0650356 -0.00904217 0.451346 -1.10467
0.0655914 -0.0126899 0.478779 -1.15092
0.0510717 -0.00605864 0.378249 -0.349955
0.0437637 -0.00624617 0.331745 0.0169664
0.0568168 -0.0100867 0.407098 -0.494403
0.0531522 -0.00857342 0.403802 -0.365202
0.0384785 -0.00674398 0.304973 0.0140773
0.0371778 -0.00837739 0.315745 0.0146649
0.0419616 -0.0115918 0.364672 -0.489362
0.0655914 -0.0126899 0.478779 -1.15092
0.0437189 -0.00342507 0.296159 0.0137067
0.0650356 -0.00904217 0.451346 -1.10467
0.0513669 -0.0107694 0.404591 -1.00804
0.0575533 -0.00736637 0.391528 -0.895962
0.0765735 -0.0117827 0.519659 -1.2409
0.0789107 -0.0114332 0.542298 -1.43085
0.054141 -0.00540106 0.385714 -0.272506
0.0649851 -0.0122688 0.481982 -0.788456
0.0546294 -0.00753021 0.380753 -0.481831
0.0566668 -0.0107834 0.437329 -0.779151
0.0546294 -0.00753021 0.380753 -0.481831
0.0545502 -0.00832401 0.4108 -0.776391
0.0580453 -0.0134031 0.472114 -0.92208
0.0424595 -0.0078771 0.342468 0.0176559
0.0440155 -0.0122993 0.399462 -0.396512
0.0560456 -0.00789668 0.411463 -0.289993
0.0729055 -0.0120849 0.506093 -1.21234
0.070144 -0.00910189 0.482354 -0.861114
0.051156 -0.0115587 0.419924 -0.437333
0.0590423 -0.00711944 0.390173 -0.417469
0.075335 -0.0117734 0.529867 -1.4136
0.066843 -0.00954606 0.471632 -0.845497
0.050118 -0.00325633 0.333794 0.0176436
0.0601089 -0.0103896 0.449163 -0.804931
0.0782073 -0.0145588 0.558969 -1.39121
0.0603699 -0.0097144 0.417358 -0.513449
0.0500259 -0.00583284 0.361504 0.0201158
0.0702602 -0.0129521 0.520202 -1.06641
0.0384785 -0.00674398 0.304973 0.0140773
0.0382908 -0.00870576 0.326597 0.0157292
0.0468694 -0.0139686 0.404622 -0.930441
0.0601089 -0.0103896 0.449163 -0.804931
0.0476001 -0.00828368 0.359961 -0.437061
0.0718616 -0.0119426 0.511274 -1.89923
0.0336062 -0.00613466 0.27044 0.011108
0.0410043 -0.00606509 0.311371 0.0148148
0.0609858 -0.00698212 0.404245 -0.929584
0.0525809 -0.00495882 0.353232 -0.461116
0.0618659 -0.00953694 0.44116 -1.09583
0.0547944 -0.0104095 0.418174 -1.0451
0.0603699 -0.0097144 0.417358 -0.513449
0.0531412 -0.011123 0.423675 -0.739978
0.0618659 -0.00953694 0.44116 -1.09583
0.0754331 -0.0153767 0.576853 -2.10669
0.035601 -0.00593302 0.278195 0.0118074
0.0350714 -0.00914261 0.329659 -0.34946
0.0557747 -0.0161654 0.468876 -1.69059
0.0521125 -0.00673104 0.345844 -0.588583
0.0682127 -0.0122704 0.49729 -1.87465
0.0525809 -0.00495882 0.353232 -0.461116
0.0406319 -0.00903814 0.338689 -0.385694
0.0448029 -0.00547678 0.332679 -0.309978
0.0718616 -0.0119426 0.511274 -1.89923
0.0594342 -0.0103299 0.435076 -1.11586
0.0682127 -0.0122704 0.49729 -1.87465
0.0486726 -0.00712901 0.335777 -0.569322
0.0790685 -0.0150967 0.594243 -2.14739
0.03989 -0.00573588 0.300501 0.0137686
0.0435298 -0.00538597 0.317765 0.0155435
0.0682127 -0.0122704 0.49729 -1.87465
0.0406319 -0.00903814 0.338689 -0.385694
0.0406319 -0.00903814 0.338689 -0.385694
0.0294164 -0.00504713 0.25109 0.268323
0.0594342 -0.0103299 0.435076 -1.11586
0.0448029 -0.00547678 0.332679 -0.309978
0.0575533 -0.00736637 0.391528 -0.895962
0.0594397 -0.0158467 0.483269 -1.72305
0.0677304 -0.0120434 0.48224 -1.58465
0.067438 -0.00933248 0.460377 -0.689721
0.229694 -0.0301463 0.0697309 -0.243323
0.0640725 -0.00973048 0.448582 -0.665175
0.0806337 -0.0178352 0.64233 -2.34975
0.0692451 -0.0123874 0.492473 -1.18243
0.0435298 -0.00538597 0.317765 0.0155435
0.0435298 -0.00538597 0.317765 0.0155435
0.0511095 -0.00790703 0.370408 -0.460187
0.0434716 -0.00836576 0.347189 -0.300219
0.0489817 -0.0108215 0.384817 -0.528219
0.0371778 -0.00837739 0.315745 0.0146649
0.0692451 -0.0123874 0.492473 -1.18243
0.0437189 -0.00342507 0.296159 0.0137067
0.0575533 -0.00736637 0.391528 -0.895962
0.036592 -0.0061817 0.311493 -0.33913
0.0618659 -0.00953694 0.44116 -1.09583
0.0706372 -0.00949164 0.480209 -1.24988
0.0650356 -0.00904217 0.451346 -1.10467
0.069327 -0.0126858 0.505968 -1.39483
0.0657699 -0.0130055 0.492475 -1.36925
0.0510717 -0.00605864 0.378249 -0.349955
0.0497132 -0.00866645 0.387482 -0.233572
0.0754331 -0.0153767 0.576853 -2.10669
0.0511095 -0.00790703 0.370408 -0.460187
0.03619 -0.00828542 0.312609 0.014594
0.0414135 -0.00951472 0.371702 -0.282082
0.0419616 -0.0115918 0.364672 -0.489362
0.0589471 -0.00965054 0.41482 -0.859961
0.0594342 -0.0103299 0.435076 -1.11586
0.0650356 -0.00904217 0.451346 -1.10467
0.0336214 -0.0048581 0.259237 0.242567
0.0458803 -0.00620336 0.368127 -0.314954
0.0545894 -0.0056829 0.388677 -0.373171
0.0560663 -0.00460108 0.364271 -0.488096
0.0546294 -0.00753021 0.380753 -0.481831
0.0435298 -0.00538597 0.317765 0.0155435
0.0657699 -0.0130055 0.492475 -1.36925
0.0410043 -0.00606509 0.311371 0.0148148
0.0566668 -0.0107834 0.437329 -0.779151
0.041191 -0.00410269 0.289733 0.0130785
0.0389018 -0.00564359 0.297358 0.0137157
0.0336214 -0.0048581 0.259237 0.242567
0.0270657 -0.00504346 0.232086 0.422177
0.0435298 -0.00538597 0.317765 0.0155435
0.0495986 -0.00821663 0.37269 -0.989144
0.0605554 -0.00944775 0.43733 -1.5746
0.0337723 -0.00665805 0.300293 -0.311549
0.0383108 -0.00328991 0.262917 0.010822
0.050975 -0.00498556 0.347108 -0.812984
0.0422516 -0.00160533 0.264893 0.0110426
0.0521125 -0.00673104 0.345844 -0.588583
0.0421849 -0.00614507 0.322827 -0.392401
0.0509321 -0.00864631 0.397915 -0.740203
0.0321397 -0.00192705 0.230194 0.389998
0.0521125 -0.00673104 0.345844 -0.588583
0.0423063 -0.00443252 0.300616 0.0141132
0.0349037 -0.00449918 0.259625 0.0105378
0.0350753 -0.00795582 0.301733 0.0135663
0.0323087 -0.00777018 0.281256 0.0116227
0.0416145 -0.00300243 0.282121 0.0126356
0.0395403 -0.00424744 0.28015 0.0121453
0.0718616 -0.0119426 0.511274 -1.89923
0.0294164 -0.00504713 0.25109 0.268323
0.0475886 -0.00464329 0.31066 -0.466349
0.0605554 -0.00944775 0.43733 -1.5746
0.0399648 -0.0031474 0.272548 0.0115375
0.0605554 -0.00944775 0.43733 -1.5746
0.0537052 -0.0101158 0.403567 -1.45543
0.0581568 -0.00715288 0.391004 -0.502112
0.0566668 -0.0107834 0.437329 -0.779151
0.0460551 -0.00470666 0.324155 0.0162606
0.046246 -0.002747 0.302575 0.0143657
0.0397792 -0.00511061 0.294201 0.0134343
0.0384785 -0.00674398 0.304973 0.0140773
0.0406319 -0.00903814 0.338689 -0.385694
0.0546294 -0.00753021 0.380753 -0.481831
0.0395403 -0.00424744 0.28015 0.0121453
0.0510188 -0.00425753 0.321354 -0.49337
0.0535767 -0.0135252 0.436234 -1.71704
0.0399648 -0.0031474 0.272548 0.0115375
0.0622047 -0.0092158 0.426398 -0.882364
0.0718616 -0.0119426 0.511274 -1.89923
0.0650356 -0.00904217 0.451346 -1.10467
0.0448029 -0.00547678 0.332679 -0.309978
0.0589471 -0.00965054 0.41482 -0.859961
0.0645366 -0.0125888 0.482821 -1.84454
0.0399648 -0.0031474 0.272548 0.0115375
0.0456357 -0.00574962 0.333083 -0.417043
0.0655914 -0.0126899 0.478779 -1.15092
0.0392976 -0.00466471 0.298574 0.303787
0.0344184 -0.00258672 0.263965 0.382011
0.0502257 -0.00387911 0.340049 0.0180413
0.049103 -0.00535446 0.343214 -0.439898
0.0533226 -0.00494199 0.353444 -0.375055
0.0478464 -0.0110662 0.38895 -0.953043
0.0575533 -0.00736637 0.391528 -0.895962
0.0510717 -0.00605864 0.378249 -0.349955
0.0600532 -0.00604261 0.369057 -0.552795
0.048773 -0.00206887 0.30899 0.0149999
0.0439039 -0.00146157 0.274498 0.0119255
0.0427366 -0.00108071 0.262413 0.26838
0.0414285 -0.00496527 0.303767 0.0144205
0.0594342 -0.0103299 0.435076 -1.11586
0.0521125 -0.00673104 0.345844 -0.588583
0.0511095 -0.00790703 0.370408 -0.460187
0.047507 -0.00867372 0.394844 -0.334094
0.0490695 -0.00900255 0.393236 -0.420305
0.063431 -0.0114745 0.447783 -0.833099
0.246484 -0.0301939 0.128635 -0.295868
0.237329 -0.0290438 0.156682 -0.27103
0.0763611 -0.0152922 0.561733 -1.08576
0.0790082 -0.0104892 0.519196 -0.736436
0.0781196 -0.0147745 0.594745 -2.62341
0.0566382 -0.00758995 0.402593 -1.09045
0.0462729 -0.00259524 0.317514 -0.317712
0.050975 -0.00498556 0.347108 -0.812984
0.0491468 -0.00636461 0.364628 0.0204679
0.0692451 -0.0123874 0.492473 -1.18243
0.0590423 -0.00711944 0.390173 -0.417469
0.0692451 -0.0123874 0.492473 -1.18243
