0.450343 -0.0673777 -0.30644 -0.639751
0.287263 -0.0382496 -0.0242316 -0.335711
1.32548 -0.164489 -4.44211 -3.58339
-0.107445 -0.00661015 -0.564526 -5.68527
9.28891 -0.633233 -78.1964 -7.47761
0.392978 -0.056742 -0.0815392 -0.592009
0.0473346 -0.0174924 0.535355 -1.00141
0.506478 -0.0750305 -0.32774 -0.833832
17.2478 -1.00952 -213.717 -12.2544
0.0704775 -0.0152991 0.524444 -0.525336
0.297465 -0.041019 0.0112152 -0.366717
0.160903 -0.0778588 0.0172916 2.08425
-0.107445 -0.00661015 -0.564526 -5.68527
0.00121654 0.0221141 -0.010734 2.05764
0.243432 -0.0356029 0.136675 -0.272957
0.288898 -0.0437994 0.0952349 -0.392821
0.269451 -0.0374174 0.040174 -0.298801
0.0726367 -0.0155864 0.548303 -1.05799
0.0839717 -0.0230026 0.713332 -2.40837
14.6723 -1.08645 -119.237 -7.65846
-1.75177 0.0695887 11.9416 -5.00762
15.9535 -1.0344 -165.6 -10.1131
0.0388655 -0.0110487 0.360803 0.0187832
0.0876286 -0.0171557 0.673087 -2.38941
0.321563 -0.0481422 -0.0173139 -0.40241
0.291045 -0.0442254 0.0240818 -0.3675
0.0625949 -0.0103982 0.4503 -0.421086
10.5185 -0.713031 -109.314 -10.2875
16.2517 -1.03429 -173.332 -10.3883
0.288494 -0.0434838 0.0797676 -0.399725
0.300909 -0.0408711 0.0340559 -0.371305
0.0902571 -0.0170941 0.630103 -1.15512
0.244837 -0.0363443 0.0944904 -0.287845
0.0855273 -0.0172223 0.618926 -1.84712
0.243389 -0.0380086 0.0580916 -0.288754
0.378524 -0.0536061 -0.0931469 -0.538915
12.1999 -0.84495 -115.632 -9.19022
0.0579258 -0.0100367 0.4044 -0.405879
0.250451 -0.0452132 -0.00601507 -0.297241
13.1177 -0.907002 -123.38 -9.08903
0.102386 -0.0205636 0.813945 -3.38174
0.099623 -0.0235014 0.805745 -2.78343
0.282727 -0.0438596 0.0926967 -0.381561
0.260889 -0.0374947 0.0650591 -0.318458
-5.30659 0.324866 47.7955 -7.74424
0.430689 -0.0658474 -0.192449 -0.660898
0.319709 -0.0451272 -0.0047735 -0.425051
0.235073 -0.0326829 0.148581 -0.282827
0.0931704 -0.0209075 0.755644 -2.8407
0.0446768 -0.00852846 0.36405 0.0200101
0.273933 -0.0448106 0.0172009 -0.33573
16.1072 -1.00354 -178.511 -10.8475
11.9906 -0.904172 -96.4931 -7.61957
0.0997563 -0.0216888 0.884134 -4.20229
0.224455 -0.0411487 0.0527398 -0.272356
0.234952 -0.033424 0.0372642 -0.234392
0.0970247 -0.0206872 0.772305 -2.86069
0.310118 -0.0423322 -0.041372 -0.391499
0.311154 -0.0421851 -0.065245 -0.355009
0.560566 -0.0754833 -0.609786 -0.738516
16.6496 -1.04187 -182.031 -10.6708
0.249312 -0.0378709 0.0607684 -0.298519
0.0960545 -0.0235791 0.764651 -2.46914
0.304264 -0.0451677 0.0140482 -0.392037
0.278964 -0.0378636 -0.0415319 -0.287602
0.0672154 -0.0154895 0.519495 -1.32134
0.232735 -0.0337385 0.0137331 -0.233373
14.8984 -0.982575 -150.647 -9.82892
0.0647319 -0.0114287 0.438436 -0.690516
0.0997563 -0.0216888 0.884134 -4.20229
0.0595877 -0.0188706 0.492744 -1.02779
0.413712 -0.0572177 -0.314476 -0.483973
0.086018 -0.0172499 0.613565 -1.48712
0.370283 -0.0509879 -0.134387 -0.499348
0.099623 -0.0235014 0.805745 -2.78343
0.241014 -0.0395053 0.152616 -0.317918
16.8633 -1.02045 -194.656 -11.311
0.304494 -0.0456594 -0.0298525 -0.395108
0.094652 -0.0210492 0.774414 -3.3096
0.0780335 -0.0174527 0.564078 -1.19294
0.302847 -0.0470704 0.0427481 -0.405496
0.311848 -0.0446086 -0.0260983 -0.370543
0.272214 -0.044133 0.0714784 -0.36701
19.0017 -1.13693 -222.581 -11.4952
16.5875 -1.04162 -180.798 -10.646
0.371053 -0.0527998 -0.0625809 -0.523779
0.260739 -0.0476846 0.0805083 -0.358656
0.366998 -0.053903 -0.0974844 -0.51171
15.6935 -1.03756 -156.507 -9.65544
0.297465 -0.041019 0.0112152 -0.366717
0.286153 -0.040691 0.0352271 -0.342989
0.305118 -0.0450045 -0.00384623 -0.396276
0.33526 -0.0517283 0.0234707 -0.486986
0.0940876 -0.0226529 0.719209 -1.74189
0.27455 -0.0406926 0.0815388 -0.356016
0.257431 -0.0399527 0.15069 -0.347332
0.228383 -0.0330582 0.0852851 -0.251394
0.0781065 -0.0177711 0.585636 -1.76841
0.222301 -0.0362875 0.0967885 -0.251303
16.6244 -1.06515 -174.919 -10.2434
0.0496334 -0.00756478 0.371239 -0.360789
0.254992 -0.0376281 0.0625611 -0.308362
0.0569489 -0.0186302 0.494101 -1.59111
0.0592927 -0.0156358 0.493269 -0.875368
0.0813329 -0.0177391 0.62444 -2.08311
0.293025 -0.0416993 -0.0574042 -0.323822
0.322027 -0.046508 -0.100734 -0.386537
0.0691738 -0.0144937 0.507141 -1.5028
0.254992 -0.0376281 0.0625611 -0.308362
0.0839717 -0.0230026 0.713332 -2.40837
0.0645466 -0.0150216 0.486132 -0.629354
0.0665023 -0.0146386 0.506374 -0.770132
0.28094 -0.0425556 -0.0206485 -0.0550382
0.217053 -0.0333683 0.0793187 -0.23383
0.0849561 -0.0245452 0.757008 -3.31269
16.6496 -1.04187 -182.031 -10.6708
0.0833313 -0.0174425 0.669252 -2.61064
17.5371 -1.06136 -200.573 -11.1704
0.0586539 -0.0211534 0.520543 -1.52366
0.0691738 -0.0144937 0.507141 -1.5028
0.22969 -0.0305524 0.0209812 -0.216437
0.0532705 -0.0104576 0.396727 -0.474037
0.0896661 -0.0213702 0.803813 -4.04989
0.0567191 -0.0126449 0.438863 -0.993104
0.351427 -0.0502951 -0.123932 -0.46069
0.0537609 -0.0118167 0.459732 -0.7017
0.0829297 -0.020493 0.673041 -2.27864
0.274026 -0.041707 0.00332246 -0.323632
0.0591341 -0.0126469 0.432913 -0.50408
0.0815047 -0.0234119 0.686597 -2.18374
0.0599659 -0.0154972 0.483925 -0.734052
0.0310695 0.00388388 0.235644 0.750643
0.0545502 -0.00832401 0.4108 -0.776391
0.094652 -0.0210492 0.774414 -3.3096
0.0525033 -0.01802 0.459622 -0.852947
0.081984 -0.0205036 0.689248 -2.52975
0.276243 -0.0374113 0.0412507 -0.310308
0.0625949 -0.0103982 0.4503 -0.421086
0.0808473 -0.0172755 0.58841 -1.37365
0.0589839 -0.0107551 0.439822 -0.400775
0.280746 -0.0406707 0.0158134 -0.336815
0.0640725 -0.00973048 0.448582 -0.665175
0.324451 -0.049052 -0.064885 -0.409825
0.0549237 -0.0107935 0.424863 -0.278876
0.392345 -0.0573547 -0.180266 -0.537217
0.0837176 -0.0207818 0.675717 -1.92745
0.0930378 -0.0241619 0.816351 -3.5413
0.369017 -0.0532557 -0.08837 -0.518738
0.258306 -0.0374505 0.00626857 -0.286119
0.308483 -0.0428193 -0.072733 -0.348935
0.344786 -0.051047 -0.233876 -0.348284
0.0739054 -0.0113883 0.519898 -1.85142
0.366998 -0.053903 -0.0974844 -0.51171
0.242821 -0.0339884 0.0716798 -0.273862
0.0836035 -0.0203604 0.654178 -2.0265
0.251253 -0.0366457 0.0323157 -0.273457
0.0455309 -0.00186083 0.295819 0.275712
0.228383 -0.0330582 0.0852851 -0.251394
0.0525465 -0.0119225 0.450788 -0.269706
0.0734409 -0.021399 0.602432 -1.16477
0.291239 -0.0450204 -0.00384077 -0.369249
0.272214 -0.044133 0.0714784 -0.36701
11.3102 -0.791384 -107.409 -9.26527
0.234456 -0.0350195 0.124409 -0.267066
0.308483 -0.0428193 -0.072733 -0.348935
0.0729055 -0.0120849 0.506093 -1.21234
0.0845161 -0.0278109 0.79454 -3.34777
0.0549237 -0.0107935 0.424863 -0.278876
0.0745299 -0.0148676 0.545847 -1.36882
14.8102 -0.988187 -146.503 -9.58758
0.284271 -0.0442738 0.0242076 -0.354858
0.0613496 -0.0129473 0.482569 -0.935591
0.274149 -0.0407379 0.0150315 -0.324995
0.318987 -0.0492406 -0.0684951 -0.397767
0.284271 -0.0442738 0.0242076 -0.354858
0.0892946 -0.0249116 0.873172 -4.28401
0.0916937 -0.0184035 0.768455 -3.855
0.230011 -0.0362243 0.0943594 -0.263997
0.0382908 -0.00870576 0.326597 0.0157292
2.95535 -0.275449 -17.4711 -5.97235
0.0404179 -0.00374024 0.275717 0.265009
10.8626 -0.822098 -88.7638 -7.81232
0.206609 -0.0364416 0.0504368 -0.203094
0.0476001 -0.00828368 0.359961 -0.437061
0.279505 -0.0387271 -0.0695429 -0.286513
0.0909411 -0.021702 0.797329 -3.78099
0.0635825 -0.0158036 0.506243 -1.29598
0.0515273 -0.0139153 0.436415 -0.701945
0.343239 -0.0509684 -0.152477 -0.397595
0.0507885 -0.013031 0.410438 -0.361403
0.320454 -0.0472247 -0.11115 -0.381107
13.1507 -0.89064 -128.798 -9.5159
0.478242 -0.0657259 -0.448888 -0.540554
0.274026 -0.041707 0.00332246 -0.323632
0.077847 -0.0237114 0.670251 -2.15343
0.0754351 -0.0147609 0.534663 -1.19862
0.491242 -0.0767937 -0.430935 -0.697787
0.298058 -0.0392476 -0.0798351 -0.317081
0.0442137 -0.0201115 0.460341 -0.752377
0.0776215 -0.0180182 0.607415 -2.04377
0.0436082 -0.00279996 0.289861 0.0133566
12.379 -0.858545 -116.356 -9.08386
0.270006 -0.0386156 -0.0500495 -0.270897
9.50152 -0.729095 -77.433 -7.83122
13.276 -0.896445 -131.667 -9.66282
0.0665023 -0.0146386 0.506374 -0.770132
0.29214 -0.0420921 -0.0177712 -0.356765
0.086181 -0.0200365 0.684127 -2.2713
0.313576 -0.043164 -0.11194 -0.354875
0.265993 -0.0411245 0.0556157 -0.342224
0.0707064 -0.0180192 0.535008 -1.12751
-1.70157 0.134767 10.7519 -4.49248
0.0839688 -0.0188569 0.726744 -3.77632
0.0650356 -0.00904217 0.451346 -1.10467
9.7527 -0.712503 -86.0114 -8.49947
0.217053 -0.0333683 0.0793187 -0.23383
0.0920576 -0.0240397 0.772234 -2.73749
0.416863 -0.0599486 -0.281681 -0.523167
0.0575035 -0.0114643 0.472101 -0.734335
0.423053 -0.0725204 -0.21368 -0.629269
10.389 -0.747858 -94.563 -8.84634
0.0555644 -0.0130152 0.422569 -0.485016
0.223092 -0.0332799 0.0816949 -0.242921
0.28094 -0.0425556 -0.0206485 -0.0550382
18.5976 -1.16901 -198.864 -10.3821
0.303519 -0.0465985 0.0400703 -0.430063
0.056497 -0.00626263 0.404879 0.0251946
-11.4346 0.738352 98.83 -7.67973
0.415105 -0.0859674 -0.0857225 -0.713033
15.6893 -1.02163 -161.232 -9.98586
0.0402261 -0.024064 0.498351 -0.671271
0.228383 -0.0330582 0.0852851 -0.251394
16.205 -1.04853 -167.874 -10.0747
0.0469266 -0.00820101 0.426256 -0.235698
0.0740046 -0.00910144 0.491921 -1.26433
16.1072 -1.00354 -178.511 -10.8475
-0.37119 0.069516 0.658611 0.465474
0.0815276 -0.0182001 0.647757 -1.98789
0.258449 -0.0405356 0.0982225 -0.324353
14.8545 -1.00282 -144.189 -9.39358
0.30842 -0.0390429 -0.00995342 2.96435
20.9292 -1.22795 -249.595 -11.6755
0.100828 -0.0172188 0.768353 -2.67369
16.7049 -0.987528 -205.899 -12.2217
0.536055 -0.140965 0.193446 -0.713393
0.488847 -0.0915947 0.0371018 3.24021
0.226205 -0.06191 -0.0470235 2.27031
0.298723 -0.0304587 -0.0218483 2.903
-4.8007 0.324358 41.231 -7.80442
10.1052 -0.687901 -105.372 -10.3634
0.234208 -0.0281815 0.00746032 -0.242457
14.918 -1.02043 -140.516 -9.05672
15.4462 -1.03125 -152.868 -9.59458
-0.898111 0.0891157 3.99033 -2.13711
0.443689 -0.0936505 0.0471134 3.29471
0.917344 -0.174118 -1.9565 -3.61963
