0.0649632 -0.0220886 0.594851 -2.14905
0.333451 -0.0512971 -0.174357 -0.373913
0.287911 -0.0488135 -0.0620151 -0.34061
-2.20772 0.0965294 16.7466 -6.04106
-1.03105 -0.00616722 8.23939 -4.79839
0.0958472 -0.0237734 0.78907 -2.76132
0.0815047 -0.0234119 0.686597 -2.18374
0.350294 -0.0532446 -0.108344 -0.476766
0.0825571 -0.0238028 0.692943 -1.87506
0.324451 -0.049052 -0.064885 -0.409825
0.0517437 -0.0101018 0.39703 -0.375598
4.34417 -0.38848 -20.5754 -3.46874
5.2595 -0.431339 -40.1141 -7.21664
0.0414147 -0.0144716 0.379645 -0.393431
0.0425863 -0.0151986 0.414871 -0.389282
0.0849561 -0.0245452 0.757008 -3.31269
0.209878 -0.036134 0.0775106 -0.236472
0.0700122 -0.0245048 0.659562 -2.37859
0.0551332 -0.019379 0.493048 -1.1842
0.0478142 -0.0413302 0.666495 -0.933225
0.368827 -0.0477122 -0.227349 -0.383526
0.249312 -0.0378709 0.0607684 -0.298519
0.0735204 -0.01847 0.610122 -2.2961
0.217053 -0.0333683 0.0793187 -0.23383
0.0756163 -0.0211203 0.642118 -2.22968
0.24717 -0.0414207 0.0504335 -0.309509
0.21771 -0.0365972 0.091861 -0.244357
3.10367 -0.305297 -18.1541 -5.83047
0.278018 -0.0471486 0.0878612 -0.391263
0.0851717 -0.0231142 0.703022 -2.2137
0.256175 -0.040978 0.0748083 -0.322326
0.0872953 -0.0200738 0.670776 -2.06048
0.068465 -0.0217787 0.611818 -2.18346
0.0544842 -0.0152925 0.44891 -0.917442
0.240948 -0.0410771 0.0126235 -0.269252
0.0792643 -0.0207903 0.65631 -2.24598
0.232735 -0.0337385 0.0137331 -0.233373
0.0849561 -0.0245452 0.757008 -3.31269
0.0775992 -0.0253912 0.768665 -3.85319
0.269538 -0.0422486 -0.0643486 -0.281753
0.0839717 -0.0230026 0.713332 -2.40837
0.0815047 -0.0234119 0.686597 -2.18374
0.273933 -0.0448106 0.0172009 -0.33573
0.0807183 -0.0234706 0.702768 -2.42088
0.0838098 -0.0200226 0.628088 -1.74242
0.240303 -0.0398942 0.10453 -0.290772
0.227477 -0.0360791 0.112871 -0.255
0.086181 -0.0200365 0.684127 -2.2713
0.0598765 -0.018405 0.521096 -1.85859
0.0405132 -0.0145204 0.381234 -0.483429
0.0791559 -0.0277373 0.774333 -3.48239
0.0566592 -0.0159152 0.4725 -0.713623
0.0903088 -0.0229215 0.963346 -6.1137
0.0854513 -0.0252037 0.853596 -4.26157
0.0870528 -0.0270435 1.07275 -7.17034
0.0649632 -0.0220886 0.594851 -2.14905
0.0635825 -0.0158036 0.506243 -1.29598
0.0892946 -0.0249116 0.873172 -4.28401
0.0598921 -0.0160865 0.492182 -1.26419
0.0894196 -0.0284239 0.90506 -4.22674
0.0756163 -0.0211203 0.642118 -2.22968
0.0650228 -0.0214604 0.549104 -1.22946
0.0607337 -0.0159222 0.478566 -1.06818
0.0607337 -0.0159222 0.478566 -1.06818
0.0551332 -0.019379 0.493048 -1.1842
0.044043 -0.0141433 0.391475 -0.503626
0.0493215 -0.0184685 0.448397 -0.835267
0.0892946 -0.0249116 0.873172 -4.28401
0.25238 -0.037535 0.00321298 -0.276279
0.0607337 -0.0159222 0.478566 -1.06818
0.0602111 -0.0182369 0.506476 -1.60156
0.226589 -0.03702 0.0256892 -0.234437
0.0962676 -0.0270986 0.849577 -3.42307
0.0930378 -0.0241619 0.816351 -3.5413
0.264221 -0.041331 0.00808552 -0.307125
0.077847 -0.0237114 0.670251 -2.15343
0.0807183 -0.0234706 0.702768 -2.42088
0.224642 -0.0373449 0.0657886 -0.258889
0.249569 -0.0381928 -0.0031805 -0.270692
0.0831406 -0.0220802 0.749595 -3.65682
0.0741946 -0.0240116 0.65394 -2.12242
0.22787 -0.0399621 0.0865601 -0.274608
0.226661 -0.0407205 0.0757122 -0.272747
0.0577831 -0.0136638 0.454268 -0.391446
0.244837 -0.0363443 0.0944904 -0.287845
0.086181 -0.0200365 0.684127 -2.2713
0.226991 -0.0366985 0.0742123 -0.262653
0.0684153 -0.0180893 0.555122 -1.44834
0.264221 -0.041331 0.00808552 -0.307125
0.077051 -0.0181326 0.625272 -2.31726
0.0444436 -0.00909321 0.383353 -0.308928
0.0793032 -0.0264035 0.717051 -2.32558
0.072039 -0.0177572 0.567522 -1.46464
0.075591 -0.0239336 0.628765 -1.51714
0.245828 -0.0404294 0.0792336 -0.304594
0.0769782 -0.0209567 0.609562 -1.54395
0.0775992 -0.0253912 0.768665 -3.85319
0.0598765 -0.018405 0.521096 -1.85859
0.0480889 -0.0162053 0.426871 -0.883722
0.0698312 -0.0181712 0.547142 -1.29568
0.077847 -0.0237114 0.670251 -2.15343
0.0892946 -0.0249116 0.873172 -4.28401
0.223676 -0.0383791 -0.0073526 -0.230113
0.0763334 -0.0246822 0.710813 -3.18207
0.0765329 -0.0213061 0.684343 -3.23986
0.217489 -0.0336143 0.0164053 -0.210921
0.0666636 -0.0192044 0.578183 -2.23768
0.0664402 -0.024805 0.642527 -2.34759
0.0869817 -0.0273132 0.769185 -2.60261
0.049958 -0.0167222 0.449119 -0.666822
0.0720174 -0.0214443 0.626849 -2.20592
0.0882852 -0.0275577 0.814741 -3.38383
0.0739242 -0.0256757 0.751716 -3.84907
0.0739242 -0.0256757 0.751716 -3.84907
0.055066 -0.0214871 0.507814 -1.50518
0.0632876 -0.0185876 0.506895 -1.06248
0.305769 -0.0464617 -0.0811084 -0.356925
0.0831406 -0.0220802 0.749595 -3.65682
0.0598765 -0.018405 0.521096 -1.85859
0.0565313 -0.0164814 0.480599 -1.25057
0.0594397 -0.0158467 0.483269 -1.72305
0.0649632 -0.0220886 0.594851 -2.14905
0.0426991 -0.0115642 0.364824 -0.403603
0.0477477 -0.0165243 0.441591 -1.09683
0.0632876 -0.0185876 0.506895 -1.06248
0.0709323 -0.0244509 0.642166 -2.12311
0.080849 -0.0246639 0.738038 -3.28322
0.0612322 -0.0187653 0.530357 -1.41478
0.0514779 -0.0196815 0.479367 -1.1528
0.0577758 -0.0189386 0.511903 -1.90169
0.0649632 -0.0220886 0.594851 -2.14905
0.0720174 -0.0214443 0.626849 -2.20592
0.225438 -0.0340438 0.02936 -0.219593
0.0544842 -0.0152925 0.44891 -0.917442
0.0577758 -0.0189386 0.511903 -1.90169
0.0666636 -0.0192044 0.578183 -2.23768
0.0792643 -0.0207903 0.65631 -2.24598
0.077847 -0.0237114 0.670251 -2.15343
0.226991 -0.0366985 0.0742123 -0.262653
0.0624662 -0.0187744 0.520193 -1.24238
0.0624662 -0.0187744 0.520193 -1.24238
0.0595877 -0.0188706 0.492744 -1.02779
0.0624662 -0.0187744 0.520193 -1.24238
0.0854513 -0.0252037 0.853596 -4.26157
0.0700122 -0.0245048 0.659562 -2.37859
0.0425863 -0.0151986 0.414871 -0.389282
0.0587956 -0.0190765 0.506651 -1.21398
0.230011 -0.0362243 0.0943594 -0.263997
0.0765329 -0.0213061 0.684343 -3.23986
0.211413 -0.0337848 0.0151034 -0.202211
0.0536423 -0.0190393 0.482842 -1.58699
0.0468694 -0.0139686 0.404622 -0.930441
0.0849561 -0.0245452 0.757008 -3.31269
0.224642 -0.0373449 0.0657886 -0.258889
0.0720174 -0.0214443 0.626849 -2.20592
0.080849 -0.0246639 0.738038 -3.28322
0.224642 -0.0373449 0.0657886 -0.258889
0.254358 -0.0418488 0.000652189 -0.289872
0.0612322 -0.0187653 0.530357 -1.41478
0.0640934 -0.0215508 0.559616 -1.39314
0.0635113 -0.025012 0.60818 -2.04622
0.240948 -0.0410771 0.0126235 -0.269252
0.0586539 -0.0211534 0.520543 -1.52366
0.077102 -0.0237845 0.686365 -2.39351
0.0735204 -0.01847 0.610122 -2.2961
0.0849561 -0.0245452 0.757008 -3.31269
0.0649632 -0.0220886 0.594851 -2.14905
0.240948 -0.0410771 0.0126235 -0.269252
0.0660211 -0.0184319 0.530422 -1.72282
0.0720174 -0.0214443 0.626849 -2.20592
0.080849 -0.0246639 0.738038 -3.28322
0.209878 -0.036134 0.0775106 -0.236472
0.0587956 -0.0190765 0.506651 -1.21398
0.0664402 -0.024805 0.642527 -2.34759
0.0814588 -0.0251848 0.79161 -3.90595
0.0551332 -0.019379 0.493048 -1.1842
0.20813 -0.0369808 0.0695778 -0.233795
0.0613372 -0.0223704 0.577465 -2.10861
0.044834 -0.0166415 0.415335 -0.861648
0.0660211 -0.0184319 0.530422 -1.72282
0.0587136 -0.0155631 0.470249 -1.45634
0.211413 -0.0337848 0.0151034 -0.202211
0.0477477 -0.0165243 0.441591 -1.09683
0.0739242 -0.0256757 0.751716 -3.84907
0.0569489 -0.0186302 0.494101 -1.59111
0.0468694 -0.0139686 0.404622 -0.930441
0.22509 -0.0355599 -0.0214975 -0.112065
0.0763389 -0.0250869 0.779222 -4.17335
0.085672 -0.0286855 0.885082 -4.20562
0.0796858 -0.0284655 0.875822 -4.47916
0.0763334 -0.0246822 0.710813 -3.18207
0.0544842 -0.0152925 0.44891 -0.917442
0.0644427 -0.0218979 0.621591 -3.0671
0.0516586 -0.0199968 0.49305 -1.371
0.0577758 -0.0189386 0.511903 -1.90169
0.0720174 -0.0214443 0.626849 -2.20592
0.0720174 -0.0214443 0.626849 -2.20592
0.0544842 -0.0152925 0.44891 -0.917442
0.0516586 -0.0199968 0.49305 -1.371
0.0514779 -0.0196815 0.479367 -1.1528
0.0686132 -0.0217738 0.6463 -3.15888
0.205289 -0.033939 0.0138573 -0.193639
0.0686132 -0.0217738 0.6463 -3.15888
0.0536423 -0.0190393 0.482842 -1.58699
0.0580129 -0.0155743 0.447841 -0.493823
0.0640934 -0.0215508 0.559616 -1.39314
0.077102 -0.0237845 0.686365 -2.39351
0.0728003 -0.0213081 0.606978 -1.93689
0.0720893 -0.0248124 0.68849 -3.11601
0.0552123 -0.0196755 0.506488 -1.39616
0.219673 -0.0370952 0.0260335 -0.224194
0.226991 -0.0366985 0.0742123 -0.262653
0.0666636 -0.0192044 0.578183 -2.23768
0.0565313 -0.0164814 0.480599 -1.25057
0.050474 -0.0191792 0.45507 -1.31579
0.033681 -0.0120472 0.345092 -0.342674
0.080849 -0.0246639 0.738038 -3.28322
0.069148 -0.0216015 0.590773 -1.9017
0.0854513 -0.0252037 0.853596 -4.26157
0.0602111 -0.0182369 0.506476 -1.60156
0.080849 -0.0246639 0.738038 -3.28322
0.0796858 -0.0284655 0.875822 -4.47916
0.0649632 -0.0220886 0.594851 -2.14905
0.0551332 -0.019379 0.493048 -1.1842
0.226661 -0.0407205 0.0757122 -0.272747
0.0640934 -0.0215508 0.559616 -1.39314
0.21771 -0.0365972 0.091861 -0.244357
0.286227 -0.042289 -0.0192594 -0.345611
0.0831406 -0.0220802 0.749595 -3.65682
0.0385249 -0.00956611 0.340582 0.017076
0.0536423 -0.0190393 0.482842 -1.58699
0.0649632 -0.0220886 0.594851 -2.14905
0.0527286 -0.0165372 0.472159 -0.84702
0.049958 -0.0167222 0.449119 -0.666822
0.0624662 -0.0187744 0.520193 -1.24238
0.0565313 -0.0164814 0.480599 -1.25057
0.0702588 -0.0186186 0.576256 -1.98219
0.0513035 -0.0157547 0.438046 -0.902128
0.0587956 -0.0190765 0.506651 -1.21398
0.080849 -0.0246639 0.738038 -3.28322
0.0574099 -0.0183808 0.5043 -0.82177
0.0769501 -0.0271729 0.708001 -1.98642
0.245828 -0.0404294 0.0792336 -0.304594
0.248557 -0.0346152 0.0477642 -0.286378
0.323665 -0.0418459 0.00318204 -0.416599
0.288212 -0.0371195 0.0515139 -0.372284
0.22876 -0.0335156 0.120924 -0.27873
0.257131 -0.036113 0.0977409 -0.30926
0.0602111 -0.0182369 0.506476 -1.60156
0.0654042 -0.0218671 0.573643 -1.85777
0.0765329 -0.0213061 0.684343 -3.23986
0.0735219 -0.0241482 0.673762 -2.39118
0.0599659 -0.0154972 0.483925 -0.734052
0.0566592 -0.0159152 0.4725 -0.713623
0.233169 -0.0398232 0.103807 -0.278889
0.0640186 -0.0191143 0.535823 -0.966845
