0.0532705 -0.0104576 0.396727 -0.474037
0.0686288 -0.0145624 0.51694 -1.71077
0.0666636 -0.0192044 0.578183 -2.23768
8.12945 -0.543107 -72.8964 -8.14707
0.398294 -0.0891233 -0.651035 -0.0169719
0.0825095 -0.0110971 0.554718 -1.44763
0.043955 -0.00428676 0.310172 0.0151145
0.067438 -0.00933248 0.460377 -0.689721
0.0633283 -0.00751474 0.433671 -0.496643
0.0640725 -0.00973048 0.448582 -0.665175
0.067438 -0.00933248 0.460377 -0.689721
4.9063 -0.314397 -41.6377 -7.5003
-1.14037 0.167193 0.860949 1.03716
0.047507 -0.00867372 0.394844 -0.334094
0.0820201 -0.0180344 0.63072 -1.75864
0.0640725 -0.00973048 0.448582 -0.665175
0.0531412 -0.011123 0.423675 -0.739978
0.0520046 -0.0133816 0.412086 -0.464576
0.0449254 -0.0141094 0.390644 -0.418962
0.0825082 -0.0181128 0.670833 -3.09429
0.458123 -0.131453 0.000128972 2.99861
0.0616895 -0.00677487 0.401176 -0.521168
0.0455315 -0.0093915 0.383407 -0.401203
0.0634998 -0.00997632 0.460588 -0.826938
0.0634998 -0.00997632 0.460588 -0.826938
0.069327 -0.0126858 0.505968 -1.39483
0.0692451 -0.0123874 0.492473 -1.18243
-5.54819 0.34863 47.4914 -7.37427
0.0466728 -0.00622516 0.344216 0.212645
0.0528648 -0.00828161 0.399575 -0.262741
0.0782073 -0.0145588 0.558969 -1.39121
0.066218 -0.0100403 0.460662 -0.440252
0.0598921 -0.0160865 0.492182 -1.26419
0.0440155 -0.0122993 0.399462 -0.396512
0.0346528 -0.00905687 0.309359 0.0138627
0.0657699 -0.0130055 0.492475 -1.36925
0.0476001 -0.00828368 0.359961 -0.437061
0.0594342 -0.0103299 0.435076 -1.11586
0.0336062 -0.00613466 0.27044 0.011108
0.0645366 -0.0125888 0.482821 -1.84454
0.0616895 -0.00677487 0.401176 -0.521168
0.0634998 -0.00997632 0.460588 -0.826938
0.0841197 -0.0175118 0.658844 -2.37654
0.0339545 -0.00641611 0.319664 0.276619
0.0782637 -0.0181221 0.600506 -1.22283
0.0616732 -0.0126976 0.470915 -0.770259
0.0702602 -0.0129521 0.520202 -1.06641
0.0702602 -0.0129521 0.520202 -1.06641
0.0359523 -0.00742265 0.29857 0.0133315
0.0426991 -0.0115642 0.364824 -0.403603
0.029781 -0.00844784 0.274832 0.0108918
0.0412395 -0.00692617 0.325372 0.0161839
0.0395403 -0.00424744 0.28015 0.0121453
0.0511095 -0.00790703 0.370408 -0.460187
0.0270657 -0.00504346 0.232086 0.422177
0.0395403 -0.00424744 0.28015 0.0121453
0.0827196 -0.0150707 0.634971 -2.52185
0.0790685 -0.0150967 0.594243 -2.14739
0.0460551 -0.00470666 0.324155 0.0162606
0.0511095 -0.00790703 0.370408 -0.460187
0.0555291 -0.00748152 0.379194 -0.392002
0.0549474 -0.0135226 0.448161 -0.727296
0.0435298 -0.00538597 0.317765 0.0155435
0.047507 -0.00867372 0.394844 -0.334094
0.0361347 -0.00545752 0.276875 0.0117742
0.0215439 -0.00294924 0.222158 0.633459
0.038472 -0.0119487 0.353637 -0.462405
0.0686288 -0.0145624 0.51694 -1.71077
0.0594342 -0.0103299 0.435076 -1.11586
0.0618659 -0.00953694 0.44116 -1.09583
0.0526954 -0.013449 0.443564 -1.19504
0.0594342 -0.0103299 0.435076 -1.11586
0.0602943 -0.00784691 0.424813 -0.409089
0.0876286 -0.0171557 0.673087 -2.38941
0.0485805 -0.00402744 0.330548 0.0169298
0.0418192 -0.00461287 0.314475 0.193205
0.0601089 -0.0103896 0.449163 -0.804931
0.0410043 -0.00606509 0.311371 0.0148148
0.0435298 -0.00538597 0.317765 0.0155435
0.0566668 -0.0107834 0.437329 -0.779151
0.0475786 -0.0119284 0.409728 -0.41744
0.0515273 -0.0139153 0.436415 -0.701945
0.0262992 -0.00614206 0.255758 0.44286
0.0528648 -0.00828161 0.399575 -0.262741
0.0603699 -0.0097144 0.417358 -0.513449
0.0912061 -0.0167917 0.685673 -2.39157
0.0412395 -0.00692617 0.325372 0.0161839
0.0692451 -0.0123874 0.492473 -1.18243
0.0729055 -0.0120849 0.506093 -1.21234
0.0729055 -0.0120849 0.506093 -1.21234
0.0725736 -0.0122786 0.517476 -1.40315
0.0568168 -0.0100867 0.407098 -0.494403
0.0528648 -0.00828161 0.399575 -0.262741
0.0655914 -0.0126899 0.478779 -1.15092
0.0475041 -0.00651452 0.355163 0.0193054
0.0561789 -0.00826643 0.413789 -0.46173
0.0357668 -0.00938587 0.320225 0.014898
0.0406319 -0.00903814 0.338689 -0.385694
0.0225008 -0.00432604 0.222351 0.521676
0.0754331 -0.0153767 0.576853 -2.10669
0.0421849 -0.00614507 0.322827 -0.392401
0.049103 -0.00535446 0.343214 -0.439898
0.0321607 -0.00958459 0.317905 -0.319019
0.0421849 -0.00614507 0.322827 -0.392401
0.0718616 -0.0119426 0.511274 -1.89923
0.0594342 -0.0103299 0.435076 -1.11586
0.0819278 -0.0146832 0.662656 -3.52597
0.0284553 -0.000923485 0.215861 0.574406
0.0710414 -0.0116361 0.49352 -1.58898
0.0489817 -0.0108215 0.384817 -0.528219
0.0598852 -0.012163 0.449229 -1.00414
0.0598852 -0.012163 0.449229 -1.00414
0.038472 -0.0119487 0.353637 -0.462405
0.0459482 -0.014216 0.416806 -1.12978
0.0349906 -0.0123441 0.343636 -0.441305
0.0635825 -0.0158036 0.506243 -1.29598
0.0476001 -0.00828368 0.359961 -0.437061
0.0718616 -0.0119426 0.511274 -1.89923
0.0350714 -0.00914261 0.329659 -0.34946
0.0547944 -0.0104095 0.418174 -1.0451
0.0594342 -0.0103299 0.435076 -1.11586
0.0399648 -0.0031474 0.272548 0.0115375
0.0521125 -0.00673104 0.345844 -0.588583
0.0513669 -0.0107694 0.404591 -1.00804
0.0754331 -0.0153767 0.576853 -2.10669
0.0376012 -0.00727693 0.30813 0.0143361
0.0476001 -0.00828368 0.359961 -0.437061
0.0476001 -0.00828368 0.359961 -0.437061
0.0334258 -0.00810109 0.292163 0.012578
0.0367015 -0.0116271 0.35685 -0.371365
0.0317754 -0.00824598 0.282582 0.0116219
0.0469686 -0.0082513 0.357111 -0.510127
0.0645366 -0.0125888 0.482821 -1.84454
0.0594342 -0.0103299 0.435076 -1.11586
0.0350714 -0.00914261 0.329659 -0.34946
0.0593411 -0.0126394 0.469278 -1.24704
0.0513365 -0.00420616 0.35087 0.0190954
0.0692451 -0.0123874 0.492473 -1.18243
0.0531522 -0.00857342 0.403802 -0.365202
0.0433376 -0.00734475 0.339326 0.0173659
0.0446419 -0.00571379 0.328604 0.0166533
0.0593411 -0.0126394 0.469278 -1.24704
0.0686288 -0.0145624 0.51694 -1.71077
0.0598852 -0.012163 0.449229 -1.00414
0.0406319 -0.00903814 0.338689 -0.385694
0.0371778 -0.00837739 0.315745 0.0146649
0.0419616 -0.0115918 0.364672 -0.489362
0.0446419 -0.00571379 0.328604 0.0166533
0.0521125 -0.00673104 0.345844 -0.588583
0.049103 -0.00535446 0.343214 -0.439898
0.0344829 -0.00560145 0.267273 0.0108722
0.0566382 -0.00758995 0.402593 -1.09045
0.0739054 -0.0113883 0.519898 -1.85142
0.0460551 -0.00470666 0.324155 0.0162606
0.0589471 -0.00965054 0.41482 -0.859961
0.0429032 -0.00657143 0.354343 -0.27455
0.0435298 -0.00538597 0.317765 0.0155435
0.0344184 -0.00258672 0.263965 0.382011
0.0593411 -0.0126394 0.469278 -1.24704
0.0531412 -0.011123 0.423675 -0.739978
0.0400289 -0.00905642 0.33755 -0.472132
0.0373632 -0.0064142 0.29409 0.0130613
0.0468694 -0.0139686 0.404622 -0.930441
0.0376826 -0.00428833 0.266171 0.290593
0.041191 -0.00410269 0.289733 0.0130785
0.0448339 -0.00375473 0.307038 0.0147156
0.0347241 -0.00646618 0.28136 0.0120494
0.0509321 -0.00864631 0.397915 -0.740203
0.0609858 -0.00698212 0.404245 -0.929584
0.0533226 -0.00494199 0.353444 -0.375055
0.0756387 -0.0157208 0.601613 -2.46176
0.0509321 -0.00864631 0.397915 -0.740203
0.0496607 -0.00718573 0.337335 -0.483602
0.0370117 -0.00492453 0.273713 0.0115138
0.0406567 -0.00457791 0.291048 0.0131429
0.0384785 -0.00674398 0.304973 0.0140773
0.0370117 -0.00492453 0.273713 0.0115138
0.0350714 -0.00914261 0.329659 -0.34946
0.0308989 -0.00877932 0.285752 0.0118171
0.0476001 -0.00828368 0.359961 -0.437061
0.0361347 -0.00545752 0.276875 0.0117742
0.0531743 -0.00793708 0.388633 -1.04901
0.199145 -0.0309494 -0.000484963 -0.175348
0.0452364 -0.00752662 0.325643 -0.548645
0.0531743 -0.00793708 0.388633 -1.04901
0.0521125 -0.00673104 0.345844 -0.588583
0.057247 -0.00984409 0.422663 -1.53634
0.0289833 -0.00235058 0.22026 0.427589
0.0395403 -0.00424744 0.28015 0.0121453
0.0526954 -0.013449 0.443564 -1.19504
0.0547944 -0.0104095 0.418174 -1.0451
0.0531743 -0.00793708 0.388633 -1.04901
0.0336062 -0.00613466 0.27044 0.011108
0.0334258 -0.00810109 0.292163 0.012578
0.0229245 -0.00575976 0.228677 0.35565
0.0547944 -0.0104095 0.418174 -1.0451
0.031384 -0.0023654 0.239358 0.264253
0.0448029 -0.00547678 0.332679 -0.309978
0.0308337 -0.00594545 0.249881 0.00935369
0.0486726 -0.00712901 0.335777 -0.569322
0.0469057 -0.00459887 0.307895 -0.55331
0.0397215 -0.00228141 0.258435 0.0104972
0.0486726 -0.00712901 0.335777 -0.569322
0.036592 -0.0061817 0.311493 -0.33913
0.0622047 -0.0092158 0.426398 -0.882364
0.0410043 -0.00606509 0.311371 0.0148148
0.0655914 -0.0126899 0.478779 -1.15092
0.0437189 -0.00342507 0.296159 0.0137067
0.0454693 -0.0112066 0.374772 -0.509352
0.03619 -0.00828542 0.312609 0.014594
0.0312185 -0.00746818 0.271396 0.248156
0.0465392 -0.00796613 0.359336 -0.331772
0.0370117 -0.00492453 0.273713 0.0115138
0.0521125 -0.00673104 0.345844 -0.588583
0.027761 -0.00443324 0.211922 0.296702
0.0441056 -0.00866055 0.349395 -0.412294
0.0437189 -0.00342507 0.296159 0.0137067
0.0594342 -0.0103299 0.435076 -1.11586
0.0546294 -0.00753021 0.380753 -0.481831
0.0476001 -0.00828368 0.359961 -0.437061
0.0476001 -0.00828368 0.359961 -0.437061
0.0406319 -0.00903814 0.338689 -0.385694
0.038663 -0.00478018 0.283305 0.0124324
0.0667085 -0.0154198 0.530537 -2.09363
0.0426519 -0.00591843 0.32091 0.015851
0.0444436 -0.00909321 0.383353 -0.308928
0.0414135 -0.00951472 0.371702 -0.282082
0.0745299 -0.0148676 0.545847 -1.36882
0.0397215 -0.00228141 0.258435 0.0104972
0.0546294 -0.00753021 0.380753 -0.481831
0.0334258 -0.00810109 0.292163 0.012578
0.0437189 -0.00342507 0.296159 0.0137067
0.0618659 -0.00953694 0.44116 -1.09583
0.0477912 -0.00505701 0.34467 -0.341252
0.069327 -0.0126858 0.505968 -1.39483
0.0511095 -0.00790703 0.370408 -0.460187
0.0437189 -0.00342507 0.296159 0.0137067
0.0727075 -0.0184566 0.622302 -2.55001
0.0476001 -0.00828368 0.359961 -0.437061
0.0389018 -0.00564359 0.297358 0.0137157
0.0455315 -0.0093915 0.383407 -0.401203
0.0270785 0.000190992 0.215158 0.639132
0.0243487 5.38104e-05 0.20652 0.713762
0.35956 -0.0508733 -0.175637 -0.429496
0.0592287 -0.0036341 0.38991 0.0237183
0.094265 -0.0138126 0.640494 -1.6656
0.0500259 -0.00583284 0.361504 0.0201158
0.0634439 -0.00532143 0.438838 -0.245009
0.0424918 -0.00246934 0.278962 0.012344
0.0547944 -0.0104095 0.418174 -1.0451
0.0429032 -0.00657143 0.354343 -0.27455
0.0560283 -0.0130482 0.456538 -1.22251
0.0475933 -0.00393602 0.327414 0.0169186
0.0526172 -0.00861376 0.402991 -0.43834
0.0462876 -0.00556593 0.338115 0.0177397
0.0754331 -0.0153767 0.576853 -2.10669
