0.0209723 -0.0149547 0.302342 0.0108808
0.0228981 -0.0119166 0.274171 0.00962824
0.0198543 -0.0146232 0.291422 0.0099735
-0.761392 0.0739078 0.960596 0.301776
-0.0896208 -0.022243 0.0130825 3.3563
0.0247915 -0.0126377 0.297868 0.0116066
0.0203707 -0.0125944 0.26775 0.00879816
0.0293712 -0.0156434 0.347889 -0.49371
0.0352176 -0.0208158 0.430506 -1.16419
-0.00582543 -0.00747249 0.182449 0.840238
0.0152944 -0.0120351 0.251448 0.267035
-0.368714 0.021371 0.361383 -0.160276
-0.107445 -0.00661015 -0.564526 -5.68527
0.0417059 -0.0231642 0.469541 -1.69394
0.0352176 -0.0208158 0.430506 -1.16419
0.017941 -0.013162 0.286741 0.203695
0.0194956 -0.0131286 0.270942 0.00887044
0.0180887 -0.0141395 0.275478 0.00882871
0.0209527 -0.0161324 0.330145 -0.351298
-5.37553 0.335804 45.7079 -7.42435
0.0624945 -0.0283111 0.685204 -3.24433
0.0312058 -0.0190482 0.408924 -0.838443
0.0302481 -0.0184055 0.376173 -0.916125
0.0153732 -0.0140385 0.256418 0.00726036
0.0145322 -0.0145799 0.259596 0.00725099
0.0231336 -0.0190764 0.348961 -0.820524
0.0153732 -0.0140385 0.256418 0.00726036
-8.21003 0.633962 51.7345 -5.31487
0.039995 -0.0254131 0.384961 -0.959462
0.0265041 -0.016027 0.3392 -0.387561
0.0372475 -0.0177597 0.405118 -1.0097
0.0273166 -0.0119584 0.304255 0.0124967
0.0180887 -0.0141395 0.275478 0.00882871
0.0265041 -0.016027 0.3392 -0.387561
0.0209527 -0.0161324 0.330145 -0.351298
0.0224772 -0.0131714 0.311931 -0.340753
0.0458225 -0.0234217 0.547896 -3.28249
0.0119987 -0.0152453 0.252941 0.00631776
0.0200087 -0.0163221 0.320329 -0.79803
0.0257671 -0.0208606 0.388037 -1.50444
0.0182035 -0.0147677 0.281831 0.00899167
0.0180422 -0.0165742 0.318382 -0.320861
0.0180887 -0.0141395 0.275478 0.00882871
0.0608215 -0.0294976 0.732997 -4.01793
0.0153549 -0.0127145 0.266055 0.409237
0.0394 -0.0201091 0.428817 -0.981179
0.0347255 -0.018698 0.421643 -0.871327
0.0180118 -0.00891311 0.230526 0.388808
0.00630208 -0.010695 0.189635 0.542497
0.0186299 -0.0151306 0.293689 -0.331507
0.0153732 -0.0140385 0.256418 0.00726036
0.0209527 -0.0161324 0.330145 -0.351298
0.0141436 -0.0130611 0.23874 0.00631265
0.0142331 -0.0136904 0.245232 0.00649736
0.00728931 -0.012395 0.197964 0.333005
0.00355119 -0.0111784 0.17934 0.585977
0.0155371 -0.0120463 0.234195 0.00640083
0.0169681 -0.0138064 0.264522 0.0080027
0.0179728 -0.0166635 0.319276 -0.426406
0.0145322 -0.0145799 0.259596 0.00725099
0.0179728 -0.0166635 0.319276 -0.426406
0.0485375 -0.0262672 0.596348 -3.29521
0.0267612 -0.0187394 0.362532 -0.873868
0.0180887 -0.0141395 0.275478 0.00882871
0.0145322 -0.0145799 0.259596 0.00725099
0.0224386 -0.0164476 0.328195 -0.453164
0.0167667 -0.0130235 0.25187 0.00735379
0.0196573 -0.0136478 0.300733 -0.313247
0.0169681 -0.0138064 0.264522 0.0080027
0.0167667 -0.0130235 0.25187 0.00735379
0.0270832 -0.0214231 0.409493 -1.2619
0.0136805 -0.0141637 0.246598 0.00638375
0.0224386 -0.0164476 0.328195 -0.453164
0.0352176 -0.0208158 0.430506 -1.16419
0.00350484 -0.00827277 0.194994 0.694856
0.0167972 -0.0157789 0.286374 0.00890215
0.0180422 -0.0165742 0.318382 -0.320861
0.0267612 -0.0187394 0.362532 -0.873868
0.0167972 -0.0157789 0.286374 0.00890215
0.0189636 -0.0136052 0.272283 0.00877598
0.0417059 -0.0231642 0.469541 -1.69394
0.0424394 -0.0235533 0.484662 -1.41046
0.0186205 -0.0136631 0.274137 0.00893242
0.0220147 -0.00986014 0.219606 0.425537
0.0209723 -0.0149547 0.302342 0.0108808
0.0525184 -0.0261826 0.577862 -2.2317
0.0126217 -0.0125796 0.241203 0.300259
0.020848 -0.0193329 0.344271 -0.443819
0.0142331 -0.0136904 0.245232 0.00649736
0.0179728 -0.0166635 0.319276 -0.426406
0.0180422 -0.0165742 0.318382 -0.320861
0.0179728 -0.0166635 0.319276 -0.426406
0.0189636 -0.0136052 0.272283 0.00877598
0.0180422 -0.0165742 0.318382 -0.320861
0.0156772 -0.0154462 0.275426 0.00805939
0.0194956 -0.0131286 0.270942 0.00887044
0.00702021 -0.0103738 0.208416 0.38584
0.0167667 -0.0130235 0.25187 0.00735379
0.00912022 -0.0101661 0.197699 0.516816
0.0224772 -0.0131714 0.311931 -0.340753
0.0169826 -0.0159886 0.284356 -0.441743
0.0200087 -0.0163221 0.320329 -0.79803
0.00916618 -0.0150222 0.231936 0.00473289
0.0080262 -0.0146752 0.220765 0.0040678
0.0142331 -0.0136904 0.245232 0.00649736
0.0200087 -0.0163221 0.320329 -0.79803
0.0201648 -0.0155423 0.294673 -0.466182
0.0017798 -0.0113497 0.186383 0.47699
0.0169681 -0.0138064 0.264522 0.0080027
0.0142331 -0.0136904 0.245232 0.00649736
0.0231336 -0.0190764 0.348961 -0.820524
0.0453436 -0.0230352 0.514564 -2.71831
0.0169826 -0.0159886 0.284356 -0.441743
0.0119987 -0.0152453 0.252941 0.00631776
0.005289 -0.00845828 0.168277 0.596823
0.0146962 -0.0125877 0.237374 0.00641236
0.0167667 -0.0130235 0.25187 0.00735379
0.0414424 -0.0232946 0.482352 -1.96959
0.0103061 -0.0153697 0.243113 0.00543464
0.0118026 -0.0121925 0.204519 0.302926
0.0169826 -0.0159886 0.284356 -0.441743
0.0116996 -0.0143566 0.238588 0.00562608
0.0142331 -0.0136904 0.245232 0.00649736
0.0116996 -0.0143566 0.238588 0.00562608
0.0166772 -0.0123939 0.245374 0.00714433
0.0175742 -0.0183453 0.308426 -0.541074
0.000759342 -0.00998012 0.186032 0.618137
0.00630208 -0.010695 0.189635 0.542497
0.0142331 -0.0136904 0.245232 0.00649736
0.0145322 -0.0145799 0.259596 0.00725099
0.0126217 -0.0125796 0.241203 0.300259
0.0194956 -0.0131286 0.270942 0.00887044
0.0142331 -0.0136904 0.245232 0.00649736
0.0169826 -0.0159886 0.284356 -0.441743
0.0116996 -0.0143566 0.238588 0.00562608
0.0121628 -0.0132547 0.230739 0.00558508
0.0186205 -0.0136631 0.274137 0.00893242
0.0146962 -0.0125877 0.237374 0.00641236
0.0167667 -0.0130235 0.25187 0.00735379
0.0167972 -0.0157789 0.286374 0.00890215
0.0169681 -0.0138064 0.264522 0.0080027
0.0302415 -0.0187054 0.38594 -1.12888
0.0145322 -0.0145799 0.259596 0.00725099
0.00912022 -0.0101661 0.197699 0.516816
0.0201648 -0.0155423 0.294673 -0.466182
0.0206153 -0.0134612 0.281886 0.00972607
0.0195059 -0.0118478 0.259599 0.241238
0.0218475 -0.0144204 0.299151 0.0108102
0.0215772 -0.0126074 0.277836 -0.469942
0.011305 -0.0143451 0.279959 -0.345753
0.0130036 -0.0127137 0.227565 0.00560216
0.0116996 -0.0143566 0.238588 0.00562608
0.0201648 -0.0155423 0.294673 -0.466182
0.0145322 -0.0145799 0.259596 0.00725099
0.0130036 -0.0127137 0.227565 0.00560216
0.0145322 -0.0145799 0.259596 0.00725099
0.0179728 -0.0166635 0.319276 -0.426406
0.0224386 -0.0164476 0.328195 -0.453164
0.00630208 -0.010695 0.189635 0.542497
0.00879975 -0.0127468 0.229018 0.354398
0.000759342 -0.00998012 0.186032 0.618137
0.0169681 -0.0138064 0.264522 0.0080027
0.00630208 -0.010695 0.189635 0.542497
0.00630208 -0.010695 0.189635 0.542497
0.0130036 -0.0127137 0.227565 0.00560216
0.0104702 -0.0133806 0.220928 0.00478835
0.0176313 -0.0136409 0.289994 -0.768055
0.00916618 -0.0150222 0.231936 0.00473289
0.0116996 -0.0143566 0.238588 0.00562608
0.0119987 -0.0152453 0.252941 0.00631776
0.00728931 -0.012395 0.197964 0.333005
0.0116102 -0.0137277 0.2321 0.00546713
0.0116996 -0.0143566 0.238588 0.00562608
0.0104702 -0.0133806 0.220928 0.00478835
0.0118026 -0.0121925 0.204519 0.302926
0.0116996 -0.0143566 0.238588 0.00562608
0.0234443 -0.0151061 0.304754 -0.488651
0.0145017 -0.0116706 0.215272 0.260565
0.0159258 -0.0135651 0.255051 0.00736643
0.0155371 -0.0120463 0.234195 0.00640083
0.0200087 -0.0163221 0.320329 -0.79803
0.00270012 -0.00892042 0.155715 0.663014
0.0101709 -0.012494 0.2066 0.00418962
0.00367719 -0.0125949 0.185289 0.402726
0.00793688 -0.0140469 0.214284 0.00395125
0.00572397 -0.0099131 0.173192 0.409153
0.00916618 -0.0150222 0.231936 0.00473289
0.00728931 -0.012395 0.197964 0.333005
0.0116996 -0.0143566 0.238588 0.00562608
0.0017798 -0.0113497 0.186383 0.47699
0.0152073 -0.0135216 0.257951 -0.423194
0.0145017 -0.0116706 0.215272 0.260565
0.0118026 -0.0121925 0.204519 0.302926
0.00453181 -0.0103511 0.214664 0.291061
0.0145322 -0.0145799 0.259596 0.00725099
0.00875438 -0.00804749 0.175728 0.566641
0.011311 -0.0128402 0.217761 0.00482312
0.0130036 -0.0127137 0.227565 0.00560216
0.00916618 -0.0150222 0.231936 0.00473289
0.00793688 -0.0140469 0.214284 0.00395125
-9.37754e-05 -0.0107339 0.151185 0.516668
0.00367719 -0.0125949 0.185289 0.402726
0.01569 -0.0166976 0.310084 -0.916656
0.00763757 -0.013161 0.199965 0.00341488
0.0183748 -0.0127954 0.259984 0.00805066
0.0068703 -0.0116411 0.232717 0.410294
0.00912022 -0.0101661 0.197699 0.516816
0.0337166 -0.0183608 0.400144 -1.17203
0.0108328 -0.0113311 0.197661 0.435883
0.0136527 -0.0109006 0.208448 0.396304
0.0136527 -0.0109006 0.208448 0.396304
0.0118267 -0.0098568 0.212742 0.450392
0.0104702 -0.0133806 0.220928 0.00478835
0.00572397 -0.0099131 0.173192 0.409153
0.00284105 -0.0104482 0.164709 0.444365
0.00848954 -0.0135744 0.212928 0.00409167
0.0037792 -0.0133679 0.228537 0.268612
0.0104702 -0.0133806 0.220928 0.00478835
0.00702021 -0.0103738 0.208416 0.38584
-0.00228475 -0.00791214 0.152611 0.792917
0.0141436 -0.0130611 0.23874 0.00631265
0.00697915 -0.013658 0.222622 0.361532
0.00728931 -0.012395 0.197964 0.333005
0.0130036 -0.0127137 0.227565 0.00560216
0.0169681 -0.0138064 0.264522 0.0080027
0.0183748 -0.0127954 0.259984 0.00805066
0.0321072 -0.0145531 0.326866 -0.45786
0.0230483 -0.00941084 0.247549 0.00847183
0.00131683 -0.00561654 0.142034 0.799093
0.00201764 -0.00640744 0.135797 0.784972
0.011311 -0.0128402 0.217761 0.00482312
-0.000918194 -0.00937188 0.151048 0.674409
-0.0015959 -0.0105092 0.175378 0.661893
0.0094158 -0.0148134 0.216976 0.302938
0.0153732 -0.0140385 0.256418 0.00726036
0.00355119 -0.0111784 0.17934 0.585977
0.014714 -0.0170872 0.308344 -0.398584
0.0145322 -0.0145799 0.259596 0.00725099
0.0200087 -0.0163221 0.320329 -0.79803
0.0121628 -0.0132547 0.230739 0.00558508
0.00898864 -0.0076937 0.173498 0.647228
0.0384249 -0.0205958 0.451741 -1.39127
0.0101705 -0.00616387 0.187428 0.645407
0.0180887 -0.0141395 0.275478 0.00882871
0.0298414 -0.0112788 0.310637 0.0133789
0.0270758 -0.0110939 0.290172 0.0114073
0.0228981 -0.0119166 0.274171 0.00962824
0.0260204 -0.0135946 0.315086 0.0127905
0.00595632 -0.0142402 0.206279 0.00324268
0.0169607 -0.0187402 0.309468 -1.0598
0.00728931 -0.012395 0.197964 0.333005
0.0122523 -0.0138836 0.237226 0.00575043
0.0170834 -0.0144349 0.270881 0.00815567
0.0105374 -0.0100074 0.217165 0.357834
0.0196573 -0.0136478 0.300733 -0.313247
0.00679255 -0.00899397 0.202564 0.560002
