0.0497132 -0.00866645 0.387482 -0.233572
0.0448339 -0.00375473 0.307038 0.0147156
0.0512594 -0.0142508 0.449645 -0.88196
6.63966 -0.448975 -58.0112 -7.73484
6.60019 -0.446443 -57.4937 -7.70607
0.0494914 4.21742e-05 0.279002 0.288048
0.0560289 -0.016092 0.482846 -0.862413
0.266936 -0.0381682 0.0405465 -0.331577
0.0485805 -0.00402744 0.330548 0.0169298
0.0745299 -0.0148676 0.545847 -1.36882
0.0553883 -0.0111114 0.429215 -0.379224
-0.768383 0.0751851 0.954783 0.344725
-0.795212 0.0808986 0.915493 0.524606
0.0592927 -0.0156358 0.493269 -0.875368
0.0601089 -0.0103896 0.449163 -0.804931
0.082575 -0.014789 0.611298 -2.18246
0.047507 -0.00867372 0.394844 -0.334094
0.077051 -0.0181326 0.625272 -2.31726
0.0484571 -0.0137462 0.40145 -0.442614
5.996 -0.490156 -45.1644 -7.35506
3.25093 -0.316891 -19.6773 -6.07251
0.0725736 -0.0122786 0.517476 -1.40315
0.0400376 -0.0127136 0.387579 -0.448105
0.0568168 -0.0100867 0.407098 -0.494403
0.0806337 -0.0178352 0.64233 -2.34975
0.0532705 -0.0104576 0.396727 -0.474037
0.0792643 -0.0207903 0.65631 -2.24598
-4.13085 0.253712 35.6827 -7.32253
-9.13587 0.617455 72.3979 -6.88589
0.0497132 -0.00866645 0.387482 -0.233572
0.0560456 -0.00789668 0.411463 -0.289993
0.0815822 -0.014133 0.569684 -1.39719
0.0424595 -0.0078771 0.342468 0.0176559
0.0549474 -0.0135226 0.448161 -0.727296
0.0475788 -0.0137655 0.401632 -0.522585
0.89221 -0.125345 -1.55039 -1.46299
0.0421849 -0.00614507 0.322827 -0.392401
0.0839688 -0.0188569 0.726744 -3.77632
0.0425233 -0.0145785 0.403045 -1.09177
0.0608591 -0.0129038 0.467875 -1.80874
0.0618659 -0.00953694 0.44116 -1.09583
0.0460551 -0.00470666 0.324155 0.0162606
0.0776215 -0.0180182 0.607415 -2.04377
0.0410043 -0.00606509 0.311371 0.0148148
0.044806 -0.0112123 0.447171 -0.321054
0.0547439 -0.0111896 0.430055 -0.456243
0.0815276 -0.0182001 0.647757 -1.98789
0.056714 -0.00820974 0.414361 -0.387761
0.038129 -0.00525556 0.284624 0.0124796
0.0515273 -0.0139153 0.436415 -0.701945
0.0344665 -0.0110195 0.331002 0.0153876
0.0938716 -0.0215109 0.877438 -4.496
0.0462232 -0.00756291 0.326389 -0.456022
0.0410043 -0.00606509 0.311371 0.0148148
0.0272529 -0.00912528 0.268404 0.010153
0.0512886 -0.0110299 0.413962 -1.21131
0.0458803 -0.00620336 0.368127 -0.314954
0.0754331 -0.0153767 0.576853 -2.10669
0.0843084 -0.0211229 0.725034 -2.98721
0.0376826 -0.00428833 0.266171 0.290593
0.0511095 -0.00790703 0.370408 -0.460187
0.0399366 -0.00855799 0.336112 0.0168182
0.0532705 -0.0104576 0.396727 -0.474037
0.0566668 -0.0107834 0.437329 -0.779151
0.038663 -0.00478018 0.283305 0.0124324
0.0653347 -0.0149758 0.506321 -1.71472
0.0367015 -0.0116271 0.35685 -0.371365
0.0566668 -0.0107834 0.437329 -0.779151
0.055641 -0.0100669 0.402808 -0.833142
0.0575533 -0.00736637 0.391528 -0.895962
0.0459482 -0.014216 0.416806 -1.12978
0.0395403 -0.00424744 0.28015 0.0121453
0.0471661 -0.00503382 0.33498 0.0174015
0.047397 -0.00589216 0.348917 0.0189169
0.047507 -0.00867372 0.394844 -0.334094
0.0436764 -0.00882593 0.359521 0.0191742
0.0511095 -0.00790703 0.370408 -0.460187
0.0735204 -0.01847 0.610122 -2.2961
0.0686288 -0.0145624 0.51694 -1.71077
0.0558017 -0.0109777 0.446239 -0.92952
0.0392976 -0.00466471 0.298574 0.303787
0.051156 -0.0115587 0.419924 -0.437333
0.0456272 -0.0148795 0.424249 -0.481069
0.0516678 -0.00568239 0.370956 0.0212924
0.0646052 -0.012476 0.492623 -0.945732
0.0634998 -0.00997632 0.460588 -0.826938
0.0400257 -0.0123904 0.38614 -0.273766
0.0418192 -0.00461287 0.314475 0.193205
0.0555291 -0.00748152 0.379194 -0.392002
0.0646052 -0.012476 0.492623 -0.945732
0.0418192 -0.00461287 0.314475 0.193205
0.0363922 -0.00563396 0.292629 0.25338
0.0475041 -0.00651452 0.355163 0.0193054
0.055925 -0.0142626 0.484878 -0.700717
0.0606171 -0.0133841 0.466129 -0.484697
0.0820201 -0.0180344 0.63072 -1.75864
0.0397792 -0.00511061 0.294201 0.0134343
0.0373632 -0.0064142 0.29409 0.0130613
0.0419616 -0.0115918 0.364672 -0.489362
0.0453433 -0.000480701 0.271026 0.249413
0.0441056 -0.00866055 0.349395 -0.412294
0.0456357 -0.00574962 0.333083 -0.417043
0.0259578 -0.0107624 0.279251 0.0104975
0.036592 -0.0061817 0.311493 -0.33913
0.0521125 -0.00673104 0.345844 -0.588583
0.0429032 -0.00657143 0.354343 -0.27455
0.0476001 -0.00828368 0.359961 -0.437061
0.0352578 -0.00599077 0.280039 0.0120248
0.0423063 -0.00443252 0.300616 0.0141132
0.0395925 -0.00707304 0.315839 0.0151281
0.041191 -0.00410269 0.289733 0.0130785
0.0410043 -0.00606509 0.311371 0.0148148
0.0349037 -0.00449918 0.259625 0.0105378
0.0630559 -0.0157498 0.516366 -2.07138
0.0408616 -0.0117511 0.362143 -0.872325
0.0476001 -0.00828368 0.359961 -0.437061
0.0547944 -0.0104095 0.418174 -1.0451
0.0594342 -0.0103299 0.435076 -1.11586
0.0306894 -0.0124664 0.333103 -0.311431
0.0469686 -0.0082513 0.357111 -0.510127
0.0605554 -0.00944775 0.43733 -1.5746
0.0486726 -0.00712901 0.335777 -0.569322
0.0513669 -0.0107694 0.404591 -1.00804
0.0478257 -0.0113711 0.399649 -1.17025
0.0444436 -0.00909321 0.383353 -0.308928
0.0625308 -0.0155671 0.499231 -1.74809
0.0420077 -0.00978143 0.373508 -0.381014
0.0434716 -0.00836576 0.347189 -0.300219
0.0513669 -0.0107694 0.404591 -1.00804
0.0312185 -0.00746818 0.271396 0.248156
0.0325491 -0.00863447 0.295331 0.0127883
0.0431843 -0.00390019 0.297472 0.0137799
0.0645185 -0.0124794 0.47129 -1.58334
0.0547944 -0.0104095 0.418174 -1.0451
0.0296976 -0.0102668 0.307594 -0.404276
0.0384785 -0.00674398 0.304973 0.0140773
0.0581548 -0.00799656 0.423685 -0.811228
0.0601089 -0.0103896 0.449163 -0.804931
0.0566668 -0.0107834 0.437329 -0.779151
0.0410043 -0.00606509 0.311371 0.0148148
0.0598852 -0.012163 0.449229 -1.00414
0.0434716 -0.00836576 0.347189 -0.300219
0.0531412 -0.011123 0.423675 -0.739978
0.0429032 -0.00657143 0.354343 -0.27455
0.0408942 -0.00544033 0.305081 0.0144716
0.0593411 -0.0126394 0.469278 -1.24704
0.0384785 -0.00674398 0.304973 0.0140773
0.0555291 -0.00748152 0.379194 -0.392002
0.0397215 -0.00228141 0.258435 0.0104972
0.0476001 -0.00828368 0.359961 -0.437061
0.0285482 -0.00748835 0.257558 0.00975283
0.0547944 -0.0104095 0.418174 -1.0451
0.0460551 -0.00470666 0.324155 0.0162606
0.049103 -0.00535446 0.343214 -0.439898
0.0397792 -0.00511061 0.294201 0.0134343
0.0390126 -0.00626865 0.303655 0.0140455
0.0765336 -0.018234 0.644119 -2.61982
0.0567191 -0.0126449 0.438863 -0.993104
0.0465392 -0.00796613 0.359336 -0.331772
0.0476001 -0.00828368 0.359961 -0.437061
0.0560283 -0.0130482 0.456538 -1.22251
0.0326727 -0.00530919 0.275524 0.379725
0.0350714 -0.00914261 0.329659 -0.34946
0.0437637 -0.00624617 0.331745 0.0169664
0.0301012 -0.000763975 0.232823 0.450599
0.0652708 -0.0129983 0.497826 -1.54233
0.0425233 -0.0145785 0.403045 -1.09177
0.0434716 -0.00836576 0.347189 -0.300219
0.0477912 -0.00505701 0.34467 -0.341252
0.0565797 -0.00642545 0.358633 -0.531636
0.0410043 -0.00606509 0.311371 0.0148148
0.0441056 -0.00866055 0.349395 -0.412294
0.0434716 -0.00836576 0.347189 -0.300219
0.0361347 -0.00545752 0.276875 0.0117742
0.0412395 -0.00692617 0.325372 0.0161839
0.0513669 -0.0107694 0.404591 -1.00804
0.0645185 -0.0124794 0.47129 -1.58334
0.0454693 -0.0112066 0.374772 -0.509352
0.0493372 -0.013839 0.430322 -1.16421
0.0360115 -0.00114704 0.233601 0.454903
0.0452364 -0.00752662 0.325643 -0.548645
0.0486726 -0.00712901 0.335777 -0.569322
0.0272529 -0.00912528 0.268404 0.010153
0.036592 -0.0061817 0.311493 -0.33913
0.0371912 -0.00295745 0.251976 0.00992659
0.0441761 -0.00502796 0.299773 -0.436673
0.0451184 -0.00831216 0.355651 -0.908224
0.0259502 -0.00286714 0.212343 0.45216
0.0608591 -0.0129038 0.467875 -1.80874
0.0400289 -0.00905642 0.33755 -0.472132
0.0560283 -0.0130482 0.456538 -1.22251
0.0547944 -0.0104095 0.418174 -1.0451
0.0513669 -0.0107694 0.404591 -1.00804
0.0350753 -0.00795582 0.301733 0.0135663
0.0350714 -0.00914261 0.329659 -0.34946
0.0404179 -0.00374024 0.275717 0.265009
0.0374333 -0.00382276 0.266074 0.0111446
0.0424918 -0.00246934 0.278962 0.012344
0.0272529 -0.00912528 0.268404 0.010153
0.0363143 -0.00349049 0.255139 0.0102179
0.0452364 -0.00752662 0.325643 -0.548645
0.0495986 -0.00821663 0.37269 -0.989144
0.286003 -0.0400414 -0.1235 -0.288891
0.036911 -0.00801587 0.30735 -0.389852
0.0448339 -0.00375473 0.307038 0.0147156
0.0593411 -0.0126394 0.469278 -1.24704
0.0756387 -0.0157208 0.601613 -2.46176
0.0846838 -0.0175644 0.702259 -3.4264
0.0547944 -0.0104095 0.418174 -1.0451
0.0476001 -0.00828368 0.359961 -0.437061
0.0302862 -0.00462705 0.241853 0.387089
0.0692451 -0.0123874 0.492473 -1.18243
0.0452364 -0.00752662 0.325643 -0.548645
0.0315254 -0.000491955 0.225279 0.542622
0.0327997 -0.0115889 0.30829 -0.554716
0.0374333 -0.00382276 0.266074 0.0111446
0.0628867 -0.0096793 0.428258 -1.37135
0.0756387 -0.0157208 0.601613 -2.46176
0.0594342 -0.0103299 0.435076 -1.11586
0.038663 -0.00478018 0.283305 0.0124324
0.0356659 -0.0020422 0.242423 0.271504
0.0526954 -0.013449 0.443564 -1.19504
0.0397792 -0.00511061 0.294201 0.0134343
0.0591106 -0.0127775 0.477414 -1.43806
0.0790685 -0.0150967 0.594243 -2.14739
0.0384353 -0.0025148 0.277098 0.329709
0.070509 -0.0153076 0.541988 -1.5264
0.054937 -0.00103898 0.33263 0.0174181
0.0566382 -0.00758995 0.402593 -1.09045
0.0788533 -0.0152793 0.612701 -2.44661
0.0232499 -0.00318085 0.197393 0.517993
0.0686288 -0.0145624 0.51694 -1.71077
0.0525809 -0.00495882 0.353232 -0.461116
0.0546294 -0.00753021 0.380753 -0.481831
0.0545502 -0.00832401 0.4108 -0.776391
0.0410043 -0.00606509 0.311371 0.0148148
0.0437189 -0.00342507 0.296159 0.0137067
0.0444436 -0.00909321 0.383353 -0.308928
0.0509321 -0.00864631 0.397915 -0.740203
0.0511095 -0.00790703 0.370408 -0.460187
0.0649851 -0.0122688 0.481982 -0.788456
0.0502257 -0.00387911 0.340049 0.0180413
0.0458574 -0.00393449 0.317961 0.254768
0.0555215 -0.00252472 0.371317 -0.280961
0.0711077 -0.00675811 0.455596 -0.466421
0.0671331 -0.00522498 0.453913 -0.357619
0.0326907 -0.00472784 0.310951 0.42472
0.0757791 -0.0109138 0.507563 -0.717118
0.0566382 -0.00758995 0.402593 -1.09045
0.0397215 -0.00228141 0.258435 0.0104972
0.0448029 -0.00547678 0.332679 -0.309978
0.0362386 -0.000553781 0.21909 0.299007
0.0702602 -0.0129521 0.520202 -1.06641
0.0737444 -0.0148545 0.552305 -1.52605
0.0477324 -0.00737119 0.369062 0.0208553
0.0725736 -0.0122786 0.517476 -1.40315
