0.0306465 -0.0148777 0.357562 0.0165694
-10.1892 0.745633 75.8612 -6.69913
0.55679 -0.0664204 -0.787433 0.245303
-0.107445 -0.00661015 -0.564526 -5.68527
-0.107445 -0.00661015 -0.564526 -5.68527
14.4312 -0.990827 -135.698 -9.06261
-4.36359 0.186945 41.2851 -7.84986
-0.710753 0.058757 3.85672 -2.85327
1.4952 -0.193625 -3.00986 -0.925485
4.80163 -0.432273 -29.1584 -5.74368
2.81547 -0.318146 -10.1524 -2.91132
-0.107445 -0.00661015 -0.564526 -5.68527
-0.107445 -0.00661015 -0.564526 -5.68527
8.62462 -0.73595 -55.5437 -5.82561
-4.8833 0.345603 35.3644 -6.05075
-0.531505 0.130363 -0.108919 3.4042
-0.283002 0.0596339 0.60081 0.289177
10.4052 -0.79518 -83.6479 -7.65753
-10.2917 0.678989 84.6461 -7.26068
-0.23428 0.00713375 0.0217886 1.94705
0.118899 -0.105979 1.36849 -2.56774
0.259399 -0.0343684 -0.0148051 2.95767
12.7229 -0.82489 -135.12 -10.3965
0.272492 -0.0379971 -0.0421252 -0.276581
10.6056 -0.763766 -96.2078 -8.81873
-0.0542174 0.0118878 0.326499 0.484767
10.2385 -0.777021 -83.584 -7.80784
-0.107445 -0.00661015 -0.564526 -5.68527
-0.223827 0.00533557 0.0155981 1.9651
0.0477014 -0.00455907 0.333673 0.0173252
14.3571 -0.96554 -140.765 -9.50534
0.361194 -0.0518977 -0.13033 -0.404104
0.000199041 0.00181524 0.228913 0.731616
0.0774399 -0.018743 0.65536 -2.41004
-9.24982 0.588904 78.6057 -7.49674
14.5248 -0.985052 -139.368 -9.25558
-8.84416 0.584103 74.1541 -7.47286
0.197192 -0.0203438 -0.0320852 2.90252
0.0334793 -0.0109279 0.327873 0.0152989
0.0213755 -0.000485485 0.199485 0.733997
12.2932 -0.871955 -111.77 -8.77928
-9.90742 0.628672 86.6625 -7.78204
15.1566 -1.02115 -146.675 -9.33588
12.1578 -0.863804 -110.052 -8.72913
0.549705 -0.158276 0.0418172 -4.48937
0.704259 -0.193287 0.113616 3.35784
16.1072 -1.00354 -178.511 -10.8475
0.0602988 -0.0112678 0.4914 -0.888179
8.59371 -0.729146 -57.4013 -6.1967
0.0189773 -0.00169122 0.206618 0.829416
-9.9008 0.626011 86.8132 -7.82917
10.6378 -1.05203 -46.045 -3.27456
-9.55574 0.644509 76.3975 -7.01772
0.217551 -0.0304993 0.00326038 -0.200745
7.86156 -0.650098 -56.7895 -6.85411
0.0806107 -0.0214879 0.769591 -4.29003
0.0760143 -0.0122338 0.613542 -3.72184
0.04084 -0.00261328 0.269363 0.0114406
0.0574951 -0.00937081 0.404259 -1.24537
9.8784 -0.745741 -82.1267 -7.99302
0.396846 -0.0564087 -0.258594 -0.50545
0.0374026 -0.00286947 0.240701 0.268607
0.552342 -0.163163 0.110244 3.43221
13.6307 -0.889206 -142.421 -10.2153
0.0336062 -0.00613466 0.27044 0.011108
0.0896518 -0.0260456 0.894502 -4.8342
0.0526954 -0.013449 0.443564 -1.19504
10.489 -1.03944 -45.2685 -3.26011
0.207031 -0.0251917 -0.000236366 2.99927
0.0765336 -0.018234 0.644119 -2.61982
8.48971 -0.695926 -61.1227 -6.78257
0.0153162 0.000753799 0.195438 0.837244
-10.5401 0.689324 88.4354 -7.41633
0.0613496 -0.0129473 0.482569 -0.935591
0.0433769 -0.00348349 0.298012 0.0138451
11.3654 -0.79409 -108.279 -9.30446
0.0790171 -0.0150772 0.628367 -3.13191
0.0894196 -0.0284239 0.90506 -4.22674
0.0296187 -0.000611211 0.209688 0.657625
0.04084 -0.00261328 0.269363 0.0114406
0.230528 -0.0314681 -0.00629158 -0.218163
0.0471106 -0.0119241 0.406742 -0.481127
-10.3932 0.708282 80.9417 -6.79669
12.3263 -0.873203 -112.543 -8.83429
0.516197 -0.152026 0.0741248 -4.07644
-11.3455 0.750176 94.0352 -7.32005
0.0620443 -0.0151648 0.48143 -1.46226
0.286227 -0.042289 -0.0192594 -0.345611
11.242 -0.780851 -108.66 -9.46147
10.8626 -0.822098 -88.7638 -7.81232
-10.8055 0.734286 85.1963 -6.8954
0.0598852 -0.012163 0.449229 -1.00414
-12.9949 0.892023 101.169 -6.79611
-10.4835 0.694494 85.4196 -7.15234
0.0452117 -0.0080536 0.362739 0.0199838
12.9816 -0.867974 -130.688 -9.81783
8.42732 -0.686089 -61.7152 -6.9244
0.0591711 -0.0159771 0.496689 -1.99868
0.033776 -0.00959001 0.312522 0.0140751
12.2581 -0.875462 -109.516 -8.59042
0.0352731 -0.00149757 0.240113 0.354406
0.284701 -0.0424804 -0.0665036 -0.307388
6.07211 -0.536451 -40.4363 -6.33233
0.0162103 0.00101191 0.175036 0.743095
-0.13855 0.0177611 0.773944 -0.884325
0.0645366 -0.0125888 0.482821 -1.84454
0.265185 -0.03612 -0.0430263 -0.113115
0.182212 -0.0227803 -0.019366 2.93681
0.25253 -0.0354796 -0.00364851 2.98925
0.352558 -0.0550649 -0.17324 -0.427379
10.2363 -0.785851 -81.7069 -7.60458
-10.4451 0.67893 88.0692 -7.46791
0.0591711 -0.0159771 0.496689 -1.99868
0.0554785 -0.0162907 0.481549 -1.96429
8.75182 -0.653908 -76.0888 -8.44452
0.0422516 -0.00160533 0.264893 0.0110426
0.0511095 -0.00790703 0.370408 -0.460187
0.0530939 -0.0081395 0.394983 -1.24255
0.0321275 -0.00973608 0.302968 0.0130521
7.99994 -0.678417 -54.0737 -6.30937
0.0373473 -0.000418419 0.224897 0.00818333
0.227799 -0.0296113 -0.0630067 -0.074814
0.246187 -0.0386538 -0.00980206 -0.264389
-10.4954 0.679552 89.7643 -7.6244
-0.190629 -0.000697414 0.00130512 2.99627
0.24153 -0.0337094 -0.0290614 2.91284
-9.69641 0.619106 82.6064 -7.52802
0.0365361 -0.0097717 0.332908 0.016205
0.0125098 0.00106488 0.165433 0.839854
0.0360333 -0.00940627 0.323202 -0.523365
7.62206 -0.690089 -44.9422 -5.34972
-11.313 0.739612 95.5921 -7.52166
0.055641 -0.0100669 0.402808 -0.833142
12.9826 -0.852063 -132.843 -9.93127
8.48971 -0.695926 -61.1227 -6.78257
0.0291555 -0.00629659 0.274984 0.302058
-2.33227 0.225367 11.2965 -3.33135
-11.313 0.739612 95.5921 -7.52166
11.2708 -0.790721 -105.635 -9.10924
0.0680388 -0.0153419 0.506833 -1.13638
-10.1266 0.700138 78.0136 -6.71795
-9.82855 0.634131 83.8014 -7.5629
11.4893 -0.830741 -101.534 -8.51078
9.56751 -0.712882 -82.5215 -8.36056
9.22696 -0.743646 -68.0375 -6.96704
0.0629772 -0.0956381 1.39695 -2.46637
9.22696 -0.743646 -68.0375 -6.96704
0.0256929 0.00276693 0.22058 0.788749
-5.79947 0.385731 47.5568 -7.14764
0.0391525 -0.00521535 0.287785 -0.495681
-0.119487 0.0156689 0.454262 0.194857
-1.1369 0.11261 5.62398 -3.24742
10.0774 -0.772621 -80.959 -7.66809
10.6056 -0.763766 -96.2078 -8.81873
0.233465 -0.0313917 -0.00719389 2.97834
0.548108 -0.148447 -0.249707 -1.42594
-11.0924 0.741613 89.4105 -7.07768
0.0496607 -0.00718573 0.337335 -0.483602
9.73126 -0.745835 -78.5486 -7.72414
0.0469057 -0.00459887 0.307895 -0.55331
-9.42222 0.625925 74.7884 -6.91589
0.329171 -0.0539702 -0.138305 -0.386758
0.224694 -0.0344669 -0.00992403 -0.22148
0.0677304 -0.0120434 0.48224 -1.58465
9.14577 -0.700895 -74.822 -7.86897
10.2363 -0.785851 -81.7069 -7.60458
0.0400289 -0.00905642 0.33755 -0.472132
9.10951 -0.708764 -72.2737 -7.58487
11.0121 -0.791633 -98.854 -8.67699
14.577 -0.940539 -151.459 -10.072
0.0645366 -0.0125888 0.482821 -1.84454
0.468848 -0.141285 0.0459762 -4.43263
0.192713 -0.0248467 -0.0264826 -0.147676
0.580571 -0.167169 0.105315 3.37532
0.600096 -0.152566 -0.48551 -1.96372
0.206644 -0.0301443 0.0237031 -0.184544
-9.52503 0.633908 76.9905 -7.11373
0.038472 -0.0119487 0.353637 -0.462405
0.199145 -0.0309494 -0.000484963 -0.175348
10.7549 -0.777656 -96.5629 -8.71806
8.97331 -0.699145 -71.4781 -7.63258
0.296703 -0.0431067 -0.152741 -0.284478
6.86236 -0.601852 -44.6131 -6.06359
0.224694 -0.0344669 -0.00992403 -0.22148
0.353606 -0.0554948 -0.236883 -0.37808
0.0342588 -0.0013075 0.208234 0.337325
0.0827426 -0.0194263 0.712537 -4.02429
0.191527 -0.0247929 -0.000491606 1.99286
0.199953 -0.0271187 0.0107304 -0.166561
0.203672 -0.0278431 -0.020921 1.93855
0.0311956 0.000200503 0.210807 0.414378
0.0383108 -0.00328991 0.262917 0.010822
0.0243663 -0.00167204 0.212189 0.521455
0.0710935 -0.0214041 0.709821 -4.05148
-9.41849 0.625209 76.8001 -7.20138
0.064398 -0.0127654 0.499382 -2.1651
-9.60814 0.622478 81.0595 -7.46842
0.04084 -0.00261328 0.269363 0.0114406
0.0305441 -0.00728734 0.265327 0.0104399
0.0890288 -0.0261182 1.0291 -6.55939
0.0320381 0.000297797 0.160573 0.533975
0.0351943 -0.00315771 0.244191 0.00930321
10.4018 -0.77132 -87.9118 -8.0744
7.81378 -0.587852 -69.7609 -8.7647
0.0802555 -0.0179542 0.661868 -2.65593
0.0321865 -0.00277975 0.250209 0.487961
0.0410471 -0.00888481 0.346928 0.0179508
0.0644167 -0.0156306 0.492478 -1.10199
0.0451184 -0.00831216 0.355651 -0.908224
10.2389 -0.741059 -91.5405 -8.64054
-0.909937 -0.0281476 8.4889 -5.27834
-11.083 0.78729 82.0967 -6.43832
0.238884 -0.0393707 -0.00220885 1.77232
-10.448 0.671939 90.3012 -7.70368
-9.5254 0.913777 41.7563 -3.34367
0.247693 -0.040568 -0.00530138 1.98524
0.0495986 -0.00821663 0.37269 -0.989144
0.0275835 -0.0020253 0.240349 0.575048
0.0839688 -0.0188569 0.726744 -3.77632
7.27276 -0.613636 -51.401 -6.71744
0.0686102 0.00172975 0.00561616 2.86344
-0.287464 0.0639159 0.0504494 3.51779
-0.547834 0.138435 -0.111633 3.4384
0.0888084 -0.0239733 1.0084 -6.74068
0.0807183 -0.0234706 0.702768 -2.42088
0.0581338 -0.010096 0.430268 -1.99634
-0.567343 0.140809 0.000135224 1.99971
-11.9599 0.818619 94.4213 -6.92434
-0.243992 0.0257898 1.25238 -1.42681
-0.254735 0.0282005 1.274 -1.61589
-9.64703 0.63959 78.3809 -7.15205
0.281201 -0.0525977 -0.000255684 1.99223
0.579338 -0.168951 0.0239153 2.18422
0.0531412 -0.011123 0.423675 -0.739978
10.0244 -0.764126 -81.7312 -7.81048
-1.72588 0.129399 11.4939 -5.01609
-7.85393 0.477826 69.0637 -7.74058
0.0508197 -0.012669 0.377979 -0.482873
-32.1272 2.53894 221.149 -6.1198
13.2561 -0.83855 -145.741 -10.7758
0.582443 -0.169451 0.113217 3.42367
-0.95145 0.0719169 5.71468 -3.81329
0.526596 -0.113472 -0.040698 1.89098
-0.176714 0.0273965 0.608224 0.36644
10.171 -0.725701 -86.3458 -7.92181
11.4633 -0.926036 -73.3287 -5.60126
12.8975 -1.11046 -76.8967 -5.20692
-0.228345 0.0059292 0.0195711 1.9558
9.99439 -0.768856 -75.2544 -6.90873
0.076069 -0.00318323 0.00376091 1.95691
0.508411 -0.151146 0.0946276 3.36436
-9.94495 0.672451 79.9381 -7.10321
-11.1858 1.0332 52.8925 -3.67655
-6.1969 0.498746 37.8723 -5.03579
0.251083 -0.0332198 -0.0175002 1.94174
0.236762 -0.0291076 -0.0406332 -0.0324742
