0.0140692 -0.0156826 0.267454 0.0073137
0.0105541 -0.0152546 0.253536 0.299139
0.0380419 -0.0234781 0.454777 -1.65707
-0.797253 0.0803873 1.00651 0.290252
-0.128452 -0.0237468 0.318215 0.103212
0.0153732 -0.0140385 0.256418 0.00726036
0.0173761 -0.0197278 0.334156 -0.421132
0.0323931 -0.023431 0.43843 -1.58028
0.0109878 -0.0183005 0.283159 0.00697675
0.00672245 -0.0177486 0.287541 -0.331637
0.0155893 -0.0202195 0.360661 -0.691265
-0.0750991 -0.0132922 -0.268764 -1.89326
-0.786749 0.0786745 0.942678 0.435904
0.00475222 -0.0122174 0.17786 0.521269
0.0128396 -0.0147045 0.24977 0.00635716
0.0180422 -0.0165742 0.318382 -0.320861
-0.00115459 -0.0126352 0.196369 0.614133
0.0298356 -0.0237332 0.41163 -1.44393
0.0114461 -0.015718 0.254299 0.00617376
-0.740191 0.0806213 0.701494 0.946358
0.162541 -0.0369731 -0.00529173 2.97632
0.0112473 -0.0164149 0.2626 0.00642599
0.0115356 -0.0163471 0.260789 0.00633407
0.00883798 -0.0189999 0.276299 0.00592514
-0.0028907 -0.0120445 0.162064 0.661252
0.00263164 -0.0199692 0.251653 0.00256664
0.00532878 -0.0173254 0.236246 0.00355214
0.245673 -0.0662408 -0.0314264 -0.344575
-2.76123 0.338581 5.62986 -0.551766
0.0120882 -0.0158744 0.259431 0.00648483
0.0133973 -0.0169926 0.283185 0.00791142
0.0209527 -0.0161324 0.330145 -0.351298
0.0103061 -0.0153697 0.243113 0.00543464
0.0119987 -0.0152453 0.252941 0.00631776
0.0106947 -0.0168873 0.263954 0.00626322
0.0140692 -0.0156826 0.267454 0.0073137
0.00104847 -0.0132886 0.179384 0.411858
0.00242771 -0.013927 0.179667 0.304676
0.0327286 -0.0274547 0.555377 -3.75251
-0.00656871 -0.0127455 0.153709 0.635377
0.0175787 -0.0192869 0.340691 -0.928871
0.00693203 -0.0165736 0.239603 0.00436918
4.97444e-05 -0.0140541 0.19686 0.478302
-0.171424 0.0120503 0.450788 0.183449
0.0189517 -0.0184854 0.310468 -0.457568
0.0401436 -0.0265002 0.518707 -2.22969
0.00879975 -0.0127468 0.229018 0.354398
0.0169681 -0.0138064 0.264522 0.0080027
0.00646871 -0.0176733 0.247427 0.0042696
0.00693203 -0.0165736 0.239603 0.00436918
0.00747349 -0.0151476 0.22212 0.00390881
0.00728931 -0.012395 0.197964 0.333005
0.00104847 -0.0132886 0.179384 0.411858
0.00532878 -0.0173254 0.236246 0.00355214
-0.00612675 -0.0144066 0.195562 0.404724
-0.00182788 -0.0161851 0.195107 0.298338
0.00646871 -0.0176733 0.247427 0.0042696
-0.00454753 -0.0134799 0.191715 0.562571
0.00693203 -0.0165736 0.239603 0.00436918
0.00215995 -0.0155822 0.201433 0.362959
0.00496684 -0.0133232 0.188688 0.273261
0.00663283 -0.0156868 0.225273 0.00380261
4.97444e-05 -0.0140541 0.19686 0.478302
0.0094158 -0.0148134 0.216976 0.302938
0.00702138 -0.0172018 0.246082 0.00447711
0.00946532 -0.0159099 0.246277 0.00536203
0.00916618 -0.0150222 0.231936 0.00473289
0.00355119 -0.0111784 0.17934 0.585977
-0.003836 -0.00940172 0.139545 0.802825
0.00367719 -0.0125949 0.185289 0.402726
-0.00868323 -0.00925112 0.139509 0.783809
0.00248441 -0.0159709 0.202636 0.265047
0.0264211 -0.0246045 0.428303 -1.24874
0.00900209 -0.0170108 0.254114 0.00532623
0.00816128 -0.0175502 0.25727 0.0052174
0.000144654 -0.0115345 0.169675 0.632058
4.97444e-05 -0.0140541 0.19686 0.478302
4.97444e-05 -0.0140541 0.19686 0.478302
0.00891269 -0.0163821 0.24763 0.00519472
0.0154679 -0.0188861 0.300165 -0.431667
0.0270055 -0.0233168 0.418326 -1.63566
0.00985378 -0.0174275 0.267118 0.00617774
0.0106947 -0.0168873 0.263954 0.00626322
0.0145322 -0.0145799 0.259596 0.00725099
0.0132282 -0.0162235 0.270627 0.00727553
0.0115356 -0.0163471 0.260789 0.00633407
0.00900209 -0.0170108 0.254114 0.00532623
0.00496159 -0.0205581 0.30227 -0.316493
-0.0102369 -0.0115779 0.148063 0.839301
-0.00411886 -0.0122551 0.166505 0.566042
-0.00152666 -0.0143443 0.205916 0.357633
-0.00223962 -0.0133593 0.162171 0.513866
0.00900209 -0.0170108 0.254114 0.00532623
0.00676787 -0.0185608 0.261766 0.00487289
4.97444e-05 -0.0140541 0.19686 0.478302
0.00417597 -0.0160283 0.231617 0.384424
-0.0028907 -0.0120445 0.162064 0.661252
0.00900209 -0.0170108 0.254114 0.00532623
0.00693203 -0.0165736 0.239603 0.00436918
0.0292408 -0.0205124 0.40222 -1.54067
0.00540365 -0.0147122 0.20763 0.00307182
0.00242771 -0.013927 0.179667 0.304676
0.000426943 -0.0166664 0.200749 0.000746237
-0.00210676 -0.0173369 0.194153 6.80284e-05
0.00233177 -0.0143012 0.177248 0.328565
-0.00223962 -0.0133593 0.162171 0.513866
0.00540365 -0.0147122 0.20763 0.00307182
0.00287059 -0.0153764 0.200962 0.00209417
4.97444e-05 -0.0140541 0.19686 0.478302
0.0187651 -0.0214557 0.35466 -1.38177
0.00646871 -0.0176733 0.247427 0.0042696
-0.00204372 -0.0117627 0.158936 0.739429
0.00426376 -0.0143662 0.196471 0.00247128
0.00494018 -0.0158119 0.215455 0.00295961
0.00242771 -0.013927 0.179667 0.304676
0.0101709 -0.012494 0.2066 0.00418962
0.00747349 -0.0151476 0.22212 0.00390881
0.0143661 -0.0188057 0.2988 -0.524395
-0.00612675 -0.0144066 0.195562 0.404724
0.00248441 -0.0159709 0.202636 0.265047
0.00287059 -0.0153764 0.200962 0.00209417
-0.00223962 -0.0133593 0.162171 0.513866
0.00409964 -0.0163503 0.218598 0.00279625
-0.00309534 -0.0138743 0.173261 0.343757
-0.00411886 -0.0122551 0.166505 0.566042
-0.00877274 -0.012586 0.142903 0.816239
0.00233177 -0.0143012 0.177248 0.328565
0.00646871 -0.0176733 0.247427 0.0042696
0.00104847 -0.0132886 0.179384 0.411858
0.0212649 -0.0218374 0.345987 -1.14834
-0.000544582 -0.011869 0.174128 0.533813
0.0103061 -0.0153697 0.243113 0.00543464
0.00777276 -0.0160342 0.236448 0.00448145
-0.00573905 -0.0123902 0.171506 0.461189
-0.0114903 -0.0122775 0.155213 0.673369
0.00631715 -0.0172508 0.251963 -0.465484
-0.00381307 -0.011101 0.165239 0.702653
-0.00282064 -0.0145032 0.186171 0.524353
4.97444e-05 -0.0140541 0.19686 0.478302
-0.00185379 -0.0142462 0.182316 0.61036
-0.00668639 -0.0111601 0.154387 0.811626
0.00693203 -0.0165736 0.239603 0.00436918
-0.00668639 -0.0111601 0.154387 0.811626
0.014267 -0.0196604 0.328083 -0.895332
0.00693203 -0.0165736 0.239603 0.00436918
0.0295746 -0.0237394 0.408913 -1.25142
-0.00228475 -0.00791214 0.152611 0.792917
0.00807971 -0.0117476 0.18492 0.497404
0.00562922 -0.0118719 0.162671 0.339165
-0.00575322 -0.0125258 0.152625 0.704969
-0.00640958 -0.0104847 0.135638 0.737979
0.00631715 -0.0172508 0.251963 -0.465484
0.00663283 -0.0156868 0.225273 0.00380261
0.00409964 -0.0163503 0.218598 0.00279625
-0.15377 0.00878918 0.412159 0.152738
-0.00612675 -0.0144066 0.195562 0.404724
-0.00612675 -0.0144066 0.195562 0.404724
0.00693203 -0.0165736 0.239603 0.00436918
0.00579218 -0.016226 0.228425 0.00367753
0.00248441 -0.0159709 0.202636 0.265047
-0.00156756 -0.0156895 0.187582 0.440127
0.00777276 -0.0160342 0.236448 0.00448145
-0.000544582 -0.011869 0.174128 0.533813
0.00747349 -0.0151476 0.22212 0.00390881
0.00409964 -0.0163503 0.218598 0.00279625
0.0027957 -0.0179866 0.229544 0.00236139
-0.117757 0.00188491 0.368888 0.102241
-0.00426283 -0.0149644 0.155189 0.450877
0.00320934 -0.0177191 0.241866 -0.440035
-0.00523227 -0.0113454 0.127797 0.73167
-0.000965976 -0.0176782 0.20526 -0.000411682
-0.0157536 -0.0101132 0.12608 0.848604
-0.00971356 -0.0132768 0.148581 0.646207
-0.00989009 -0.0107341 0.123236 0.826484
0.00631715 -0.0172508 0.251963 -0.465484
0.00156674 -0.0170123 0.211905 0.00158116
-0.000544582 -0.011869 0.174128 0.533813
-0.0028907 -0.0120445 0.162064 0.661252
0.00579218 -0.016226 0.228425 0.00367753
0.000829449 -0.00995185 0.142279 0.737975
0.0112602 -0.0156404 0.239619 -0.561375
0.00510429 -0.0138273 0.193322 0.00259748
-0.0270943 -0.0083761 0.160871 0.699781
-0.0996544 -0.00134862 0.333985 0.0925488
0.00030135 -0.0160299 0.194241 0.000456812
0.00030135 -0.0160299 0.194241 0.000456812
0.00140271 -0.0189939 0.234002 0.00168044
-0.00106281 -0.0144889 0.163282 0.414597
0.00563412 -0.0171381 0.24649 -0.550545
-0.00550012 -0.0138806 0.1556 0.541297
0.00409964 -0.0163503 0.218598 0.00279625
0.00654353 -0.0150588 0.218795 0.00370176
-0.00223962 -0.0133593 0.162171 0.513866
-0.0282431 -0.00839995 0.182835 0.750613
0.00654353 -0.0150588 0.218795 0.00370176
0.00496684 -0.0133232 0.188688 0.273261
0.00233177 -0.0143012 0.177248 0.328565
0.00540365 -0.0147122 0.20763 0.00307182
0.00240708 -0.0164748 0.208773 0.00186248
-0.00666692 -0.0140608 0.15891 0.43997
-0.00903559 -0.0121204 0.123588 0.665947
-0.00348951 -0.015699 0.161258 0.28499
3.82172e-05 -0.0151571 0.180007 0.000320989
-0.00666692 -0.0140608 0.15891 0.43997
0.000144654 -0.0115345 0.169675 0.632058
0.00672245 -0.0177486 0.287541 -0.331637
0.000144654 -0.0115345 0.169675 0.632058
0.0119987 -0.0152453 0.252941 0.00631776
0.00608013 -0.0161588 0.226623 0.00361489
0.00194036 -0.0126399 0.166062 0.579817
0.0251419 -0.0210353 0.404367 -1.8426
0.0110061 -0.0175834 0.297968 -0.480893
0.00426376 -0.0143662 0.196471 0.00247128
-0.00230069 -0.0109111 0.13827 0.670532
-0.00971356 -0.0132768 0.148581 0.646207
-0.00348951 -0.015699 0.161258 0.28499
-0.00550012 -0.0138806 0.1556 0.541297
0.00173079 -0.0150304 0.189805 0.00145218
-0.00146801 -0.0130443 0.157997 0.617057
0.00287059 -0.0153764 0.200962 0.00209417
-0.00309534 -0.0138743 0.173261 0.343757
-0.00971356 -0.0132768 0.148581 0.646207
-0.0157536 -0.0101132 0.12608 0.848604
0.00030135 -0.0160299 0.194241 0.000456812
0.00496684 -0.0133232 0.188688 0.273261
0.00946532 -0.0159099 0.246277 0.00536203
0.0145322 -0.0145799 0.259596 0.00725099
0.0225307 -0.0236877 0.364445 -0.588382
0.00371105 -0.014838 0.19782 0.00227278
0.00240708 -0.0164748 0.208773 0.00186248
-0.00875586 -0.0118383 0.123081 0.750958
-0.00112966 -0.0196597 0.227358 -0.000638487
-0.00875586 -0.0118383 0.123081 0.750958
-0.00180142 -0.0182155 0.208419 -0.00082589
-0.117757 0.00188491 0.368888 0.102241
-0.00793458 -0.0138556 0.139337 0.715865
-0.00223962 -0.0133593 0.162171 0.513866
0.00287059 -0.0153764 0.200962 0.00209417
-0.00971356 -0.0132768 0.148581 0.646207
-0.00309534 -0.0138743 0.173261 0.343757
-0.0028907 -0.0120445 0.162064 0.661252
0.00848954 -0.0135744 0.212928 0.00409167
-0.101118 0.00551491 0.373834 0.112971
0.0177496 -0.0220302 0.400054 -1.87331
0.0207294 -0.0140889 0.28823 0.00990959
0.0145322 -0.0145799 0.259596 0.00725099
0.0142331 -0.0136904 0.245232 0.00649736
0.0116102 -0.0137277 0.2321 0.00546713
-0.0123338 -0.0138103 0.13883 0.694403
-0.015926 -0.0141274 0.129889 0.748201
0.0045298 -0.0201915 0.265761 -0.564569
0.00156674 -0.0170123 0.211905 0.00158116
-0.293122 0.0317956 0.55225 0.255729
4.97444e-05 -0.0140541 0.19686 0.478302
-0.00306686 -0.00995306 0.139661 0.73163
0.00777276 -0.0160342 0.236448 0.00448145
