10.7543 -0.880548 -74.5269 -6.41611
0.531307 -0.15115 0.0142245 2.31497
-9.09892 0.584087 78.1846 -7.64622
-0.107445 -0.00661015 -0.564526 -5.68527
-0.107445 -0.00661015 -0.564526 -5.68527
0.0399272 0.0133439 0.0936437 0.769861
-8.92463 0.579556 74.8871 -7.37601
0.224405 -0.0286757 -0.046926 -0.149097
1.32773 -0.248141 -1.8463 -1.09663
0.408795 -0.0846992 0.0211688 3.11771
10.8895 -0.727092 -114.31 -10.3981
-0.107445 -0.00661015 -0.564526 -5.68527
-0.107445 -0.00661015 -0.564526 -5.68527
13.471 -0.943001 -123.693 -8.84108
6.94815 -0.729434 -29.1227 -3.33021
-0.302731 0.0880894 0.000131177 1.99958
-9.89734 1.00244 38.6063 -2.77047
-0.217042 0.00405612 0.0128333 1.96739
-0.217042 0.00405612 0.0128333 1.96739
-0.26669 0.012306 0.0441465 1.85628
-11.8675 0.900118 79.1687 -5.70532
0.0502257 -0.00387911 0.340049 0.0180413
0.610129 -0.173799 0.106781 3.37892
0.311853 -0.0430442 -0.0944876 -0.353447
0.063431 -0.0114745 0.447783 -0.833099
0.0772252 -0.0204252 0.576644 -1.14738
0.044595 -0.00376062 0.340098 -0.287722
-0.221726 0.00491862 0.0156964 1.95663
0.667801 -0.187888 0.0233235 2.15205
-10.8941 0.728733 88.2997 -7.11757
-10.8301 0.733931 86.0311 -6.94386
0.679559 -0.17234 -0.420439 -2.43168
-0.229354 0.0062621 0.0188636 1.9546
-11.1872 0.750294 91.0131 -7.18022
-10.5449 0.713969 83.5637 -6.94313
-9.98046 1.01165 39.0658 -2.79257
0.197104 -0.0643509 0.0817874 0.898759
9.22696 -0.743646 -68.0375 -6.96704
-0.222548 0.00509736 0.0159505 1.9551
0.0406567 -0.00457791 0.291048 0.0131429
0.0739054 -0.0113883 0.519898 -1.85142
11.5681 -0.842242 -100.933 -8.39986
0.0692451 -0.0123874 0.492473 -1.18243
9.19123 -0.830048 -52.5045 -5.06278
-9.38631 0.97558 34.4831 -2.50824
-11.6244 0.777948 94.5407 -7.16945
-9.4209 0.987615 34.1562 -2.45948
0.0572469 -0.00499908 0.397522 -0.299785
0.0566047 -0.00671947 0.361295 -1.01182
12.3855 -0.875122 -113.4 -8.85245
-8.96085 0.582801 75.1856 -7.42664
-10.2108 1.02023 41.1041 -2.91456
-9.77288 0.953569 41.3682 -3.1645
0.817624 -0.0864955 -2.27599 -2.79698
0.055311 -0.0152424 0.414853 -1.3604
9.83644 -0.749782 -80.5869 -7.86294
0.0794931 -0.0157442 0.633524 -2.31497
0.361552 -0.0479715 -0.205863 -0.409041
10.8626 -0.822098 -88.7638 -7.81232
-13.1406 0.97141 93.011 -6.15767
-0.0576439 0.00133821 -0.069052 2.2512
-0.242456 0.00839296 0.02725 1.93881
0.22969 -0.0305524 0.0209812 -0.216437
0.222544 -0.030845 0.0428004 -0.234798
11.1006 -0.804396 -98.123 -8.52765
-9.48065 0.622329 78.9647 -7.37751
0.52574 -0.144524 -0.22678 -1.44615
-11.7282 0.797788 93.08 -6.96819
0.118899 -0.105979 1.36849 -2.56774
0.0799054 -0.012153 0.673354 -4.45526
9.90188 -0.709033 -91.5772 -9.01173
0.0531145 -0.00680644 0.348065 -0.50864
0.0758255 -0.0121558 0.556206 -2.04834
0.226131 -0.0254711 -0.00953791 2.97217
13.5329 -0.953452 -122.707 -8.72059
13.1953 -0.882901 -132.237 -9.77152
-0.23428 0.00713375 0.0217886 1.94705
-10.4055 0.693117 83.7924 -7.05438
-10.1447 1.02098 40.083 -2.82378
0.115331 0.00345131 -0.000149503 1.99953
0.594793 -0.15706 -0.305035 -1.85685
-0.217787 0.00417668 0.0135291 1.96794
-11.5003 0.766736 93.6263 -7.1644
0.689773 -0.1915 0.120456 3.39044
-0.59521 0.103297 0.766167 0.678169
0.240012 -0.0289105 -0.00260551 2.99248
0.212553 -0.0313954 0.0356254 -0.219679
0.0462876 -0.00556593 0.338115 0.0177397
0.263723 -0.0334252 -0.00288537 2.99191
11.6468 -0.859288 -98.6298 -8.10814
0.0473595 -0.00307573 0.313434 0.0154527
0.435123 -0.141031 0.318726 -3.94003
0.00593898 -0.103857 2.26496 -3.07725
14.0305 -0.965969 -132.909 -9.17604
0.681548 -0.187304 0.000528191 2.00433
-10.9593 0.71012 93.3562 -7.5452
14.5583 -0.953187 -149.575 -10.0005
0.610129 -0.173799 0.106781 3.37892
-0.377438 -0.070601 4.56255 -4.12989
0.475556 -0.149283 0.305307 -3.78305
-7.66912 0.485128 69.4574 -8.20592
-10.3189 0.68072 85.9422 -7.38253
-9.03172 0.596333 74.3609 -7.29498
10.1069 -0.747196 -87.0119 -8.29131
10.3412 -0.785693 -83.8912 -7.73919
10.1671 -0.790148 -79.2316 -7.39857
0.0458803 -0.00620336 0.368127 -0.314954
-8.89581 0.565482 76.7265 -7.65835
-0.229354 0.0062621 0.0188636 1.9546
-9.18244 0.934821 35.3519 -2.72296
0.0618659 -0.00953694 0.44116 -1.09583
-0.217042 0.00405612 0.0128333 1.96739
-10.0244 0.681644 79.6049 -6.99173
0.035601 -0.00593302 0.278195 0.0118074
0.580571 -0.167169 0.105315 3.37532
-0.107445 -0.00661015 -0.564526 -5.68527
-9.71415 0.971099 39.1356 -2.93072
0.0346409 1.99737e-05 0.232601 0.521856
0.181151 -0.0237362 -0.021687 2.92844
0.603398 -0.176021 0.0376413 2.36223
-0.217042 0.00405612 0.0128333 1.96739
10.1918 -0.792756 -79.3231 -7.38313
9.53325 -0.777582 -67.9571 -6.66932
0.622467 -0.15639 -0.514647 -1.96729
0.272854 -0.085014 -0.0609743 3.51516
-9.74806 0.640149 80.7911 -7.31742
0.265538 -0.0366008 -0.0192748 2.94473
0.0672792 -0.015736 0.537444 -1.71655
-10.2316 0.675446 84.5968 -7.30764
0.346925 -0.127953 0.468498 -2.76577
0.583067 -0.154475 -0.27543 -1.09306
-10.7139 0.707322 89.2428 -7.38213
-0.119439 -0.000405837 0.00129151 1.99567
0.0655914 -0.0126899 0.478779 -1.15092
7.06432 -0.634087 -43.4476 -5.66287
0.0475886 -0.00464329 0.31066 -0.466349
0.0600614 -0.10605 1.83687 -2.7294
-0.217787 0.00417668 0.0135291 1.96794
14.2154 -0.9304 -146.866 -10.0818
0.0326542 -0.00222804 0.284058 0.52309
0.0971567 -0.0187597 0.889667 -5.18763
0.439808 -0.142672 0.32744 -3.4197
0.0326542 -0.00222804 0.284058 0.52309
0.405034 -0.134666 0.2928 -3.22088
-10.9231 0.728941 88.9587 -7.16886
0.372794 -0.133792 0.495851 -2.98035
-0.233611 0.00696748 0.0214544 1.94404
-0.23428 0.00713375 0.0217886 1.94705
-9.22243 0.945485 35.0219 -2.66291
0.0477912 -0.00505701 0.34467 -0.341252
8.86222 -0.713612 -65.861 -7.03557
0.477295 -0.143654 0.0714976 -4.33631
0.0471661 -0.00503382 0.33498 0.0174015
0.221307 -0.0298827 0.0707863 -0.230798
0.458155 -0.116564 -4.69764e-05 2.99984
0.046707 -0.0131081 0.446952 -1.16456
-10.9231 0.728941 88.9587 -7.16886
-0.23428 0.00713375 0.0217886 1.94705
-10.8883 0.734477 87.7258 -7.10444
-10.1278 0.678416 81.9836 -7.13471
-8.438 0.695725 55.7868 -6.12443
-0.668359 -0.0462314 6.49563 -4.65791
-1.73754 0.0235578 15.3644 -6.00953
0.573703 -0.168183 0.115676 3.44114
-8.84416 0.584103 74.1541 -7.47286
-0.569038 0.143519 0.000314426 1.99932
-8.19699 0.867679 28.5375 -2.28849
6.68552 -0.594753 -42.2235 -5.88202
0.477295 -0.143654 0.0714976 -4.33631
-9.37567 0.973966 34.6629 -2.54382
11.6987 -0.820508 -109.523 -9.09367
0.233956 -0.0327322 -0.00913027 2.97223
0.384433 -0.136681 0.517729 -3.09902
11.1006 -0.804396 -98.123 -8.52765
-8.70138 0.913795 31.2474 -2.42638
-10.4033 0.685018 86.9619 -7.41944
-0.23428 0.00713375 0.0217886 1.94705
0.217689 -0.0274248 -0.00973748 -0.19069
-0.520599 0.126278 0.000130974 1.9997
12.0542 -0.865474 -106.824 -8.5214
8.44711 -0.700054 -59.5015 -6.61896
0.536296 -0.160841 0.114998 3.46565
0.293744 -0.116308 0.437116 -2.46458
7.85164 -0.654558 -55.5351 -6.67984
0.323265 -0.122458 0.443226 -2.62741
0.0763935 -0.0159382 0.645752 -3.41441
-0.539545 0.13216 0.000150757 1.99966
12.9826 -0.852063 -132.843 -9.93127
0.439414 -0.136899 0.102638 -3.02287
0.377831 -0.128704 0.278968 -3.00212
0.583067 -0.154475 -0.27543 -1.09306
10.7445 -0.792427 -92.5127 -8.29423
0.0567191 -0.0126449 0.438863 -0.993104
0.0714351 -0.0157322 0.621784 -3.59329
-0.233611 0.00696748 0.0214544 1.94404
11.1701 -0.775824 -108.194 -9.45989
2.93687 -0.362499 -10.9855 -3.36024
0.415373 -0.13747 0.336996 -3.74034
0.0632065 -0.0159873 0.560007 -3.27657
-9.71415 0.971099 39.1356 -2.93072
13.0001 -0.88321 -125.126 -9.28453
0.20292 -0.0226962 -0.0192973 2.94113
10.9879 -0.767149 -103.963 -9.18649
-8.41404 0.86862 31.2436 -2.57154
0.630148 -0.180064 0.121363 3.42834
13.0206 -0.910591 -119.575 -8.83067
0.0101499 -0.0995234 2.0736 -3.10844
0.0427366 -0.00108071 0.262413 0.26838
0.0959946 0.0141209 -0.0515461 2.84444
-10.9809 0.735593 89.443 -7.19323
0.614045 -0.174936 0.109687 3.38801
0.693353 -0.189908 0.00246795 2.02144
0.189092 -0.0215464 -0.0169119 2.94676
0.0618659 -0.00953694 0.44116 -1.09583
0.547124 -0.161233 0.105092 3.4096
0.0356659 -0.0020422 0.242423 0.271504
0.660198 -0.162643 -0.591264 -2.2391
0.0418452 -0.00444823 0.332024 -0.374766
12.1013 -0.882112 -103.73 -8.18891
0.050975 -0.00498556 0.347108 -0.812984
10.7246 -0.775848 -96.146 -8.69698
-8.438 0.695725 55.7868 -6.12443
11.3654 -0.79409 -108.279 -9.30446
-0.232844 0.00675777 0.0216365 1.94448
0.0791394 -0.0144687 0.548467 -1.2276
-11.7345 0.79665 93.9007 -7.05279
-0.223912 0.00522663 0.0166713 1.9602
10.147 -0.718898 -95.4451 -9.21894
0.415373 -0.13747 0.336996 -3.74034
12.6157 -0.850382 -126.305 -9.78312
-9.56152 0.933742 40.5027 -3.17636
0.0568168 -0.0100867 0.407098 -0.494403
-9.99912 0.973183 42.9412 -3.24645
0.0561789 -0.00826643 0.413789 -0.46173
14.3667 -1.0019 -131.6 -8.80203
0.281707 -0.041624 -0.000707288 2.99798
0.45898 -0.14656 0.349321 -4.18867
-0.162455 0.0302035 0.522798 0.265007
-9.29345 0.589183 81.0288 -7.73007
0.595334 -0.168945 -0.00048264 1.99482
-0.242456 0.00839296 0.02725 1.93881
-0.228345 0.0059292 0.0195711 1.9558
0.203438 -0.0216508 0.0111823 3.03386
0.351917 -0.100188 -0.0632206 3.56151
13.5999 -1.21891 -75.1766 -4.76643
0.419077 -0.118365 0.155943 -0.40579
-0.0647535 0.00113475 -0.0806319 3.39302
5.89225 -0.490323 -47.3407 -7.86047
-7.10266 0.778481 22.5612 -1.93676
0.507324 -0.154733 0.111852 3.47385
0.331486 -0.0991856 -0.04802 3.44067
0.190355 -0.0194426 -0.0121902 2.96248
0.708939 -0.1946 0.116814 3.36655
0.278793 -0.0374266 0.00596061 3.0167
-0.0910702 0.000801681 8.58244e-05 1.99976
4.25156 -0.316836 -34.7751 -7.45169
