0.0786172 -0.0217818 0.681556 -3.03266
0.0295326 -0.00672803 0.275741 0.234161
0.0367015 -0.0116271 0.35685 -0.371365
-0.309265 0.00552723 0.41682 0.0351805
5.0968 -0.440821 -25.5405 -3.7904
0.0646052 -0.012476 0.492623 -0.945732
0.0488507 -0.0117076 0.421074 -0.869558
0.0437637 -0.00624617 0.331745 0.0169664
0.0426906 -0.00873572 0.35641 0.0191033
0.077051 -0.0181326 0.625272 -2.31726
0.0568168 -0.0100867 0.407098 -0.494403
-0.23428 0.00713375 0.0217886 1.94705
-3.52093 0.158164 31.4677 -7.48521
0.0348361 -0.0070923 0.287675 0.0123458
0.0395925 -0.00707304 0.315839 0.0151281
0.0598852 -0.012163 0.449229 -1.00414
0.0509125 -0.0160266 0.451683 -1.105
0.0323658 -0.010599 0.317014 0.0142523
0.0569489 -0.0186302 0.494101 -1.59111
-4.9028 0.304783 37.0489 -6.24947
0.0376012 -0.00727693 0.30813 0.0143361
0.0429032 -0.00657143 0.354343 -0.27455
0.0509125 -0.0160266 0.451683 -1.105
0.0401267 -0.0065978 0.314522 0.0150978
0.0489817 -0.0108215 0.384817 -0.528219
0.0601713 -0.016238 0.497995 -1.43898
0.0475786 -0.0119284 0.409728 -0.41744
1.63172 -0.222149 -5.35679 -3.13309
0.381808 -0.0561149 -0.271438 -0.425737
0.0515273 -0.0139153 0.436415 -0.701945
0.0424595 -0.0078771 0.342468 0.0176559
0.0613496 -0.0129473 0.482569 -0.935591
0.0308989 -0.00877932 0.285752 0.0118171
0.0323658 -0.010599 0.317014 0.0142523
0.0477477 -0.0165243 0.441591 -1.09683
0.0382908 -0.00870576 0.326597 0.0157292
0.0350714 -0.00914261 0.329659 -0.34946
0.0478464 -0.0110662 0.38895 -0.953043
0.0260187 -0.00816489 0.251112 0.00906391
0.0319537 -0.00627818 0.260829 0.0102227
0.0580453 -0.0134031 0.472114 -0.92208
0.0546838 -0.0138388 0.461159 -0.904384
0.0497331 -0.0108274 0.386236 -0.452221
0.0357668 -0.00938587 0.320225 0.014898
0.217053 -0.0333683 0.0793187 -0.23383
0.0691479 -0.0220595 0.616324 -1.82577
0.0784737 -0.0208231 0.672569 -2.50475
0.0426906 -0.00873572 0.35641 0.0191033
0.0181179 -0.00384108 0.175699 0.670607
0.03699 -0.0148969 0.370901 -0.461871
0.0259578 -0.0107624 0.279251 0.0104975
0.0666636 -0.0192044 0.578183 -2.23768
0.0310773 -0.0068116 0.264001 0.0104342
0.0334258 -0.00810109 0.292163 0.012578
0.0390597 -0.0149263 0.389103 -1.05049
0.0321607 -0.00958459 0.317905 -0.319019
0.038663 -0.00478018 0.283305 0.0124324
0.0560283 -0.0130482 0.456538 -1.22251
0.0625308 -0.0155671 0.499231 -1.74809
0.0346528 -0.00905687 0.309359 0.0138627
0.0502221 -0.0135528 0.41665 -0.95721
0.0323658 -0.010599 0.317014 0.0142523
0.044043 -0.0141433 0.391475 -0.503626
0.0352106 -0.00558618 0.25511 0.256713
0.033681 -0.0120472 0.345092 -0.342674
0.0283717 -0.00945732 0.279336 0.0110481
0.0425233 -0.0145785 0.403045 -1.09177
0.0493372 -0.013839 0.430322 -1.16421
0.0406319 -0.00903814 0.338689 -0.385694
0.0667085 -0.0154198 0.530537 -2.09363
0.0281289 -0.00859169 0.265226 0.00998844
0.0655273 -0.0188192 0.571532 -2.36156
0.0580453 -0.0134031 0.472114 -0.92208
0.0593411 -0.0126394 0.469278 -1.24704
0.0523396 -0.0113474 0.433712 -0.90055
0.0435721 -0.0123191 0.39719 -0.465095
0.0454693 -0.0112066 0.374772 -0.509352
0.0367015 -0.0116271 0.35685 -0.371365
0.0312185 -0.00746818 0.271396 0.248156
0.0655273 -0.0188192 0.571532 -2.36156
0.0323658 -0.010599 0.317014 0.0142523
0.0321796 -0.0125617 0.338656 0.0157224
0.0459508 -0.01783 0.463802 -0.994744
0.0679783 -0.0181524 0.562285 -1.6172
0.0414135 -0.00951472 0.371702 -0.282082
0.0435298 -0.00538597 0.317765 0.0155435
0.0321275 -0.00973608 0.302968 0.0130521
0.0388248 -0.00823034 0.325277 0.0157189
0.0414135 -0.00951472 0.371702 -0.282082
0.0476001 -0.00828368 0.359961 -0.437061
0.0489817 -0.0108215 0.384817 -0.528219
0.0357668 -0.00938587 0.320225 0.014898
0.0400257 -0.0123904 0.38614 -0.273766
0.068465 -0.0217787 0.611818 -2.18346
0.0565313 -0.0164814 0.480599 -1.25057
0.0462079 -0.0111961 0.375607 -0.428801
0.0246795 -0.00826485 0.253113 0.300767
0.0380026 -0.0137217 0.346295 -0.590195
0.0380026 -0.0137217 0.346295 -0.590195
0.0373632 -0.0064142 0.29409 0.0130613
0.0554785 -0.0162907 0.481549 -1.96429
0.0336062 -0.00613466 0.27044 0.011108
0.0280145 -0.0116955 0.297246 -0.508677
0.0283035 -0.00662149 0.243423 0.00872762
0.0574108 -0.0130278 0.439086 -1.49384
0.0526954 -0.013449 0.443564 -1.19504
0.0630559 -0.0157498 0.516366 -2.07138
0.029781 -0.00844784 0.274832 0.0108918
0.0350753 -0.00795582 0.301733 0.0135663
0.0349906 -0.0123441 0.343636 -0.441305
0.0346528 -0.00905687 0.309359 0.0138627
0.0323087 -0.00777018 0.281256 0.0116227
0.0252827 -0.0078509 0.23978 0.0082607
0.0345596 -0.0141193 0.336241 -0.571039
0.0280666 -0.0131343 0.323275 -0.394009
0.0443696 -0.0114147 0.375612 -0.91413
0.0493372 -0.013839 0.430322 -1.16421
0.0452364 -0.00752662 0.325643 -0.548645
0.0258442 -0.0101351 0.272915 0.0102708
0.0443696 -0.0114147 0.375612 -0.91413
0.0400289 -0.00905642 0.33755 -0.472132
0.0319537 -0.00627818 0.260829 0.0102227
0.0478257 -0.0113711 0.399649 -1.17025
0.0407434 -0.0119818 0.368942 -1.06192
0.0346528 -0.00905687 0.309359 0.0138627
0.03699 -0.0148969 0.370901 -0.461871
0.0304814 -0.0107495 0.340489 -0.288925
0.0459482 -0.014216 0.416806 -1.12978
0.0390597 -0.0149263 0.389103 -1.05049
0.0211463 -0.00848381 0.240447 0.353233
0.0380026 -0.0137217 0.346295 -0.590195
0.0321961 -0.00714366 0.274933 0.0113451
0.0324871 -0.00580247 0.259505 0.010202
0.0337723 -0.00665805 0.300293 -0.311549
0.0215449 -0.00903035 0.24278 0.27015
0.0505096 -0.0164194 0.467631 -1.3326
0.0639793 -0.0161069 0.518914 -1.51432
0.0441056 -0.00866055 0.349395 -0.412294
0.0489817 -0.0108215 0.384817 -0.528219
0.0348898 -0.00991896 0.323385 0.0151166
0.0350714 -0.00914261 0.329659 -0.34946
0.0300225 -0.0093129 0.288925 0.0120028
0.0321275 -0.00973608 0.302968 0.0130521
0.0333557 -0.0102732 0.351328 -0.311953
0.0380026 -0.0137217 0.346295 -0.590195
0.0377403 -0.01262 0.381356 -0.751023
0.038472 -0.0119487 0.353637 -0.462405
0.03619 -0.00828542 0.312609 0.014594
0.0344829 -0.00560145 0.267273 0.0108722
0.0453336 -0.0120581 0.408353 -0.836648
0.0518292 -0.016607 0.465679 -1.92197
0.0591711 -0.0159771 0.496689 -1.99868
0.0372518 -0.0057885 0.287782 0.0127458
0.0454693 -0.0112066 0.374772 -0.509352
0.0291555 -0.00629659 0.274984 0.302058
0.0267433 -0.00559056 0.240821 0.301746
0.0594397 -0.0158467 0.483269 -1.72305
0.0321275 -0.00973608 0.302968 0.0130521
0.0367015 -0.0116271 0.35685 -0.371365
0.0300225 -0.0093129 0.288925 0.0120028
0.0215449 -0.00903035 0.24278 0.27015
0.0283717 -0.00945732 0.279336 0.0110481
0.0272529 -0.00912528 0.268404 0.010153
0.0321275 -0.00973608 0.302968 0.0130521
0.0518409 -0.0130015 0.423299 -1.41921
0.0406319 -0.00903814 0.338689 -0.385694
0.0272529 -0.00912528 0.268404 0.010153
0.0323087 -0.00777018 0.281256 0.0116227
0.0512886 -0.0110299 0.413962 -1.21131
0.0372518 -0.0057885 0.287782 0.0127458
0.0294164 -0.00504713 0.25109 0.268323
0.0557747 -0.0161654 0.468876 -1.69059
0.0294243 -0.00695472 0.254382 0.0095658
0.040676 -0.0173995 0.418689 -1.04665
0.0300225 -0.0093129 0.288925 0.0120028
0.0349666 -0.00871721 0.294689 -0.476067
0.0294243 -0.00695472 0.254382 0.0095658
0.0258442 -0.0101351 0.272915 0.0102708
0.0270758 -0.0110939 0.290172 0.0114073
0.0323087 -0.00777018 0.281256 0.0116227
0.0294243 -0.00695472 0.254382 0.0095658
0.0443696 -0.0114147 0.375612 -0.91413
0.0244418 -0.00839358 0.242974 0.00838665
0.0368334 -0.0119353 0.346061 -0.802401
0.0310773 -0.0068116 0.264001 0.0104342
0.0183218 -0.000143783 0.170222 0.712198
0.0299575 -0.0064789 0.253055 0.00955883
0.0368334 -0.0119353 0.346061 -0.802401
0.0285482 -0.00748835 0.257558 0.00975283
0.022115 -0.00754023 0.219424 0.297676
0.029781 -0.00844784 0.274832 0.0108918
0.0308337 -0.00594545 0.249881 0.00935369
0.0256002 -0.00926871 0.258789 0.00926612
0.0309965 -0.0127404 0.330993 -0.500667
0.0244418 -0.00839358 0.242974 0.00838665
0.0319537 -0.00627818 0.260829 0.0102227
0.0408616 -0.0117511 0.362143 -0.872325
0.0319537 -0.00627818 0.260829 0.0102227
0.0143924 -0.00456935 0.167551 0.647839
0.0349666 -0.00871721 0.294689 -0.476067
0.027761 -0.00443324 0.211922 0.296702
0.0383993 -0.00829433 0.304225 -0.495507
0.0308337 -0.00594545 0.249881 0.00935369
0.0258352 -0.00737618 0.238397 0.00826651
0.0368293 -0.00688974 0.295411 0.0130877
0.0308989 -0.00877932 0.285752 0.0118171
0.0350714 -0.00914261 0.329659 -0.34946
0.0526954 -0.013449 0.443564 -1.19504
0.0425233 -0.0145785 0.403045 -1.09177
0.0256519 -0.00726694 0.229787 0.256167
0.0283717 -0.00945732 0.279336 0.0110481
0.0502221 -0.0135528 0.41665 -0.95721
0.0349666 -0.00871721 0.294689 -0.476067
0.0324871 -0.00580247 0.259505 0.010202
0.0210672 -0.00960594 0.239564 0.00776941
0.0285482 -0.00748835 0.257558 0.00975283
0.0591711 -0.0159771 0.496689 -1.99868
0.0336062 -0.00613466 0.27044 0.011108
0.0478464 -0.0110662 0.38895 -0.953043
0.0408616 -0.0117511 0.362143 -0.872325
0.0317754 -0.00824598 0.282582 0.0116219
0.0256002 -0.00926871 0.258789 0.00926612
0.0425233 -0.0145785 0.403045 -1.09177
0.0281289 -0.00859169 0.265226 0.00998844
0.0405132 -0.0145204 0.381234 -0.483429
0.0243102 -0.00950295 0.277473 0.328466
0.0346528 -0.00905687 0.309359 0.0138627
0.0454693 -0.0112066 0.374772 -0.509352
0.0308337 -0.00594545 0.249881 0.00935369
0.0454693 -0.0112066 0.374772 -0.509352
0.0244418 -0.00839358 0.242974 0.00838665
0.0377403 -0.01262 0.381356 -0.751023
0.0478464 -0.0110662 0.38895 -0.953043
0.0438116 -0.0104733 0.342663 -0.542005
0.0513669 -0.0107694 0.404591 -1.00804
0.0308989 -0.00877932 0.285752 0.0118171
0.0443511 -0.0117159 0.385447 -1.127
0.0281289 -0.00859169 0.265226 0.00998844
0.0331234 -0.00986181 0.31767 -0.428465
0.0321607 -0.00958459 0.317905 -0.319019
0.0321607 -0.00958459 0.317905 -0.319019
0.0323658 -0.010599 0.317014 0.0142523
0.0347241 -0.00646618 0.28136 0.0120494
0.0493854 -0.0169681 0.461136 -0.828612
0.0754351 -0.0147609 0.534663 -1.19862
0.0792557 -0.0149736 0.574624 -1.62302
0.0431333 -0.0119887 0.397947 -0.30101
0.0745299 -0.0148676 0.545847 -1.36882
0.0554785 -0.0162907 0.481549 -1.96429
0.0200815 -0.00370559 0.190437 0.541711
0.0210241 -0.0020331 0.202379 0.559535
0.0310773 -0.0068116 0.264001 0.0104342
0.0353649 -0.00694449 0.279353 0.286955
0.0334793 -0.0109279 0.327873 0.0152989
0.0291555 -0.00629659 0.274984 0.302058
0.0698876 -0.0187072 0.62337 -3.26334
