-9.92249 0.633352 83.8632 -7.4492
-0.499949 0.117156 -0.100191 3.38024
4.94727 -0.336238 -43.9516 -7.80087
-0.107445 -0.00661015 -0.564526 -5.68527
-0.107445 -0.00661015 -0.564526 -5.68527
-0.107445 -0.00661015 -0.564526 -5.68527
-0.778647 0.0769864 0.951229 0.390512
-0.223912 0.00522663 0.0166713 1.9602
-0.107445 -0.00661015 -0.564526 -5.68527
1.42904 -0.284831 -0.733015 1.30307
10.1103 -0.717338 -94.2403 -9.06631
-0.107445 -0.00661015 -0.564526 -5.68527
-0.107445 -0.00661015 -0.564526 -5.68527
-8.72621 0.818113 39.9668 -3.58411
-0.192219 -0.000253073 0.000504306 2.99847
-6.18168 0.556581 34.4366 -5.04726
-0.107445 -0.00661015 -0.564526 -5.68527
0.392052 -0.13164 0.276864 -3.02504
-0.222617 0.0050277 0.0161284 1.9527
-0.107445 -0.00661015 -0.564526 -5.68527
-0.107445 -0.00661015 -0.564526 -5.68527
-0.107445 -0.00661015 -0.564526 -5.68527
-4.12946 0.406207 18.7591 -3.98633
0.436504 -0.113805 -5.26648e-05 2.99982
0.141729 -0.0387328 -0.000194809 1.99924
-0.107445 -0.00661015 -0.564526 -5.68527
-4.75284 0.455069 23.0741 -4.30383
-0.107445 -0.00661015 -0.564526 -5.68527
-0.107445 -0.00661015 -0.564526 -5.68527
-9.51036 0.599656 82.8907 -7.74125
-0.107445 -0.00661015 -0.564526 -5.68527
-0.23428 0.00713375 0.0217886 1.94705
-0.107445 -0.00661015 -0.564526 -5.68527
0.305292 -0.118891 0.44141 -2.46272
-0.107445 -0.00661015 -0.564526 -5.68527
-0.107445 -0.00661015 -0.564526 -5.68527
-0.194019 0.000371399 -0.000790647 3.00305
-8.86702 0.564336 75.0466 -7.45793
-0.107445 -0.00661015 -0.564526 -5.68527
2.94277 -0.46659 -3.78594 0.28109
-0.217042 0.00405612 0.0128333 1.96739
-0.107445 -0.00661015 -0.564526 -5.68527
6.01638 -0.718958 -17.3367 -1.6332
-0.225979 0.00555327 0.0183302 1.94185
-0.232844 0.00675777 0.0216365 1.94448
-0.189647 -0.000974099 0.00148088 2.99519
-0.0306649 -0.0928635 2.07347 -2.81794
-8.19699 0.867679 28.5375 -2.28849
0.510361 -0.15081 -4.80058e-05 1.99988
0.293744 -0.116308 0.437116 -2.46458
0.445272 -0.136787 -0.000104388 1.99971
-0.107445 -0.00661015 -0.564526 -5.68527
0.610129 -0.173799 0.106781 3.37892
-0.232844 0.00675777 0.0216365 1.94448
0.429859 -0.133379 -8.97343e-05 1.99975
0.400127 -0.106434 -3.09105e-05 2.99989
8.91491 -0.610967 -74.5889 -7.42021
-0.370768 0.0877527 -0.0564561 -1.42218
0.507346 -0.141191 -0.208375 -1.37768
-0.107445 -0.00661015 -0.564526 -5.68527
-0.233611 0.00696748 0.0214544 1.94404
-2.58576 0.0728295 24.8474 -7.41673
-0.038684 -0.0840212 1.71798 -2.40602
-4.2321 0.418976 19.0528 -3.93349
8.64314 -0.874852 -36.0434 -3.08526
0.359904 -0.125185 0.27763 -2.7061
-0.191379 -0.00052219 0.000965844 2.99671
-0.107445 -0.00661015 -0.564526 -5.68527
-0.107445 -0.00661015 -0.564526 -5.68527
-0.107445 -0.00661015 -0.564526 -5.68527
-0.222548 0.00509736 0.0159505 1.9551
0.490339 -0.13806 -0.191953 -1.27445
-0.233611 0.00696748 0.0214544 1.94404
-0.502121 0.119098 -0.0995273 3.40492
-0.86646 -0.0282609 7.91846 -5.10064
10.8124 -0.688939 -101.117 -8.46657
-0.232844 0.00675777 0.0216365 1.94448
-0.233611 0.00696748 0.0214544 1.94404
-5.01514 0.475235 24.9916 -4.43785
-0.107445 -0.00661015 -0.564526 -5.68527
-0.232844 0.00675777 0.0216365 1.94448
0.260081 -0.0830777 -0.06234 3.48386
-0.191379 -0.00052219 0.000965844 2.99671
-0.107445 -0.00661015 -0.564526 -5.68527
-0.107445 -0.00661015 -0.564526 -5.68527
-0.107445 -0.00661015 -0.564526 -5.68527
0.460353 -0.14001 -0.000328906 1.99912
-0.107445 -0.00661015 -0.564526 -5.68527
5.31322 -0.669099 -13.447 -1.22627
-0.107445 -0.00661015 -0.564526 -5.68527
11.1278 -0.771405 -106.961 -9.35727
-0.107445 -0.00661015 -0.564526 -5.68527
0.315529 -0.125425 0.590774 -2.51114
0.584847 -0.16739 0.097437 3.35329
-1.26753 -0.00466024 10.6542 -5.01041
9.28891 -0.633233 -78.1964 -7.47761
0.0078594 -0.0893354 1.62466 -2.66842
5.84174 -0.682293 -17.9279 -1.83864
-0.107445 -0.00661015 -0.564526 -5.68527
-0.107445 -0.00661015 -0.564526 -5.68527
-0.107445 -0.00661015 -0.564526 -5.68527
-0.221726 0.00491862 0.0156964 1.95663
-0.221263 0.00478346 0.015748 1.95178
-0.107445 -0.00661015 -0.564526 -5.68527
-0.107445 -0.00661015 -0.564526 -5.68527
-0.222548 0.00509736 0.0159505 1.9551
-0.107445 -0.00661015 -0.564526 -5.68527
-0.222548 0.00509736 0.0159505 1.9551
-0.107445 -0.00661015 -0.564526 -5.68527
0.445272 -0.136787 -0.000104388 1.99971
-0.502121 0.119098 -0.0995273 3.40492
-0.502121 0.119098 -0.0995273 3.40492
-0.0911235 -0.0759659 1.83491 -2.4568
7.95792 -0.547307 -66.7187 -7.41595
0.257113 -0.0486917 -0.0345805 1.90193
-0.229354 0.0062621 0.0188636 1.9546
-0.107445 -0.00661015 -0.564526 -5.68527
-0.221726 0.00491862 0.0156964 1.95663
0.356291 -0.119661 0.118221 -3.1424
-0.107445 -0.00661015 -0.564526 -5.68527
-0.107445 -0.00661015 -0.564526 -5.68527
-0.107445 -0.00661015 -0.564526 -5.68527
0.371649 -0.122604 0.107975 -3.14942
-0.107445 -0.00661015 -0.564526 -5.68527
-0.107445 -0.00661015 -0.564526 -5.68527
5.98688 -0.50901 -44.0172 -7.14558
8.42038 -0.571739 -71.769 -7.56651
0.445272 -0.136787 -0.000104388 1.99971
8.42038 -0.571739 -71.769 -7.56651
0.268069 -0.110652 0.423386 -2.37403
-0.233611 0.00696748 0.0214544 1.94404
-0.191529 -0.000405275 0.000919789 2.99714
10.1422 -0.947386 -49.5831 -3.87105
-0.909937 -0.0281476 8.4889 -5.27834
-0.122799 0.000702326 6.28366e-05 1.99972
-0.107445 -0.00661015 -0.564526 -5.68527
-0.225864 0.00563457 0.0172231 1.95358
10.8124 -0.688939 -101.117 -8.46657
-0.190361 -0.000725719 0.00110351 2.99649
-0.107445 -0.00661015 -0.564526 -5.68527
-0.107445 -0.00661015 -0.564526 -5.68527
8.30323 -0.63916 -69.0358 -8.05796
5.537 -0.528534 -31.4932 -5.24641
7.81127 -0.621583 -61.0145 -7.50736
0.478784 -0.143869 -0.00123509 1.99678
8.91491 -0.610967 -74.5889 -7.42021
-0.107445 -0.00661015 -0.564526 -5.68527
-0.222548 0.00509736 0.0159505 1.9551
-0.232844 0.00675777 0.0216365 1.94448
0.400127 -0.106434 -3.09105e-05 2.99989
-0.475541 -0.0446393 4.24483 -3.89973
0.514843 -0.153947 0.0993785 3.40324
0.545756 -0.15936 0.0953666 3.36564
0.561632 -0.146069 -0.419618 -1.73318
-0.191379 -0.00052219 0.000965844 2.99671
8.67378 -0.593247 -72.805 -7.43832
-0.225864 0.00563457 0.0172231 1.95358
-0.106799 2.20141e-05 5.42123e-05 1.99978
10.7247 -0.734161 -105.7 -9.61223
0.478784 -0.143869 -0.00123509 1.99678
8.21268 -0.564357 -68.7163 -7.40428
8.67378 -0.593247 -72.805 -7.43832
-0.222617 0.0050277 0.0161284 1.9527
-0.107445 -0.00661015 -0.564526 -5.68527
-0.736317 -0.0306894 6.23901 -4.3668
-0.221726 0.00491862 0.0156964 1.95663
-6.92115 0.719772 24.8264 -2.44033
-0.217042 0.00405612 0.0128333 1.96739
-0.218263 0.00433106 0.0133276 1.96561
-0.225864 0.00563457 0.0172231 1.95358
6.84967 -0.565377 -51.6083 -7.27649
-0.107445 -0.00661015 -0.564526 -5.68527
0.445272 -0.136787 -0.000104388 1.99971
-0.0828626 -0.0786128 1.88416 -2.52534
-0.107445 -0.00661015 -0.564526 -5.68527
-0.22489 0.00545979 0.0169694 1.95148
2.09338 -0.363098 -2.00315 0.71671
-0.107445 -0.00661015 -0.564526 -5.68527
-0.223065 0.00513883 0.016386 1.95097
-0.107445 -0.00661015 -0.564526 -5.68527
0.0772263 -0.103002 1.79605 -3.64221
-0.107445 -0.00661015 -0.564526 -5.68527
0.228771 -0.103733 0.458033 -2.24752
-8.9902 0.582595 74.1426 -7.26629
0.281981 -0.113483 0.417121 -2.32715
-0.222548 0.00509736 0.0159505 1.9551
-0.107445 -0.00661015 -0.564526 -5.68527
-0.107445 -0.00661015 -0.564526 -5.68527
-0.107445 -0.00661015 -0.564526 -5.68527
8.42038 -0.571739 -71.769 -7.56651
-0.222548 0.00509736 0.0159505 1.9551
0.445272 -0.136787 -0.000104388 1.99971
0.445272 -0.136787 -0.000104388 1.99971
0.349166 -0.122778 0.271274 -2.71728
-0.107445 -0.00661015 -0.564526 -5.68527
-0.107445 -0.00661015 -0.564526 -5.68527
-0.107445 -0.00661015 -0.564526 -5.68527
-0.107445 -0.00661015 -0.564526 -5.68527
0.0959175 -0.018611 0.00895032 1.83865
-0.475541 -0.0446393 4.24483 -3.89973
0.508411 -0.151146 0.0946276 3.36436
8.21268 -0.564357 -68.7163 -7.40428
-0.221263 0.00478346 0.015748 1.95178
-0.107445 -0.00661015 -0.564526 -5.68527
-0.222548 0.00509736 0.0159505 1.9551
-1.96345 0.0493083 16.1745 -5.81562
-0.189647 -0.000974099 0.00148088 2.99519
-0.107445 -0.00661015 -0.564526 -5.68527
-0.107445 -0.00661015 -0.564526 -5.68527
-0.107445 -0.00661015 -0.564526 -5.68527
-0.233611 0.00696748 0.0214544 1.94404
-0.221726 0.00491862 0.0156964 1.95663
0.396452 -0.126241 -0.00086735 1.99743
0.510361 -0.15081 -4.80058e-05 1.99988
0.303667 -0.112046 0.182946 -1.08094
-0.222548 0.00509736 0.0159505 1.9551
-0.191379 -0.00052219 0.000965844 2.99671
-0.233611 0.00696748 0.0214544 1.94404
-3.06781 0.109467 28.276 -7.28469
-0.107445 -0.00661015 -0.564526 -5.68527
-0.221726 0.00491862 0.0156964 1.95663
-0.107445 -0.00661015 -0.564526 -5.68527
-0.107445 -0.00661015 -0.564526 -5.68527
0.460353 -0.14001 -0.000328906 1.99912
-0.107445 -0.00661015 -0.564526 -5.68527
4.61042 -0.601829 -10.7165 -0.976547
8.67378 -0.593247 -72.805 -7.43832
-0.107445 -0.00661015 -0.564526 -5.68527
-0.188144 -0.00137927 0.00283348 2.98771
9.28891 -0.633233 -78.1964 -7.47761
-0.107445 -0.00661015 -0.564526 -5.68527
-0.107445 -0.00661015 -0.564526 -5.68527
-0.107445 -0.00661015 -0.564526 -5.68527
-0.22489 0.00545979 0.0169694 1.95148
-0.107445 -0.00661015 -0.564526 -5.68527
-0.229354 0.0062621 0.0188636 1.9546
-0.107445 -0.00661015 -0.564526 -5.68527
-0.191379 -0.00052219 0.000965844 2.99671
-0.107445 -0.00661015 -0.564526 -5.68527
8.21268 -0.564357 -68.7163 -7.40428
-0.107445 -0.00661015 -0.564526 -5.68527
0.510361 -0.15081 -4.80058e-05 1.99988
-0.189647 -0.000974099 0.00148088 2.99519
-0.107445 -0.00661015 -0.564526 -5.68527
-0.107445 -0.00661015 -0.564526 -5.68527
-0.107445 -0.00661015 -0.564526 -5.68527
-0.107445 -0.00661015 -0.564526 -5.68527
-0.107445 -0.00661015 -0.564526 -5.68527
0.574539 -0.164272 0.09023 3.32826
-4.2321 0.418976 19.0528 -3.93349
-0.404527 0.0257635 0.4343 -0.158517
-0.107445 -0.00661015 -0.564526 -5.68527
-0.191529 -0.000405275 0.000919789 2.99714
-0.107445 -0.00661015 -0.564526 -5.68527
-0.107445 -0.00661015 -0.564526 -5.68527
-0.107445 -0.00661015 -0.564526 -5.68527
