0.0434402 -0.0143549 0.391959 -0.897238
0.0419616 -0.0115918 0.364672 -0.489362
0.0349906 -0.0123441 0.343636 -0.441305
0.370254 -0.12415 0.02594 2.26353
7.62978 -0.580252 -59.6208 -7.17687
0.03989 -0.00573588 0.300501 0.0137686
0.0346528 -0.00905687 0.309359 0.0138627
0.0348898 -0.00991896 0.323385 0.0151166
0.0476299 -0.0146527 0.436993 -0.845794
0.0404712 -0.0126721 0.389121 -0.374494
0.070141 -0.0188515 0.595757 -2.28096
0.0533449 -0.0342901 -0.0161278 2.16877
0.384954 -0.127794 0.10018 3.4789
0.0453189 -0.0173205 0.4356 -1.11745
0.0509125 -0.0160266 0.451683 -1.105
0.0345417 -0.00843133 0.303055 0.0135695
0.0434402 -0.0143549 0.391959 -0.897238
0.0577758 -0.0189386 0.511903 -1.90169
0.0349906 -0.0123441 0.343636 -0.441305
0.0330727 -0.00661028 0.271763 0.0111275
0.219673 -0.0370952 0.0260335 -0.224194
0.0373632 -0.0064142 0.29409 0.0130613
0.0440407 -0.0149863 0.424148 -0.812553
0.0476299 -0.0146527 0.436993 -0.845794
0.0334258 -0.00810109 0.292163 0.012578
0.0551332 -0.019379 0.493048 -1.1842
0.044043 -0.0141433 0.391475 -0.503626
0.00456598 -0.00425457 0.185989 0.795835
0.036517 -0.0198528 0.488073 -0.666346
0.0462459 -0.0167045 0.417909 -0.515246
0.0348898 -0.00991896 0.323385 0.0151166
0.0462079 -0.0111961 0.375607 -0.428801
0.0296019 -0.0104151 0.296573 0.0122338
0.0321275 -0.00973608 0.302968 0.0130521
0.0405132 -0.0145204 0.381234 -0.483429
0.0505129 -0.0132068 0.401961 -0.747777
0.0535767 -0.0135252 0.436234 -1.71704
0.0485531 -0.013649 0.420269 -1.64315
0.0260187 -0.00816489 0.251112 0.00906391
0.0268946 -0.00763107 0.24793 0.00890139
0.0502221 -0.0135528 0.41665 -0.95721
0.0346528 -0.00905687 0.309359 0.0138627
0.0426991 -0.0115642 0.364824 -0.403603
0.0321607 -0.00958459 0.317905 -0.319019
0.0372224 -0.0111982 0.351328 0.0176124
0.0361119 -0.0108714 0.340511 0.0164951
0.0475788 -0.0137655 0.401632 -0.522585
0.0598921 -0.0160865 0.492182 -1.26419
0.0274956 -0.00999112 0.282514 0.0112094
0.0283717 -0.00945732 0.279336 0.0110481
0.0439092 -0.0172505 0.441824 -1.28149
0.0493372 -0.013839 0.430322 -1.16421
0.0701312 -0.0189571 0.676442 -4.01823
0.0308989 -0.00877932 0.285752 0.0118171
0.0258442 -0.0101351 0.272915 0.0102708
0.0256002 -0.00926871 0.258789 0.00926612
0.0438116 -0.0104733 0.342663 -0.542005
0.0317754 -0.00824598 0.282582 0.0116219
0.0308989 -0.00877932 0.285752 0.0118171
0.0283717 -0.00945732 0.279336 0.0110481
0.0304814 -0.0107495 0.340489 -0.288925
0.0349906 -0.0123441 0.343636 -0.441305
0.0286114 -0.00806783 0.262768 0.26718
0.0308989 -0.00877932 0.285752 0.0118171
0.0306894 -0.0124664 0.333103 -0.311431
0.0296019 -0.0104151 0.296573 0.0122338
0.0284847 -0.0100842 0.285664 0.0112942
0.0348898 -0.00991896 0.323385 0.0151166
0.0478464 -0.0110662 0.38895 -0.953043
0.0334258 -0.00810109 0.292163 0.012578
0.0369127 -0.0112479 0.321751 -0.494751
0.0521036 -0.0164786 0.454092 -1.65321
0.0537789 -0.0159896 0.480046 -1.35282
0.0419616 -0.0115918 0.364672 -0.489362
0.0666636 -0.0192044 0.578183 -2.23768
0.0323658 -0.010599 0.317014 0.0142523
0.0598765 -0.018405 0.521096 -1.85859
0.033681 -0.0120472 0.345092 -0.342674
0.0367015 -0.0116271 0.35685 -0.371365
0.0367015 -0.0116271 0.35685 -0.371365
0.0290445 -0.0101867 0.285733 0.238622
0.0598765 -0.018405 0.521096 -1.85859
0.038472 -0.0119487 0.353637 -0.462405
0.0395925 -0.00707304 0.315839 0.0151281
0.0489817 -0.0108215 0.384817 -0.528219
0.070141 -0.0188515 0.595757 -2.28096
0.0367015 -0.0116271 0.35685 -0.371365
0.0321275 -0.00973608 0.302968 0.0130521
0.0320157 -0.00911011 0.296656 0.0127778
0.0334258 -0.00810109 0.292163 0.012578
0.0468694 -0.0139686 0.404622 -0.930441
0.0349906 -0.0123441 0.343636 -0.441305
0.0250086 -0.00638762 0.262752 0.351441
0.0509125 -0.0160266 0.451683 -1.105
0.0348898 -0.00991896 0.323385 0.0151166
0.0357668 -0.00938587 0.320225 0.014898
0.0283717 -0.00945732 0.279336 0.0110481
0.0281289 -0.00859169 0.265226 0.00998844
0.0281289 -0.00859169 0.265226 0.00998844
0.0660211 -0.0184319 0.530422 -1.72282
0.0294243 -0.00695472 0.254382 0.0095658
0.0434402 -0.0143549 0.391959 -0.897238
0.0300645 -0.0120178 0.300194 -0.438285
0.0236008 -0.00893646 0.246171 0.00850217
0.029781 -0.00844784 0.274832 0.0108918
0.0331234 -0.00986181 0.31767 -0.428465
0.0321607 -0.00958459 0.317905 -0.319019
0.019869 -0.00620183 0.218638 0.393402
0.0443696 -0.0114147 0.375612 -0.91413
0.0246795 -0.00826485 0.253113 0.300767
0.0434402 -0.0143549 0.391959 -0.897238
0.0308989 -0.00877932 0.285752 0.0118171
0.0170791 -0.0067887 0.211159 0.412815
0.0280666 -0.0131343 0.323275 -0.394009
0.0258442 -0.0101351 0.272915 0.0102708
0.0325491 -0.00863447 0.295331 0.0127883
0.0350714 -0.00914261 0.329659 -0.34946
0.0319537 -0.00627818 0.260829 0.0102227
0.0390597 -0.0149263 0.389103 -1.05049
0.0368334 -0.0119353 0.346061 -0.802401
0.0407434 -0.0119818 0.368942 -1.06192
0.0260187 -0.00816489 0.251112 0.00906391
0.0369127 -0.0112479 0.321751 -0.494751
0.0247245 -0.0098025 0.261971 0.00940595
0.0296019 -0.0104151 0.296573 0.0122338
0.0261999 -0.0116277 0.293352 0.0115457
0.0283717 -0.00945732 0.279336 0.0110481
0.0349906 -0.0123441 0.343636 -0.441305
0.0258442 -0.0101351 0.272915 0.0102708
0.0256002 -0.00926871 0.258789 0.00926612
0.0425233 -0.0145785 0.403045 -1.09177
0.0350714 -0.00914261 0.329659 -0.34946
0.0319537 -0.00627818 0.260829 0.0102227
0.0331234 -0.00986181 0.31767 -0.428465
0.0327997 -0.0115889 0.30829 -0.554716
0.0281289 -0.00859169 0.265226 0.00998844
0.0493372 -0.013839 0.430322 -1.16421
0.038472 -0.0119487 0.353637 -0.462405
0.0286114 -0.00806783 0.262768 0.26718
0.0298414 -0.0112788 0.310637 0.0133789
0.0459482 -0.014216 0.416806 -1.12978
0.0296019 -0.0104151 0.296573 0.0122338
0.0296019 -0.0104151 0.296573 0.0122338
0.033681 -0.0120472 0.345092 -0.342674
0.0269628 -0.010467 0.283844 0.0111713
0.0308989 -0.00877932 0.285752 0.0118171
0.0321961 -0.00714366 0.274933 0.0113451
0.0478464 -0.0110662 0.38895 -0.953043
0.0350714 -0.00914261 0.329659 -0.34946
0.0285482 -0.00748835 0.257558 0.00975283
0.0368334 -0.0119353 0.346061 -0.802401
0.0268946 -0.00763107 0.24793 0.00890139
0.0459482 -0.014216 0.416806 -1.12978
0.0229245 -0.00575976 0.228677 0.35565
0.0296019 -0.0104151 0.296573 0.0122338
0.0368334 -0.0119353 0.346061 -0.802401
0.0204451 -0.00441002 0.20523 0.652494
0.0321607 -0.00958459 0.317905 -0.319019
0.0349906 -0.0123441 0.343636 -0.441305
0.0281289 -0.00859169 0.265226 0.00998844
0.0245494 -0.0117724 0.283767 0.0105716
0.0283717 -0.00945732 0.279336 0.0110481
0.0306894 -0.0124664 0.333103 -0.311431
0.0308989 -0.00877932 0.285752 0.0118171
0.0323737 -0.00517544 0.253172 0.00992152
0.0281289 -0.00859169 0.265226 0.00998844
0.0281289 -0.00859169 0.265226 0.00998844
0.0315201 -0.0127391 0.333519 -0.418554
0.0292479 -0.00892376 0.27616 0.0108772
0.0321607 -0.00958459 0.317905 -0.319019
0.0349906 -0.0123441 0.343636 -0.441305
0.0206372 -0.00589367 0.213076 0.493587
0.0256002 -0.00926871 0.258789 0.00926612
0.0244418 -0.00839358 0.242974 0.00838665
0.0380026 -0.0137217 0.346295 -0.590195
0.0214594 -0.00491693 0.19244 0.452199
0.0296976 -0.0102668 0.307594 -0.404276
0.0258442 -0.0101351 0.272915 0.0102708
0.02672 -0.00960132 0.269735 0.0101245
0.0554785 -0.0162907 0.481549 -1.96429
0.0349666 -0.00871721 0.294689 -0.476067
0.0368334 -0.0119353 0.346061 -0.802401
0.0327997 -0.0115889 0.30829 -0.554716
0.0233016 -0.00804657 0.231802 0.00759945
0.0244418 -0.00839358 0.242974 0.00838665
0.0258352 -0.00737618 0.238397 0.00826651
0.0308427 -0.00893767 0.283395 -0.433001
0.0360358 -0.0140305 0.366534 -1.39716
0.019869 -0.00620183 0.218638 0.393402
0.0136978 -0.00567883 0.191194 0.64442
0.0256519 -0.00726694 0.229787 0.256167
0.0294243 -0.00695472 0.254382 0.0095658
0.0236008 -0.00893646 0.246171 0.00850217
0.0256002 -0.00926871 0.258789 0.00926612
0.0258442 -0.0101351 0.272915 0.0102708
0.0310773 -0.0068116 0.264001 0.0104342
0.0245235 -0.00432502 0.198327 0.439174
0.0338075 -0.00929589 0.320507 -0.796394
0.0236008 -0.00893646 0.246171 0.00850217
0.0244418 -0.00839358 0.242974 0.00838665
0.0233016 -0.00804657 0.231802 0.00759945
0.0233016 -0.00804657 0.231802 0.00759945
0.0327997 -0.0115889 0.30829 -0.554716
0.0205669 -0.0106397 0.284702 -0.307679
0.0334258 -0.00810109 0.292163 0.012578
0.020508 -0.00696529 0.232927 0.520757
0.0459482 -0.014216 0.416806 -1.12978
0.0323087 -0.00777018 0.281256 0.0116227
0.02672 -0.00960132 0.269735 0.0101245
0.0256519 -0.00726694 0.229787 0.256167
0.0246795 -0.00826485 0.253113 0.300767
0.0294164 -0.00504713 0.25109 0.268323
0.0282792 -0.00607552 0.238489 0.00862069
0.0283035 -0.00662149 0.243423 0.00872762
0.0186569 -0.0059724 0.188511 0.368812
0.0143924 -0.00456935 0.167551 0.647839
0.0368334 -0.0119353 0.346061 -0.802401
0.0283717 -0.00945732 0.279336 0.0110481
0.0408616 -0.0117511 0.362143 -0.872325
0.0256002 -0.00926871 0.258789 0.00926612
0.0281289 -0.00859169 0.265226 0.00998844
0.0236008 -0.00893646 0.246171 0.00850217
0.0256002 -0.00926871 0.258789 0.00926612
0.0256002 -0.00926871 0.258789 0.00926612
0.0296019 -0.0104151 0.296573 0.0122338
0.033681 -0.0120472 0.345092 -0.342674
0.0419616 -0.0115918 0.364672 -0.489362
0.0565313 -0.0164814 0.480599 -1.25057
0.0319537 -0.00627818 0.260829 0.0102227
0.016096 -0.000274962 0.157878 0.824295
0.022115 -0.00754023 0.219424 0.297676
0.0276159 -0.0093738 0.272965 -0.405448
0.0256519 -0.00726694 0.229787 0.256167
0.0349906 -0.0123441 0.343636 -0.441305
0.0308989 -0.00877932 0.285752 0.0118171
0.017736 -0.00491473 0.218869 0.466921
0.0285482 -0.00748835 0.257558 0.00975283
0.0268946 -0.00763107 0.24793 0.00890139
0.02672 -0.00960132 0.269735 0.0101245
0.0256519 -0.00726694 0.229787 0.256167
0.0425233 -0.0145785 0.403045 -1.09177
0.0321961 -0.00714366 0.274933 0.0113451
0.0250307 -0.00383722 0.233168 0.489428
0.0620668 -0.0191782 0.544698 -1.6497
0.0855273 -0.0172223 0.618926 -1.84712
0.038947 -0.00505307 0.302218 0.231404
0.0635825 -0.0158036 0.506243 -1.29598
0.0413487 -0.00755011 0.331647 0.016528
0.0327997 -0.0115889 0.30829 -0.554716
0.0249943 -0.00791904 0.241594 0.00840137
0.0272529 -0.00912528 0.268404 0.010153
0.0182063 -0.00632665 0.200284 0.541309
0.0367015 -0.0116271 0.35685 -0.371365
0.0308989 -0.00877932 0.285752 0.0118171
0.0323658 -0.010599 0.317014 0.0142523
0.0308989 -0.00877932 0.285752 0.0118171
