0.00879975 -0.0127468 0.229018 0.354398
0.0318288 -0.0211933 0.417033 -1.13018
0.0179728 -0.0166635 0.319276 -0.426406
0.378588 -0.0562374 -2.11346 -2.54655
-0.708073 0.0653949 0.938968 0.127964
0.0484094 -0.0260497 0.556279 -2.68887
0.0317544 -0.0213983 0.424652 -1.32891
0.0114105 -0.0175237 0.298308 -0.374734
0.0257973 -0.023996 0.394033 -1.20414
0.00711344 -0.017511 0.231426 0.289102
0.00930118 -0.0178994 0.268467 0.00599174
-0.107445 -0.00661015 -0.564526 -5.68527
-0.368714 0.021371 0.361383 -0.160276
0.0214065 -0.0211654 0.338458 -0.488114
-7.06783 0.456686 57.0549 -7.06544
0.00879975 -0.0127468 0.229018 0.354398
0.0094158 -0.0148134 0.216976 0.302938
0.0106947 -0.0168873 0.263954 0.00626322
0.00985378 -0.0174275 0.267118 0.00617774
-7.51977 0.49169 60.1671 -7.0199
2.69018 -0.313514 -11.5193 -3.88519
0.0123872 -0.0167643 0.2738 0.00722422
0.0114105 -0.0175237 0.298308 -0.374734
0.0114105 -0.0175237 0.298308 -0.374734
0.00663283 -0.0156868 0.225273 0.00380261
-0.00612675 -0.0144066 0.195562 0.404724
0.00646871 -0.0176733 0.247427 0.0042696
-0.0850994 -0.00414071 0.31459 0.0901755
-2.28558 0.0815241 20.1877 -6.98044
0.014714 -0.0170872 0.308344 -0.398584
0.0142715 -0.0164577 0.279978 0.00792426
0.0209527 -0.0161324 0.330145 -0.351298
0.0115356 -0.0163471 0.260789 0.00633407
0.0132282 -0.0162235 0.270627 0.00727553
0.0115356 -0.0163471 0.260789 0.00633407
0.0231567 -0.0197524 0.386459 -0.901108
0.0054929 -0.0153401 0.214106 0.00315586
0.0111646 -0.0192638 0.28902 -0.505656
-0.00575322 -0.0125258 0.152625 0.704969
-0.00223962 -0.0133593 0.162171 0.513866
0.00930118 -0.0178994 0.268467 0.00599174
0.00900209 -0.0170108 0.254114 0.00532623
0.0125407 -0.0199829 0.323114 -0.481584
0.014267 -0.0196604 0.328083 -0.895332
0.0179728 -0.0166635 0.319276 -0.426406
0.0151458 -0.0159231 0.276774 0.00792536
0.0153913 -0.0167904 0.290924 0.00877441
0.0318288 -0.0211933 0.417033 -1.13018
0.00777276 -0.0160342 0.236448 0.00448145
0.0143661 -0.0188057 0.2988 -0.524395
0.00367719 -0.0125949 0.185289 0.402726
0.0108588 -0.0148971 0.241756 0.0055794
-0.0028907 -0.0120445 0.162064 0.661252
0.00287059 -0.0153764 0.200962 0.00209417
-0.00656871 -0.0127455 0.153709 0.635377
-0.0401305 -0.00891188 0.198031 0.633063
0.00747349 -0.0151476 0.22212 0.00390881
0.00693203 -0.0165736 0.239603 0.00436918
-0.0028907 -0.0120445 0.162064 0.661252
4.97444e-05 -0.0140541 0.19686 0.478302
0.0262593 -0.0240638 0.397729 -1.40843
0.00646871 -0.0176733 0.247427 0.0042696
0.00816128 -0.0175502 0.25727 0.0052174
0.00295964 -0.0135917 0.20687 0.43908
0.00367719 -0.0125949 0.185289 0.402726
-0.00393409 -0.0106017 0.161994 0.785164
0.00946532 -0.0159099 0.246277 0.00536203
0.0128396 -0.0147045 0.24977 0.00635716
0.0270055 -0.0233168 0.418326 -1.63566
0.00916618 -0.0150222 0.231936 0.00473289
0.00777276 -0.0160342 0.236448 0.00448145
0.00409964 -0.0163503 0.218598 0.00279625
0.00916618 -0.0150222 0.231936 0.00473289
0.000144654 -0.0115345 0.169675 0.632058
-0.00381307 -0.011101 0.165239 0.702653
0.00930118 -0.0178994 0.268467 0.00599174
0.00816128 -0.0175502 0.25727 0.0052174
0.0143661 -0.0188057 0.2988 -0.524395
0.0047657 -0.0148345 0.207182 0.356178
0.0257671 -0.0208606 0.388037 -1.50444
0.00900209 -0.0170108 0.254114 0.00532623
0.00295964 -0.0135917 0.20687 0.43908
0.0131107 -0.0199679 0.324329 -0.391204
0.0380419 -0.0234781 0.454777 -1.65707
0.0119987 -0.0152453 0.252941 0.00631776
0.0118346 -0.0172368 0.275155 0.00706247
0.0162549 -0.021321 0.325968 -0.539532
0.00562804 -0.0182119 0.250572 0.00411116
0.00409964 -0.0163503 0.218598 0.00279625
0.00562804 -0.0182119 0.250572 0.00411116
0.0184737 -0.0226834 0.361022 -0.956968
0.00248441 -0.0159709 0.202636 0.265047
0.0125407 -0.0199829 0.323114 -0.481584
0.00672245 -0.0177486 0.287541 -0.331637
0.00693203 -0.0165736 0.239603 0.00436918
0.0295746 -0.0237394 0.408913 -1.25142
0.00693203 -0.0165736 0.239603 0.00436918
0.00367719 -0.0125949 0.185289 0.402726
0.00916618 -0.0150222 0.231936 0.00473289
0.0133922 -0.0142314 0.248407 0.0064814
0.00342325 -0.014905 0.199619 0.00232009
0.00540365 -0.0147122 0.20763 0.00307182
0.000262881 -0.0186475 0.22284 0.000694358
-0.00828653 -0.0142496 0.142491 0.616096
-0.00346903 -0.011125 0.142363 0.563061
-0.00640958 -0.0104847 0.135638 0.737979
0.00945724 -0.016784 0.26186 -0.488048
0.00117811 -0.0155016 0.191147 0.00114019
0.00672245 -0.0177486 0.287541 -0.331637
0.00532878 -0.0173254 0.236246 0.00355214
0.00532878 -0.0173254 0.236246 0.00355214
0.00663283 -0.0156868 0.225273 0.00380261
0.00494018 -0.0158119 0.215455 0.00295961
0.00523951 -0.0166975 0.22977 0.00347124
0.014267 -0.0196604 0.328083 -0.895332
0.00916618 -0.0150222 0.231936 0.00473289
0.00367719 -0.0125949 0.185289 0.402726
0.00229001 -0.0141582 0.218053 0.296144
-0.00223962 -0.0133593 0.162171 0.513866
0.00631715 -0.0172508 0.251963 -0.465484
-0.00411886 -0.0122551 0.166505 0.566042
0.00409964 -0.0163503 0.218598 0.00279625
0.00409964 -0.0163503 0.218598 0.00279625
-0.00309534 -0.0138743 0.173261 0.343757
0.0111646 -0.0192638 0.28902 -0.505656
-0.00223962 -0.0133593 0.162171 0.513866
-0.0102369 -0.0115779 0.148063 0.839301
0.0212649 -0.0218374 0.345987 -1.14834
0.00540365 -0.0147122 0.20763 0.00307182
-0.0028907 -0.0120445 0.162064 0.661252
0.0108588 -0.0148971 0.241756 0.0055794
0.0161287 -0.015928 0.282196 -0.537866
0.00104847 -0.0132886 0.179384 0.411858
0.0111646 -0.0192638 0.28902 -0.505656
-0.00182788 -0.0161851 0.195107 0.298338
0.00409964 -0.0163503 0.218598 0.00279625
0.00693203 -0.0165736 0.239603 0.00436918
0.00215995 -0.0155822 0.201433 0.362959
0.00702138 -0.0172018 0.246082 0.00447711
0.00693203 -0.0165736 0.239603 0.00436918
0.000144654 -0.0115345 0.169675 0.632058
0.0047657 -0.0148345 0.207182 0.356178
-0.00152666 -0.0143443 0.205916 0.357633
0.00693203 -0.0165736 0.239603 0.00436918
4.97444e-05 -0.0140541 0.19686 0.478302
0.00697915 -0.013658 0.222622 0.361532
0.0145322 -0.0145799 0.259596 0.00725099
0.0380419 -0.0234781 0.454777 -1.65707
0.00777276 -0.0160342 0.236448 0.00448145
0.00287059 -0.0153764 0.200962 0.00209417
-0.127139 0.00531474 0.36787 0.128187
0.00409964 -0.0163503 0.218598 0.00279625
0.00242771 -0.013927 0.179667 0.304676
0.00248441 -0.0159709 0.202636 0.265047
0.0203487 -0.0240717 0.390245 -1.57513
0.00523951 -0.0166975 0.22977 0.00347124
-0.0028907 -0.0120445 0.162064 0.661252
0.0143661 -0.0188057 0.2988 -0.524395
-0.00152666 -0.0143443 0.205916 0.357633
0.00248441 -0.0159709 0.202636 0.265047
-0.00223962 -0.0133593 0.162171 0.513866
0.0175787 -0.0192869 0.340691 -0.928871
0.00693203 -0.0165736 0.239603 0.00436918
0.00693203 -0.0165736 0.239603 0.00436918
-0.00618268 -0.0100493 0.131749 0.836278
-0.0132986 -0.0125114 0.142603 0.798067
-0.00656871 -0.0127455 0.153709 0.635377
0.0045298 -0.0201915 0.265761 -0.564569
-0.00550012 -0.0138806 0.1556 0.541297
-0.00182788 -0.0161851 0.195107 0.298338
-0.0132986 -0.0125114 0.142603 0.798067
-0.00309534 -0.0138743 0.173261 0.343757
-0.00666692 -0.0140608 0.15891 0.43997
-0.0996544 -0.00134862 0.333985 0.0925488
-0.00146801 -0.0130443 0.157997 0.617057
-0.00106281 -0.0144889 0.163282 0.414597
0.00916618 -0.0150222 0.231936 0.00473289
0.00663283 -0.0156868 0.225273 0.00380261
-0.00886448 -0.00883982 0.138184 0.855821
0.00916618 -0.0150222 0.231936 0.00473289
0.00242771 -0.013927 0.179667 0.304676
0.00409964 -0.0163503 0.218598 0.00279625
0.00287059 -0.0153764 0.200962 0.00209417
-0.00578605 -0.011668 0.130039 0.637786
-0.00666692 -0.0140608 0.15891 0.43997
-0.00550012 -0.0138806 0.1556 0.541297
-0.00578605 -0.011668 0.130039 0.637786
-0.00550012 -0.0138806 0.1556 0.541297
-0.00523227 -0.0113454 0.127797 0.73167
0.00240708 -0.0164748 0.208773 0.00186248
-0.00575322 -0.0125258 0.152625 0.704969
0.014267 -0.0196604 0.328083 -0.895332
0.00103163 -0.011831 0.151304 0.421588
0.00242771 -0.013927 0.179667 0.304676
0.0126138 -0.0163167 0.271595 -0.508088
-0.003836 -0.00940172 0.139545 0.802825
0.00426376 -0.0143662 0.196471 0.00247128
0.00540365 -0.0147122 0.20763 0.00307182
-0.132696 0.00516838 0.363553 0.139283
-0.00348951 -0.015699 0.161258 0.28499
-0.0024992 -0.0158319 0.17344 0.00119323
-0.00903559 -0.0121204 0.123588 0.665947
-0.00989009 -0.0107341 0.123236 0.826484
-0.000125883 -0.0171385 0.2021 0.000212312
0.00877757 -0.013507 0.211124 0.00401964
0.00747349 -0.0151476 0.22212 0.00390881
-0.133492 0.00566966 0.422581 0.108725
0.0104702 -0.0133806 0.220928 0.00478835
0.00409964 -0.0163503 0.218598 0.00279625
0.00496684 -0.0133232 0.188688 0.273261
0.0104702 -0.0133806 0.220928 0.00478835
0.00728931 -0.012395 0.197964 0.333005
-0.00640958 -0.0104847 0.135638 0.737979
0.00426376 -0.0143662 0.196471 0.00247128
-0.111437 0.00153013 0.314368 0.123106
-0.115218 0.00200397 0.330308 0.129502
0.00156674 -0.0170123 0.211905 0.00158116
-0.00612675 -0.0144066 0.195562 0.404724
0.00104847 -0.0132886 0.179384 0.411858
-0.144878 0.00540528 0.414704 0.126562
-0.00989009 -0.0107341 0.123236 0.826484
-0.00875586 -0.0118383 0.123081 0.750958
0.00295978 -0.0160037 0.207432 0.00213546
0.00287059 -0.0153764 0.200962 0.00209417
0.00832542 -0.015562 0.235096 0.00465146
-0.00831739 -0.0102332 0.161886 0.819236
-0.00458977 -0.00939782 0.166037 0.858041
0.0017798 -0.0113497 0.186383 0.47699
-0.00309534 -0.0138743 0.173261 0.343757
0.00287059 -0.0153764 0.200962 0.00209417
-0.00550012 -0.0138806 0.1556 0.541297
0.00030135 -0.0160299 0.194241 0.000456812
-0.00550012 -0.0138806 0.1556 0.541297
-0.00666692 -0.0140608 0.15891 0.43997
0.00728228 -0.0203004 0.301131 -0.802179
-0.159004 0.0086079 0.406971 0.164449
-0.00989009 -0.0107341 0.123236 0.826484
-0.00575322 -0.0125258 0.152625 0.704969
-0.0109674 -0.0118797 0.150827 0.765239
0.00371105 -0.014838 0.19782 0.00227278
-0.00381307 -0.011101 0.165239 0.702653
0.0094158 -0.0148134 0.216976 0.302938
0.000759342 -0.00998012 0.186032 0.618137
-0.152775 0.0113461 0.437566 0.165622
0.0207881 -0.0114899 0.260059 0.00868952
0.0201279 -0.0168508 0.35545 -0.731809
0.0231336 -0.0190764 0.348961 -0.820524
0.0108328 -0.0113311 0.197661 0.435883
-0.00267734 -0.0178079 0.195389 0.0013988
-0.015926 -0.0141274 0.129889 0.748201
0.00143128 -0.0141472 0.175518 0.00105791
0.0222088 -0.0247081 0.410873 -2.39284
0.00946532 -0.0159099 0.246277 0.00536203
-0.00670558 -0.0116269 0.15762 0.73101
-0.115499 0.00244939 0.387933 0.100606
0.00816128 -0.0175502 0.25727 0.0052174
