-0.190953 -0.000598022 0.000966655 2.99729
-8.9564 0.919849 33.6227 -2.60449
0.548108 -0.148447 -0.249707 -1.42594
-0.107445 -0.00661015 -0.564526 -5.68527
-0.107445 -0.00661015 -0.564526 -5.68527
0.0858222 -0.0080595 0.520418 -1.16746
0.198932 -0.0236776 -0.00232574 2.04756
3.81044 -0.334809 -25.1723 -6.63373
18.7867 -1.18717 -199.308 -10.3025
-3.4044 0.243916 26.2682 -6.81905
0.0571331 -0.111395 2.26868 -3.5169
-0.107445 -0.00661015 -0.564526 -5.68527
-0.107445 -0.00661015 -0.564526 -5.68527
0.202464 -0.0399535 0.00845951 1.92361
-0.224291 0.00525267 0.0172253 1.9621
0.310366 -0.0691225 0.302337 -1.89849
0.440351 -0.148664 0.563132 -3.62501
-0.594415 0.155646 -0.0299451 2.05782
0.658405 -0.184586 0.115283 3.3866
-0.107445 -0.00661015 -0.564526 -5.68527
10.9493 -0.964931 -64.0627 -5.18051
0.0911327 -0.0111346 0.624572 -2.31475
0.351636 -0.0539188 -0.159886 -0.43186
0.0603115 -0.00420534 0.375214 -0.427609
0.280245 -0.0400933 0.0671224 -0.36994
0.723855 -0.190728 -0.0744943 1.47451
19.301 -1.16212 -221.543 -11.2071
-0.107445 -0.00661015 -0.564526 -5.68527
0.729117 -0.181172 -0.498425 -2.81611
0.0679074 -0.0136202 0.546257 -0.620557
-0.000327312 -0.11415 2.90016 -3.66644
0.0719211 -0.0096751 0.508009 -0.686324
0.700994 -0.169377 -0.670774 -2.4275
-10.2007 0.684734 82.3454 -7.0884
0.353532 -0.134444 0.65869 -2.92635
0.729184 -0.199448 0.122528 3.37811
3.05712 -0.314188 -14.2086 -4.25266
0.224053 -0.0276326 0.0055507 -0.198429
0.0591711 -0.0159771 0.496689 -1.99868
0.0546294 -0.00753021 0.380753 -0.481831
0.240249 -0.0254531 -0.00951329 2.97334
-0.217787 0.00417668 0.0135291 1.96794
0.266163 -0.0319386 -0.00998313 2.97253
-0.588514 0.155238 -0.123483 3.45249
-13.6191 1.07459 86.5865 -5.39663
0.0815822 -0.014133 0.569684 -1.39719
0.929838 -0.207743 -1.00816 -2.41271
0.0740805 -0.00850691 0.48344 -0.732776
0.347624 -0.0991121 -0.0656984 3.54393
-10.2062 0.667629 86.5222 -7.53391
-0.217042 0.00405612 0.0128333 1.96739
-10.8658 1.06935 45.9497 -3.1661
0.0558975 -0.00541041 0.395182 -0.800844
0.048773 -0.00206887 0.30899 0.0149999
0.0594397 -0.0158467 0.483269 -1.72305
0.043206 -0.00451825 0.3091 0.272567
0.225736 -0.0229779 -0.00503459 2.98561
-10.4762 0.68404 88.1806 -7.43079
16.2355 -1.05909 -165.654 -9.90625
-0.242456 0.00839296 0.02725 1.93881
0.059751 -0.00789026 0.423744 -0.47957
0.0560456 -0.00789668 0.411463 -0.289993
-9.69986 1.00091 36.5452 -2.62704
0.0581305 -0.00530974 0.399028 -0.395257
0.428136 -0.145783 0.532748 -3.3857
0.353532 -0.134444 0.65869 -2.92635
0.267977 -0.0387149 -0.000767234 1.98104
0.360894 -0.101827 -0.0646664 3.55883
0.0560663 -0.00460108 0.364271 -0.488096
0.0922799 -0.0150832 0.740469 -3.94243
0.189434 -0.0228239 -0.0190991 2.9392
0.0550011 -0.00609238 0.359874 -0.423784
-0.579424 0.148196 0.00259044 1.9947
-0.228345 0.0059292 0.0195711 1.9558
0.382472 -0.0466734 -0.207315 -0.379957
-0.107445 -0.00661015 -0.564526 -5.68527
0.048773 -0.00206887 0.30899 0.0149999
0.082575 -0.014789 0.611298 -2.18246
-0.0247341 -0.0998918 2.24995 -2.73314
0.056714 -0.00820974 0.414361 -0.387761
0.0562831 -0.00068586 0.335369 0.0178704
-11.5878 0.761939 97.0168 -7.39962
0.309308 -0.0429761 -0.0683834 -0.387102
-9.87314 1.01969 36.8205 -2.5667
0.0624969 -0.00712712 0.434632 -0.339211
0.0659233 -0.00447787 0.418057 -0.355223
0.274026 -0.041707 0.00332246 -0.323632
0.329481 -0.0425059 -0.0899136 -0.388874
13.3893 -1.01792 -105.278 -7.43807
-0.596633 0.153961 0.000115118 1.99977
-11.5965 0.76503 97.0351 -7.41144
0.0837001 -0.109176 1.87326 -3.13628
-12.0263 0.814964 95.7608 -6.97016
0.0725246 -0.0113329 0.495898 -0.696816
-8.94277 0.959877 30.8247 -2.26221
0.078138 -0.0121239 0.535264 -0.965384
0.0852751 -0.0142758 0.675455 -3.50148
-0.562362 0.141086 0.000139279 1.99971
-0.0915903 0.000310445 0.000122871 1.99958
-12.0409 0.786358 102.744 -7.58891
0.0506291 -0.00611926 0.377458 -0.428729
0.0706372 -0.00949164 0.480209 -1.24988
0.0420952 -0.00879017 0.344941 -0.89221
0.0589471 -0.00965054 0.41482 -0.859961
-0.229354 0.0062621 0.0188636 1.9546
13.2968 -0.966811 -112.9 -8.08225
0.439808 -0.142672 0.32744 -3.4197
-0.232844 0.00675777 0.0216365 1.94448
-0.876952 0.0714134 5.30553 -3.57303
0.0827196 -0.0150707 0.634971 -2.52185
-0.242456 0.00839296 0.02725 1.93881
0.0533214 -0.00399827 0.358498 0.0200875
13.4925 -0.880665 -140.418 -10.1597
-10.3557 1.02486 42.5998 -3.01604
0.487159 -0.146088 0.0840445 -4.03665
-0.229354 0.0062621 0.0188636 1.9546
0.0790685 -0.0150967 0.594243 -2.14739
0.0509558 9.40391e-05 0.295133 0.0136988
0.0604559 -0.0145537 0.458712 -1.6787
0.0776215 -0.0180182 0.607415 -2.04377
0.59815 -0.172947 0.115856 3.42539
14.5583 -0.953187 -149.575 -10.0005
0.311603 -0.0370146 -0.193644 -0.273899
-7.33766 0.628576 45.101 -5.64461
0.0509969 -0.00272431 0.330663 0.0172697
0.0646052 -0.012476 0.492623 -0.945732
-9.37567 0.973966 34.6629 -2.54382
0.0560663 -0.00460108 0.364271 -0.488096
-10.986 0.744098 87.8447 -7.02636
0.582443 -0.169451 0.113217 3.42367
10.4258 -0.769847 -89.689 -8.28344
12.52 -0.931806 -102.466 -7.74773
0.70545 -0.0991539 -1.22567 -1.85464
0.0609858 -0.00698212 0.404245 -0.929584
0.0308616 -0.00335705 0.226367 0.303494
0.0650356 -0.00904217 0.451346 -1.10467
0.662395 -0.169263 -0.395388 -2.31985
0.516197 -0.152026 0.0741248 -4.07644
0.479756 -0.15151 0.373031 -4.14534
-8.82285 0.943559 30.263 -2.22465
0.0504551 -0.0047366 0.353965 0.0196313
0.0460551 -0.00470666 0.324155 0.0162606
10.4244 -0.723327 -84.4969 -7.17638
0.0512998 -0.00139057 0.315402 0.0156246
-9.79501 1.01744 35.9645 -2.4944
-11.2496 0.724937 97.1799 -7.68082
-8.82285 0.943559 30.263 -2.22465
0.479756 -0.15151 0.373031 -4.14534
0.041189 0.00194223 0.231786 0.423245
0.0643436 -0.00656896 0.416345 -0.956905
0.038129 -0.00525556 0.284624 0.0124796
0.0796176 -0.0118233 0.570736 -2.35809
0.0600614 -0.10605 1.83687 -2.7294
-0.23428 0.00713375 0.0217886 1.94705
-1.553 -0.000135737 14.9844 -6.30153
-0.218263 0.00433106 0.0133276 1.96561
0.0663608 -0.00977361 0.482749 -1.01185
0.0616895 -0.00677487 0.401176 -0.521168
0.351917 -0.100188 -0.0632206 3.56151
0.082575 -0.014789 0.611298 -2.18246
-9.97259 1.0381 36.724 -2.51626
-0.569053 0.144027 0.000145821 1.9997
-0.180526 -0.0036133 0.00576052 2.98277
-4.32379 0.366416 35.3413 -8.45306
0.0616895 -0.00677487 0.401176 -0.521168
0.0547341 -0.00204786 0.338331 -0.38459
0.0389018 -0.00564359 0.297358 0.0137157
0.0806337 -0.0178352 0.64233 -2.34975
0.675851 -0.188511 0.125634 3.395
-0.217787 0.00417668 0.0135291 1.96794
-13.4155 0.942121 104.85 -6.90436
-0.0915903 0.000310445 0.000122871 1.99958
0.24158 -0.027951 -0.0142789 -0.224512
0.045368 -0.00327941 0.305719 0.0146995
-9.41753 0.984056 34.6275 -2.53031
0.0880974 -0.0147961 0.652779 -2.91106
17.0203 -1.10566 -173.802 -9.8929
0.384433 -0.136681 0.517729 -3.09902
-0.233611 0.00696748 0.0214544 1.94404
-0.23428 0.00713375 0.0217886 1.94705
0.0548396 -0.00499004 0.368527 -1.06059
0.0544608 -0.00387057 0.331891 -0.518112
0.0666636 -0.0192044 0.578183 -2.23768
0.0416145 -0.00300243 0.282121 0.0126356
0.600295 -0.172614 0.113592 3.40616
-9.37567 0.973966 34.6629 -2.54382
12.9969 -0.927492 -114.998 -8.47073
0.645568 -0.182052 0.115356 3.39478
0.049007 -0.00292902 0.322969 0.0164887
0.0448339 -0.00375473 0.307038 0.0147156
0.384433 -0.136681 0.517729 -3.09902
0.070394 -0.00873833 0.437951 -1.17093
-8.79586 0.73674 56.8178 -5.95392
-0.189647 -0.000974099 0.00148088 2.99519
-7.63369 0.666302 45.5958 -5.4487
-0.190953 -0.000598022 0.000966655 2.99729
0.26263 -0.0413306 0.0263765 -0.30142
0.0726608 -0.00850818 0.466869 -1.43112
0.0347241 -0.00646618 0.28136 0.0120494
0.0677304 -0.0120434 0.48224 -1.58465
0.00701748 -0.0915251 1.64409 -2.39358
-10.6482 1.04002 45.3783 -3.19547
-10.6482 1.04002 45.3783 -3.19547
-0.188144 -0.00137927 0.00283348 2.98771
0.0563796 -0.00284252 0.363544 0.0207555
0.0432798 0.000689942 0.274651 0.303103
0.641967 -0.18227 0.121146 3.41972
0.0582036 -0.00166983 0.349053 -0.411294
0.670182 -0.188284 0.123971 3.41543
-9.51496 0.977624 36.167 -2.66945
-10.6764 1.05988 43.6059 -2.97574
0.479756 -0.15151 0.373031 -4.14534
0.241399 -0.0310112 -0.00112634 -0.235117
0.086746 -0.0149068 0.672957 -2.90417
0.029714 -0.00123369 0.196435 0.401105
0.0618659 -0.00953694 0.44116 -1.09583
0.435123 -0.141031 0.318726 -3.94003
-0.293447 0.0740651 0.0621589 3.47833
-0.229354 0.0062621 0.0188636 1.9546
9.52843 -0.658648 -78.0142 -7.24462
0.0459438 -0.0001557 0.267519 0.327809
0.0510717 -0.00605864 0.378249 -0.349955
13.1953 -0.882901 -132.237 -9.77152
0.0568061 -0.00457377 0.364417 -0.402318
22.9854 -1.27668 -297.094 -12.7052
0.532345 -0.162997 0.409525 -4.62256
0.479756 -0.15151 0.373031 -4.14534
13.8481 -0.901912 -144.785 -10.2356
0.272047 -0.036116 -0.0422362 -0.0867072
0.120535 0.00456309 -0.0619286 2.81076
0.0702588 -0.0186186 0.576256 -1.98219
0.052635 -0.012271 0.453037 -0.422053
11.743 -0.816738 -112.983 -9.40165
0.748375 -0.202758 0.118892 3.35669
0.0571331 -0.111395 2.26868 -3.5169
-0.190361 -0.000725719 0.00110351 2.99649
0.0541577 -0.00938238 0.437282 -0.429182
0.0654746 -0.00378193 0.404234 -1.00717
-10.203 1.03448 40.1883 -2.82958
0.0840898 -0.0118113 0.594235 -2.27149
-0.923952 0.136274 0.514922 1.37432
0.719992 -0.195571 -0.000133395 1.99974
-10.4718 1.06528 40.7013 -2.75373
18.8283 -1.08095 -237.541 -12.4835
-9.78113 0.670859 78.1501 -6.93812
0.462564 -0.0583256 -0.189491 -0.708973
-4.06913 0.215334 32.3738 -6.29775
0.327784 -0.0341739 -0.0148378 2.88663
-10.6033 1.09437 40.5569 -2.70244
0.477295 -0.143654 0.0714976 -4.33631
-0.546042 0.14554 -0.0446379 2.19683
-0.0381007 -0.000212833 -0.0620378 2.49512
0.0694257 -0.00776497 0.478944 -0.369245
13.474 -1.07286 -95.3184 -6.50221
0.66536 -0.185303 0.111423 3.36846
-4.0283 0.259411 35.0091 -7.32144
