0.378762 -0.124722 0.128566 -2.97959
0.0379558 -0.050259 4.88657e-05 2.99966
-4.17343 0.285093 23.7946 -4.33462
-0.107445 -0.00661015 -0.564526 -5.68527
-0.107445 -0.00661015 -0.564526 -5.68527
0.305115 -0.0477571 -0.00625419 1.96352
2.8721 -0.333778 -12.5386 -3.81715
0.735618 -0.137113 -1.50816 -2.13942
0.610129 -0.173799 0.106781 3.37892
0.0411111 -0.0520215 -6.52591e-05 4.00027
-1.04104 -0.0157507 9.08461 -5.14558
-0.107445 -0.00661015 -0.564526 -5.68527
-0.107445 -0.00661015 -0.564526 -5.68527
-6.69897 0.429504 59.1328 -8.02272
-0.0227529 -0.029363 -0.0424163 3.19378
0.20431 -0.0300632 0.00650318 2.05239
-9.54615 0.624825 78.6441 -7.2657
-5.862 0.525557 32.7345 -5.07212
-0.454356 0.108786 -0.0278309 2.4412
-0.223912 0.00522663 0.0166713 1.9602
-10.5669 0.67339 87.3796 -7.2003
11.4893 -0.830741 -101.534 -8.51078
5.65392 -0.489657 -40.2045 -6.87869
0.0250086 -0.00638762 0.262752 0.351441
-0.222548 0.00509736 0.0159505 1.9551
0.205487 -0.0325539 -0.00947912 2.96849
0.522832 -0.155107 0.0964006 3.3847
7.95792 -0.547307 -66.7187 -7.41595
-0.689914 0.0627456 0.921663 0.0868545
-0.232844 0.00675777 0.0216365 1.94448
-8.85367 0.910864 33.1199 -2.59294
12.3657 -0.870291 -113.318 -8.82921
0.217261 -0.0343863 -0.015002 2.95114
-0.509323 0.123576 -0.0994952 3.44037
0.176615 -0.026465 -0.0121872 2.95795
-0.223912 0.00522663 0.0166713 1.9602
-10.0738 0.775408 64.8145 -5.46443
0.0779845 -0.0235203 0.952145 -7.0242
0.112811 -0.0205511 -0.014468 2.94074
0.303667 -0.112046 0.182946 -1.08094
0.582263 -0.167951 0.104354 3.3842
-0.107445 -0.00661015 -0.564526 -5.68527
10.8124 -0.688939 -101.117 -8.46657
0.115726 -0.0112211 -0.0469657 2.82913
-0.180526 -0.0036133 0.00576052 2.98277
0.584847 -0.16739 0.097437 3.35329
10.7918 -0.743194 -106.314 -9.65839
-9.27708 0.601 77.3242 -7.32441
-9.24815 0.611589 75.1301 -7.15711
-0.111807 0.000659457 4.42779e-05 1.99981
0.253577 -0.107362 0.39832 -2.08511
-0.0306649 -0.0928635 2.07347 -2.81794
-9.45555 0.632589 76.2695 -7.10528
-9.89301 0.652009 81.028 -7.22371
-8.74483 0.570438 72.4345 -7.34619
0.487271 -0.148265 0.0970075 3.41166
0.584847 -0.16739 0.097437 3.35329
0.197272 -0.0276337 -0.0143365 2.95339
-0.107445 -0.00661015 -0.564526 -5.68527
-0.222548 0.00509736 0.0159505 1.9551
-0.221726 0.00491862 0.0156964 1.95663
-0.751096 -0.0358125 7.2316 -5.24788
-0.223912 0.00522663 0.0166713 1.9602
9.28891 -0.633233 -78.1964 -7.47761
-0.22489 0.00545979 0.0169694 1.95148
0.514843 -0.153947 0.0993785 3.40324
0.507346 -0.141191 -0.208375 -1.37768
0.219594 -0.0301972 -0.00495654 2.98458
-10.2851 0.691522 81.9876 -6.99024
0.419735 -0.131969 0.075458 -3.17526
-0.478054 0.108495 0.000659721 1.99837
0.545756 -0.15936 0.0953666 3.36564
0.650812 -0.180935 0.101389 3.33666
9.28891 -0.633233 -78.1964 -7.47761
0.542775 -0.159879 0.10203 3.39834
0.52574 -0.144524 -0.22678 -1.44615
-0.23428 0.00713375 0.0217886 1.94705
-7.85637 0.795688 30.161 -2.72145
-0.107445 -0.00661015 -0.564526 -5.68527
-0.232844 0.00675777 0.0216365 1.94448
-0.221726 0.00491862 0.0156964 1.95663
0.191936 -0.0303384 -0.00465372 2.98417
-0.225864 0.00563457 0.0172231 1.95358
-0.217042 0.00405612 0.0128333 1.96739
-9.34652 0.950877 35.9479 -2.71091
12.8557 -0.878142 -123.911 -9.33943
-0.117239 0.00078694 0.000285208 1.9989
7.10578 -0.595992 -50.991 -6.85003
-0.233611 0.00696748 0.0214544 1.94404
-0.221726 0.00491862 0.0156964 1.95663
-7.4409 0.640413 45.4572 -5.60245
-0.23428 0.00713375 0.0217886 1.94705
-0.107445 -0.00661015 -0.564526 -5.68527
-0.477044 0.113345 -0.0963117 3.4297
9.28891 -0.633233 -78.1964 -7.47761
9.90188 -0.709033 -91.5772 -9.01173
-5.12166 0.61286 13.0189 -1.22853
-0.221726 0.00491862 0.0156964 1.95663
8.45337 -0.623559 -74.7951 -8.56495
-0.232844 0.00675777 0.0216365 1.94448
-8.48638 0.850164 33.6258 -2.86231
-8.7964 0.560707 76.324 -7.74394
5.34004 -0.486574 -34.1217 -6.04874
0.0319931 -0.0124187 0.343043 -0.950575
-0.102411 9.37187e-05 0.000227814 1.99907
-0.107445 -0.00661015 -0.564526 -5.68527
0.545756 -0.15936 0.0953666 3.36564
-0.22489 0.00545979 0.0169694 1.95148
6.95195 -0.780809 -23.1463 -2.14547
0.508411 -0.151146 0.0946276 3.36436
-1.04104 -0.0157507 9.08461 -5.14558
5.64419 -0.684498 -15.7376 -1.52174
7.00287 -0.591152 -49.0738 -6.61629
8.42038 -0.571739 -71.769 -7.56651
-8.28741 0.54591 66.9017 -7.10753
-0.191529 -0.000405275 0.000919789 2.99714
7.09584 -0.616156 -46.6356 -6.13249
-9.01783 0.597954 72.8931 -7.11241
8.37069 -0.653098 -65.1301 -7.31646
5.12881 -0.460015 -34.5409 -6.4564
0.514843 -0.153947 0.0993785 3.40324
0.293744 -0.116308 0.437116 -2.46458
-0.107445 -0.00661015 -0.564526 -5.68527
0.161797 -0.022925 -0.0189856 2.93363
-0.107445 -0.00661015 -0.564526 -5.68527
-0.222617 0.0050277 0.0161284 1.9527
-0.225864 0.00563457 0.0172231 1.95358
5.91582 -0.509917 -42.1001 -6.87606
-0.222548 0.00509736 0.0159505 1.9551
-7.51107 0.789677 26.4271 -2.34496
0.212837 -0.0396217 0.00470107 3.0164
0.431875 -0.134872 0.107609 -4.69628
0.278412 -0.0857004 -0.0643586 3.49928
7.95401 -0.652953 -58.1069 -6.94367
0.140645 -0.0238376 -0.00780515 2.97025
9.7527 -0.712503 -86.0114 -8.49947
0.415373 -0.13747 0.336996 -3.74034
9.28891 -0.633233 -78.1964 -7.47761
-0.909937 -0.0281476 8.4889 -5.27834
-9.53697 0.616055 80.6734 -7.5062
-0.222548 0.00509736 0.0159505 1.9551
-0.107445 -0.00661015 -0.564526 -5.68527
-5.01514 0.475235 24.9916 -4.43785
-8.19482 0.833691 31.3399 -2.70315
-10.6482 1.04002 45.3783 -3.19547
-7.60971 0.806873 26.3075 -2.27091
-0.477044 0.113345 -0.0963117 3.4297
-0.0992925 0.000413293 0.000319991 1.99875
0.510683 -0.150793 -0.00041457 1.99557
0.323265 -0.122458 0.443226 -2.62741
0.133724 -0.0205959 -0.014509 2.94526
10.5427 -0.752593 -94.5545 -8.59078
0.396452 -0.126241 -0.00086735 1.99743
0.196386 -0.0705907 -0.0600449 3.43927
-0.233611 0.00696748 0.0214544 1.94404
0.534996 -0.157439 0.0961385 3.37574
-0.107445 -0.00661015 -0.564526 -5.68527
0.574539 -0.164272 0.09023 3.32826
-0.107445 -0.00661015 -0.564526 -5.68527
0.157875 -0.0186149 -0.0265956 2.90986
7.40724 -0.628799 -50.9407 -6.4596
-0.222548 0.00509736 0.0159505 1.9551
-9.95463 0.630947 85.9574 -7.68311
-9.48044 0.603165 81.588 -7.62561
-0.100833 -0.00010785 8.50775e-05 1.99969
0.305292 -0.118891 0.44141 -2.46272
-8.19218 0.556699 63.7249 -6.82073
4.73181 -0.409344 -36.8852 -7.81964
-0.221726 0.00491862 0.0156964 1.95663
0.478784 -0.143869 -0.00123509 1.99678
0.0629772 -0.0956381 1.39695 -2.46637
-0.123845 0.0137074 0.501623 0.117686
-0.225864 0.00563457 0.0172231 1.95358
-0.107445 -0.00661015 -0.564526 -5.68527
-0.92377 -0.0225663 8.26567 -5.16432
0.507041 -0.153016 0.102582 3.42452
-0.22489 0.00545979 0.0169694 1.95148
-7.92806 0.803811 30.3313 -2.70277
-7.43411 0.766614 27.2261 -2.515
-0.107445 -0.00661015 -0.564526 -5.68527
8.62395 -0.663598 -70.4472 -7.84267
0.471593 -0.134656 -0.174371 -1.21279
-8.90255 0.601224 69.9987 -6.91587
0.342062 -0.095097 -4.58104e-05 2.99982
-0.038684 -0.0840212 1.71798 -2.40602
0.110761 -0.00966036 -0.0217096 2.921
8.42038 -0.571739 -71.769 -7.56651
6.09419 -0.578087 -33.714 -4.96591
0.34733 -0.117182 0.0960615 -3.10631
-0.107445 -0.00661015 -0.564526 -5.68527
8.91491 -0.610967 -74.5889 -7.42021
-1.04104 -0.0157507 9.08461 -5.14558
-0.221726 0.00491862 0.0156964 1.95663
-9.73236 0.666226 74.7221 -6.69511
-0.222617 0.0050277 0.0161284 1.9527
-8.47185 0.539705 74.6712 -7.91332
-4.34587 0.201067 38.9727 -7.45966
-0.221726 0.00491862 0.0156964 1.95663
5.19551 -0.478001 -32.5447 -5.89966
0.281981 -0.113483 0.417121 -2.32715
-9.37465 0.612768 77.8921 -7.35927
0.47916 -0.145708 0.0910336 3.38671
-8.48638 0.850164 33.6258 -2.86231
-0.222617 0.0050277 0.0161284 1.9527
-7.4409 0.640413 45.4572 -5.60245
-0.274251 0.0564446 0.0458136 3.50961
-0.0609581 -0.0894834 2.40688 -3.61327
-8.41404 0.86862 31.2436 -2.57154
0.211197 -0.0368117 -0.00536557 2.98177
0.510966 -0.15277 0.096507 3.39271
-7.92806 0.803811 30.3313 -2.70277
-10.5223 0.684323 91.2067 -7.75283
-0.529973 0.12706 0.00267901 1.99299
0.558595 -0.163378 0.104849 3.39996
0.423533 -0.134067 0.0860259 3.40095
0.0308419 -0.0136067 0.362871 -0.851563
-0.221726 0.00491862 0.0156964 1.95663
-0.0781617 0.00219728 -0.0600418 2.24281
-0.107445 -0.00661015 -0.564526 -5.68527
-0.225864 0.00563457 0.0172231 1.95358
-0.107445 -0.00661015 -0.564526 -5.68527
-0.11197 0.000150498 3.83917e-05 1.99985
-0.221263 0.00478346 0.015748 1.95178
-0.107445 -0.00661015 -0.564526 -5.68527
0.219409 -0.0352354 -0.00033166 1.99185
0.558033 -0.161887 0.0955699 3.36004
-0.225864 0.00563457 0.0172231 1.95358
0.384433 -0.136681 0.517729 -3.09902
6.13619 -0.561866 -36.9603 -5.57369
0.346925 -0.127953 0.468498 -2.76577
-0.475541 -0.0446393 4.24483 -3.89973
6.23827 -0.564486 -38.5995 -5.73564
-0.107445 -0.00661015 -0.564526 -5.68527
-0.510514 0.120011 4.4738e-05 1.99989
-0.221726 0.00491862 0.0156964 1.95663
0.211412 -0.0335036 -0.0120547 2.96034
-0.217042 0.00405612 0.0128333 1.96739
-0.0911235 -0.0759659 1.83491 -2.4568
0.151923 -0.0176905 -0.0242737 2.9169
-0.222548 0.00509736 0.0159505 1.9551
-1.51871 0.261416 1.00703 1.12682
0.617095 -0.174633 0.103231 3.36081
7.95792 -0.547307 -66.7187 -7.41595
-0.221263 0.00478346 0.015748 1.95178
-0.0655805 0.0402299 -0.0078349 2.12547
0.376524 -0.11566 0.0176706 3.07939
0.154008 -0.0739254 0.0404109 2.78449
-0.62108 0.138018 0.014987 1.96929
-0.221661 0.00490437 0.0155836 1.93747
-0.263291 -0.064708 3.08621 -3.40697
8.91491 -0.610967 -74.5889 -7.42021
-9.18231 0.608636 76.393 -7.4244
0.574539 -0.164272 0.09023 3.32826
-0.107445 -0.00661015 -0.564526 -5.68527
-0.221726 0.00491862 0.0156964 1.95663
-0.107445 -0.00661015 -0.564526 -5.68527
