-0.107445 -0.00661015 -0.564526 -5.68527
-0.107445 -0.00661015 -0.564526 -5.68527
0.133829 -0.0700273 -9.04687e-05 1.99952
-0.107445 -0.00661015 -0.564526 -5.68527
-0.107445 -0.00661015 -0.564526 -5.68527
-0.107445 -0.00661015 -0.564526 -5.68527
-0.107445 -0.00661015 -0.564526 -5.68527
-0.107445 -0.00661015 -0.564526 -5.68527
-0.107445 -0.00661015 -0.564526 -5.68527
-0.107445 -0.00661015 -0.564526 -5.68527
-0.107445 -0.00661015 -0.564526 -5.68527
-0.107445 -0.00661015 -0.564526 -5.68527
-0.107445 -0.00661015 -0.564526 -5.68527
-0.107445 -0.00661015 -0.564526 -5.68527
-0.107445 -0.00661015 -0.564526 -5.68527
-0.107445 -0.00661015 -0.564526 -5.68527
-0.107445 -0.00661015 -0.564526 -5.68527
-0.107445 -0.00661015 -0.564526 -5.68527
-0.107445 -0.00661015 -0.564526 -5.68527
-0.107445 -0.00661015 -0.564526 -5.68527
-0.107445 -0.00661015 -0.564526 -5.68527
-0.107445 -0.00661015 -0.564526 -5.68527
-0.107445 -0.00661015 -0.564526 -5.68527
-0.107445 -0.00661015 -0.564526 -5.68527
-0.107445 -0.00661015 -0.564526 -5.68527
-0.107445 -0.00661015 -0.564526 -5.68527
-5.65564 0.522174 29.9204 -4.75592
-0.107445 -0.00661015 -0.564526 -5.68527
-0.107445 -0.00661015 -0.564526 -5.68527
-0.107445 -0.00661015 -0.564526 -5.68527
-0.107445 -0.00661015 -0.564526 -5.68527
-0.107445 -0.00661015 -0.564526 -5.68527
-0.107445 -0.00661015 -0.564526 -5.68527
-0.107445 -0.00661015 -0.564526 -5.68527
-0.107445 -0.00661015 -0.564526 -5.68527
-7.4409 0.640413 45.4572 -5.60245
-0.107445 -0.00661015 -0.564526 -5.68527
-0.107445 -0.00661015 -0.564526 -5.68527
-0.107445 -0.00661015 -0.564526 -5.68527
-0.107445 -0.00661015 -0.564526 -5.68527
-0.107445 -0.00661015 -0.564526 -5.68527
-0.107445 -0.00661015 -0.564526 -5.68527
9.23218 -0.636782 -76.1644 -7.30678
2.53901 -0.200463 -19.0339 -6.12131
-0.107445 -0.00661015 -0.564526 -5.68527
-0.107445 -0.00661015 -0.564526 -5.68527
-0.107445 -0.00661015 -0.564526 -5.68527
-0.180526 -0.0036133 0.00576052 2.98277
-0.107445 -0.00661015 -0.564526 -5.68527
-0.107445 -0.00661015 -0.564526 -5.68527
0.445272 -0.136787 -0.000104388 1.99971
-0.107445 -0.00661015 -0.564526 -5.68527
-0.107445 -0.00661015 -0.564526 -5.68527
-0.107445 -0.00661015 -0.564526 -5.68527
-0.107445 -0.00661015 -0.564526 -5.68527
-0.107445 -0.00661015 -0.564526 -5.68527
-0.107445 -0.00661015 -0.564526 -5.68527
-0.107445 -0.00661015 -0.564526 -5.68527
-0.107445 -0.00661015 -0.564526 -5.68527
0.510361 -0.15081 -4.80058e-05 1.99988
-0.107445 -0.00661015 -0.564526 -5.68527
-0.107445 -0.00661015 -0.564526 -5.68527
-0.107445 -0.00661015 -0.564526 -5.68527
-0.107445 -0.00661015 -0.564526 -5.68527
-0.107445 -0.00661015 -0.564526 -5.68527
-0.107445 -0.00661015 -0.564526 -5.68527
-0.107445 -0.00661015 -0.564526 -5.68527
-0.107445 -0.00661015 -0.564526 -5.68527
-0.107445 -0.00661015 -0.564526 -5.68527
-0.107445 -0.00661015 -0.564526 -5.68527
-0.107445 -0.00661015 -0.564526 -5.68527
-0.107445 -0.00661015 -0.564526 -5.68527
-0.107445 -0.00661015 -0.564526 -5.68527
-0.107445 -0.00661015 -0.564526 -5.68527
-0.588559 0.158168 3.33554e-05 2.99991
-0.107445 -0.00661015 -0.564526 -5.68527
-0.218263 0.00433106 0.0133276 1.96561
-0.107445 -0.00661015 -0.564526 -5.68527
-0.107445 -0.00661015 -0.564526 -5.68527
-0.107445 -0.00661015 -0.564526 -5.68527
-0.107445 -0.00661015 -0.564526 -5.68527
0.460353 -0.14001 -0.000328906 1.99912
-0.107445 -0.00661015 -0.564526 -5.68527
-0.107445 -0.00661015 -0.564526 -5.68527
-0.232844 0.00675777 0.0216365 1.94448
-0.229354 0.0062621 0.0188636 1.9546
-0.107445 -0.00661015 -0.564526 -5.68527
-0.107445 -0.00661015 -0.564526 -5.68527
-0.107445 -0.00661015 -0.564526 -5.68527
-0.107445 -0.00661015 -0.564526 -5.68527
-0.107445 -0.00661015 -0.564526 -5.68527
-0.107445 -0.00661015 -0.564526 -5.68527
-0.107445 -0.00661015 -0.564526 -5.68527
-0.107445 -0.00661015 -0.564526 -5.68527
-0.107445 -0.00661015 -0.564526 -5.68527
-0.107445 -0.00661015 -0.564526 -5.68527
-0.107445 -0.00661015 -0.564526 -5.68527
9.23218 -0.636782 -76.1644 -7.30678
-0.107445 -0.00661015 -0.564526 -5.68527
9.56402 -0.655644 -79.4079 -7.36263
11.0252 -0.730989 -96.5591 -7.85807
-0.107445 -0.00661015 -0.564526 -5.68527
-0.107445 -0.00661015 -0.564526 -5.68527
-0.107445 -0.00661015 -0.564526 -5.68527
-0.107445 -0.00661015 -0.564526 -5.68527
-0.107445 -0.00661015 -0.564526 -5.68527
-0.107445 -0.00661015 -0.564526 -5.68527
-0.228396 0.00600268 0.0193731 1.93304
-0.107445 -0.00661015 -0.564526 -5.68527
-0.107445 -0.00661015 -0.564526 -5.68527
-0.107445 -0.00661015 -0.564526 -5.68527
-0.107445 -0.00661015 -0.564526 -5.68527
-0.107445 -0.00661015 -0.564526 -5.68527
-0.107445 -0.00661015 -0.564526 -5.68527
-0.107445 -0.00661015 -0.564526 -5.68527
-0.192219 -0.000253073 0.000504306 2.99847
-0.190361 -0.000725719 0.00110351 2.99649
-0.191379 -0.00052219 0.000965844 2.99671
8.67378 -0.593247 -72.805 -7.43832
-0.107445 -0.00661015 -0.564526 -5.68527
-0.107445 -0.00661015 -0.564526 -5.68527
-0.107445 -0.00661015 -0.564526 -5.68527
-0.107445 -0.00661015 -0.564526 -5.68527
8.13391 -0.840726 -32.5226 -2.89316
-0.107445 -0.00661015 -0.564526 -5.68527
-0.107445 -0.00661015 -0.564526 -5.68527
-0.107445 -0.00661015 -0.564526 -5.68527
-0.107445 -0.00661015 -0.564526 -5.68527
-0.107445 -0.00661015 -0.564526 -5.68527
0.445272 -0.136787 -0.000104388 1.99971
-0.189647 -0.000974099 0.00148088 2.99519
-0.225864 0.00563457 0.0172231 1.95358
-0.107445 -0.00661015 -0.564526 -5.68527
-1.04104 -0.0157507 9.08461 -5.14558
-0.107445 -0.00661015 -0.564526 -5.68527
-0.107445 -0.00661015 -0.564526 -5.68527
-0.107445 -0.00661015 -0.564526 -5.68527
-0.107445 -0.00661015 -0.564526 -5.68527
-0.107445 -0.00661015 -0.564526 -5.68527
8.45141 -0.868265 -34.1579 -2.94424
-0.233611 0.00696748 0.0214544 1.94404
-0.107445 -0.00661015 -0.564526 -5.68527
-0.107445 -0.00661015 -0.564526 -5.68527
-0.107445 -0.00661015 -0.564526 -5.68527
-0.107445 -0.00661015 -0.564526 -5.68527
-0.191379 -0.00052219 0.000965844 2.99671
-0.107445 -0.00661015 -0.564526 -5.68527
-0.221726 0.00491862 0.0156964 1.95663
0.510361 -0.15081 -4.80058e-05 1.99988
-0.107445 -0.00661015 -0.564526 -5.68527
-0.223065 0.00513883 0.016386 1.95097
-0.107445 -0.00661015 -0.564526 -5.68527
-0.107445 -0.00661015 -0.564526 -5.68527
-0.107445 -0.00661015 -0.564526 -5.68527
8.21268 -0.564357 -68.7163 -7.40428
8.67378 -0.593247 -72.805 -7.43832
-0.107445 -0.00661015 -0.564526 -5.68527
-0.107445 -0.00661015 -0.564526 -5.68527
-0.107445 -0.00661015 -0.564526 -5.68527
-5.65564 0.522174 29.9204 -4.75592
8.21268 -0.564357 -68.7163 -7.40428
8.91491 -0.610967 -74.5889 -7.42021
0.371649 -0.122604 0.107975 -3.14942
14.3112 -0.973953 -118.076 -7.36283
-0.554552 0.118996 0.354369 -1.40702
-0.501728 0.11169 0.200479 -1.02515
0.445272 -0.136787 -0.000104388 1.99971
-0.190361 -0.000725719 0.00110351 2.99649
-0.222548 0.00509736 0.0159505 1.9551
-0.107445 -0.00661015 -0.564526 -5.68527
-0.107445 -0.00661015 -0.564526 -5.68527
-0.107445 -0.00661015 -0.564526 -5.68527
-0.504097 0.118026 -0.00407094 2.05232
-5.862 0.525557 32.7345 -5.07212
-0.107445 -0.00661015 -0.564526 -5.68527
-6.18168 0.556581 34.4366 -5.04726
0.371649 -0.122604 0.107975 -3.14942
0.514843 -0.153947 0.0993785 3.40324
-0.92377 -0.0225663 8.26567 -5.16432
-0.107445 -0.00661015 -0.564526 -5.68527
8.67378 -0.593247 -72.805 -7.43832
-0.0190377 -0.082991 1.57481 -2.53824
7.95792 -0.547307 -66.7187 -7.41595
0.460353 -0.14001 -0.000328906 1.99912
0.460353 -0.14001 -0.000328906 1.99912
-0.107445 -0.00661015 -0.564526 -5.68527
-0.233611 0.00696748 0.0214544 1.94404
-7.68586 0.798602 27.8436 -2.46763
-0.107445 -0.00661015 -0.564526 -5.68527
-0.222548 0.00509736 0.0159505 1.9551
-0.107445 -0.00661015 -0.564526 -5.68527
0.580571 -0.167169 0.105315 3.37532
-0.107445 -0.00661015 -0.564526 -5.68527
-0.107445 -0.00661015 -0.564526 -5.68527
-0.222617 0.0050277 0.0161284 1.9527
0.371649 -0.122604 0.107975 -3.14942
7.81127 -0.621583 -61.0145 -7.50736
-0.117208 0.0183055 0.435962 0.167247
0.522832 -0.155107 0.0964006 3.3847
-9.09365 0.882312 38.7794 -3.2089
-0.0378228 0.049311 -1.18285 -2.30498
-0.107445 -0.00661015 -0.564526 -5.68527
-0.107445 -0.00661015 -0.564526 -5.68527
0.149725 -0.0253705 -0.00154576 1.9521
-0.232844 0.00675777 0.0216365 1.94448
-0.191379 -0.00052219 0.000965844 2.99671
-0.107445 -0.00661015 -0.564526 -5.68527
-11.1646 0.75889 86.8665 -6.77842
-9.41007 0.599462 82.1158 -7.83272
0.330487 -0.0452824 -0.320547 -0.220366
-8.81975 0.867423 36.6734 -3.09663
0.0250191 0.00196176 0.162508 0.658195
0.0930074 -0.00541216 -0.0292431 2.8916
0.136826 -0.0145573 -0.00144199 1.9952
0.497985 -0.149574 0.0902754 3.37862
-8.68617 0.874905 34.0505 -2.80921
0.16285 -0.0246798 -0.000348945 1.99886
0.253719 -0.11251 0.564976 -2.14367
-7.4409 0.640413 45.4572 -5.60245
-0.11197 0.000150498 3.83917e-05 1.99985
-0.0993742 0.0376997 -0.0903273 2.56257
-0.107445 -0.00661015 -0.564526 -5.68527
-0.107445 -0.00661015 -0.564526 -5.68527
0.141528 -0.0191567 -0.00589659 1.98007
0.132528 -0.0202096 -0.00719535 1.97477
-6.58978 0.584399 37.8871 -5.23078
0.0346734 -0.0051838 0.267799 0.0110497
-0.217693 0.0316857 0.901656 -0.957606
0.051795 -0.0212862 0.458521 -1.46654
6.10132 -0.58648 -32.7449 -4.75115
7.13356 -0.486681 -60.9174 -7.54989
-8.31839 0.57569 62.3877 -6.55068
-0.46161 0.102321 -0.0879276 3.37468
0.0995468 -0.00894071 -0.00552422 2.97923
9.28891 -0.633233 -78.1964 -7.47761
-7.57632 0.488137 63.3227 -7.38582
0.147005 -0.0222755 0.00305024 2.01028
0.429859 -0.133379 -8.97343e-05 1.99975
-0.191379 -0.00052219 0.000965844 2.99671
-10.1118 0.671258 83.6531 -7.36525
-0.107445 -0.00661015 -0.564526 -5.68527
6.22186 -0.559105 -39.8053 -5.97661
-3.53717 0.117401 35.8303 -8.13719
-4.41813 0.490181 15.1725 -2.54215
1.7327 -0.20764 -6.77843 -4.21733
2.64641 -0.264681 -19.2049 -8.04029
-7.63369 0.666302 45.5958 -5.4487
0.0623386 -0.0525815 0.32427 0.479805
-10.812 0.862974 66.2707 -5.16535
2.26748 -0.175887 -17.964 -6.47742
-0.107445 -0.00661015 -0.564526 -5.68527
0.397429 -0.097169 -0.410047 -0.596867
4.33368 -0.311552 -38.0321 -7.91469
-3.95578 0.419212 14.6388 -2.9111
-0.107445 -0.00661015 -0.564526 -5.68527
0.217901 -0.0347272 -0.022569 1.93385
