-11.4747 0.756075 95.5823 -7.3569
0.277278 -0.0411075 -0.00861064 2.17102
6.3817 -0.512312 -49.2547 -7.54292
-0.107445 -0.00661015 -0.564526 -5.68527
-0.107445 -0.00661015 -0.564526 -5.68527
-12.6487 0.826611 107.47 -7.50714
2.97463 -0.352351 -11.5456 -3.15736
0.777208 -0.211744 0.140078 3.4181
23.6081 -1.37675 -280.918 -11.6232
-0.755598 0.0806721 3.77034 -2.41711
-4.47862 0.307824 35.6711 -6.6748
-0.107445 -0.00661015 -0.564526 -5.68527
-0.107445 -0.00661015 -0.564526 -5.68527
0.558478 -0.160663 0.0668523 -4.63331
0.5032 -0.120659 0.0101836 2.29213
-0.0888377 0.0531817 -0.0171348 2.0766
0.263606 -0.0336527 0.050705 -0.274969
-12.141 0.817662 98.009 -7.08801
-10.0172 0.67362 79.2789 -6.88541
0.752981 -0.202647 -0.000183719 1.99966
9.60743 -0.955249 -43.4644 -3.67381
0.299301 -0.027869 -0.03427 -0.320258
16.2134 -1.03787 -170.888 -10.2594
0.0651358 0.0042512 0.330557 0.0168883
0.0766882 -0.00340659 0.449952 -0.420234
0.0618568 -0.000385823 0.368741 0.0215825
0.109948 -0.0167837 0.788709 -2.76147
0.635774 -0.182609 0.0442166 2.09201
-0.221726 0.00491862 0.0156964 1.95663
0.340653 -0.0424163 -0.0642395 -0.453505
0.255941 -0.0296003 0.137201 -0.309875
-12.2645 0.812132 101.085 -7.2306
0.759127 -0.178784 -0.812357 -2.84461
0.0572469 -0.00499908 0.397522 -0.299785
0.0663421 -0.00478957 0.446521 -1.23493
0.631938 -0.182072 0.130785 3.46878
9.59095 -0.645451 -103.799 -10.805
0.0724438 -0.00612965 0.459309 -0.749381
0.0667861 -0.0100447 0.480183 -1.59724
0.0527954 0.0022 0.283101 0.0125668
0.415239 -0.0563889 -0.000209322 1.99723
0.0795606 -0.001793 0.437652 -0.903067
0.0688447 -0.00419852 0.429671 -0.455227
0.432107 -0.0871862 0.0481554 3.27562
-12.282 0.794464 105.813 -7.62971
0.067237 -0.00835071 0.509998 -0.654793
0.103302 -0.0159396 0.71491 -1.87648
0.282363 -0.0310491 0.0154708 -0.29919
-1.63577 0.00813233 15.0834 -6.03291
0.0484718 -0.00340374 0.324276 0.0165693
0.0255355 0.00111729 0.224334 0.640556
14.4422 -0.96601 -143.766 -9.67714
14.8102 -0.988187 -146.503 -9.58758
0.690058 -0.191509 0.124224 3.39329
0.0465904 -0.00423192 0.322849 0.0161663
16.1622 -1.02906 -172.979 -10.4576
0.0724343 -0.003829 0.439763 -0.473294
0.349602 -0.0389317 -0.124127 -0.374973
0.0798852 -0.00601974 0.492281 -1.37001
-10.9925 0.704339 95.5792 -7.71425
0.265656 -0.0270914 -0.0150251 2.96018
0.666227 -0.18703 0.121088 3.40614
0.0740259 -0.00518814 0.449193 -1.00579
-12.1071 0.821751 97.7116 -7.11484
0.0493795 0.00253842 0.257583 0.0103899
-9.37567 0.973966 34.6629 -2.54382
0.0337858 -0.00111497 0.257945 0.523167
-11.6979 0.817625 89.6741 -6.68705
19.0932 -1.18217 -208.572 -10.6166
0.101932 -0.0116396 0.74717 -3.81699
0.0491989 -0.000970097 0.301405 0.0144887
0.0982383 -0.0119269 0.729199 -3.80195
-0.000327312 -0.11415 2.90016 -3.66644
0.358669 -0.0395348 -0.108377 -0.433053
0.290252 -0.0304356 -0.00447541 2.98857
0.073236 -0.00565583 0.43251 -0.502977
-11.9092 0.791957 98.4953 -7.29114
16.1038 -1.08136 -155.518 -9.30113
0.0906541 -0.0144636 0.645952 -1.88059
0.0982383 -0.0119269 0.729199 -3.80195
-11.3315 0.747251 94.1292 -7.31501
0.0621574 -0.0115497 0.512259 -0.609983
0.0654212 -0.00876632 0.437607 -0.901038
0.356898 -0.0423715 -0.0917664 -0.446284
0.0584322 0.00274965 0.308163 0.014843
0.10173 -0.0101077 0.668706 -2.3644
15.9535 -1.0344 -165.6 -10.1131
0.100277 -0.0130463 0.683688 -2.2705
0.0961102 -0.0110432 0.630311 -1.75781
0.102386 -0.0100278 0.65289 -2.11983
18.675 -1.17181 -200.372 -10.4252
0.0793037 -0.00918344 0.520918 -0.998293
0.758026 -0.185741 -0.546614 -2.71651
23.2561 -1.30789 -296.988 -12.5766
0.290459 -0.0340257 0.0111495 -0.327729
0.0938641 -0.0132929 0.604383 -1.3377
0.29335 -0.0360074 -0.0477761 -0.331547
-11.4113 0.781136 89.8338 -6.9069
-9.49013 0.960247 37.1777 -2.80228
-12.8767 0.856881 106.729 -7.33098
0.293639 -0.0346595 -0.0706658 -0.299894
0.2719 -0.0291118 -0.0414046 -0.0586687
0.251893 -0.0367527 0.00892127 3.02672
0.266994 -0.0315947 -0.0097706 -0.274675
0.0735374 -0.00334268 0.434756 -1.1152
19.3806 -1.18208 -216.916 -10.8976
0.0573187 0.00307843 0.297304 0.0136959
-0.567738 0.144301 0.000986262 1.99787
-12.41 0.816826 104.767 -7.48661
-11.2294 0.757021 90.0426 -7.0217
0.27354 -0.0321598 0.00449642 3.0122
-12.1583 0.805148 101.073 -7.34505
-10.2062 0.667629 86.5222 -7.53391
0.0801548 -0.0121111 0.645678 -3.8832
-8.67107 0.902795 31.6692 -2.49501
-10.4718 1.06528 40.7013 -2.75373
-0.256915 0.0806045 0.000879395 1.99727
0.0895117 -0.00837906 0.576219 -2.10434
0.0601089 -0.0103896 0.449163 -0.804931
0.0501245 0.00583839 0.233352 0.455791
15.7378 -1.06936 -149.384 -9.13687
0.07523 -0.00585723 0.458135 -1.56561
-11.0618 0.750841 89.3973 -7.13291
0.236678 -0.0361737 0.095555 -0.274627
0.0560463 -0.00136499 0.343429 0.0186273
-10.8941 0.728733 88.2997 -7.11757
0.0572469 -0.00499908 0.397522 -0.299785
16.8259 -1.07871 -175.979 -10.1616
0.32999 -0.0372448 -0.163589 -0.691149
0.0510717 -0.00605864 0.378249 -0.349955
0.0593411 -0.0126394 0.469278 -1.24704
-0.12386 0.0304385 0.472182 0.233479
0.0510327 0.00268147 0.267201 0.0112445
0.334926 -0.0363794 -0.118766 -1.36681
0.0899705 -0.0178584 0.710987 -2.84907
0.261474 -0.0290393 -0.00248716 2.99323
0.240406 -0.0202972 0.0349688 -0.231336
0.0849257 -0.0117308 0.573537 -1.17316
18.7129 -1.1999 -192.631 -9.94781
0.0637231 -0.00057263 0.370918 -0.359921
17.7129 -1.03878 -217.154 -12.1102
-0.109709 0.0207618 0.535 0.270906
-11.8236 0.788362 97.4755 -7.28406
14.9084 -1.01885 -141.005 -9.1195
0.299612 -0.0386691 -0.0555356 -0.321011
0.24774 -0.0268087 -0.0114996 2.96808
-10.0623 0.672218 81.8012 -7.14411
0.390348 -0.107236 -0.0685499 3.55558
-11.1489 0.758788 89.2525 -7.03806
19.0932 -1.18217 -208.572 -10.6166
0.0735308 -0.00885251 0.482693 -1.72088
0.28522 -0.0290553 -0.107193 -0.256055
17.4206 -1.15906 -169.911 -9.40018
0.0599813 0.000787123 0.36779 -0.314049
0.223813 -0.020896 0.0270082 -0.206092
0.0586919 -0.00410803 0.391203 0.0238188
18.1877 -1.15788 -191.402 -10.223
0.694022 -0.192777 0.123578 3.40016
0.0708534 -0.0056671 0.438736 -0.994109
0.0390537 0.00112517 0.276218 0.567566
0.261371 -0.0341057 0.0276318 -0.274945
0.075335 -0.0117734 0.529867 -1.4136
-11.7277 0.761729 100.164 -7.60129
0.100764 -0.0144379 0.720959 -3.1222
0.239085 -0.0217707 -0.0167678 2.95428
0.0843959 -0.00844226 0.552131 -1.73321
10.3799 -0.835634 -74.9034 -6.74576
-0.60723 0.157844 4.45215e-05 1.99991
0.0609604 0.00342692 0.314597 0.0153506
0.0651589 0.000932744 0.377967 -0.349267
0.0599813 0.000787123 0.36779 -0.314049
0.0665077 -0.00765468 0.473133 -0.67728
0.0672485 -0.0041365 0.423372 -0.739422
0.0403225 -0.000574794 0.284186 0.429972
-11.7726 0.829925 88.3625 -6.50946
0.506386 -0.0852161 0.0195065 2.1337
-11.7936 0.774949 98.1446 -7.33612
12.2814 -0.889453 -107.493 -8.41948
10.7246 -0.775848 -96.146 -8.69698
0.271895 -0.029419 -0.019547 2.93901
-8.85367 0.910864 33.1199 -2.59294
0.0527954 0.0022 0.283101 0.0125668
0.0510188 -0.00425753 0.321354 -0.49337
12.2385 -0.906433 -102.134 -7.96458
15.7378 -1.06936 -149.384 -9.13687
0.0734578 -0.00565602 0.469024 -1.24711
0.0600614 -0.10605 1.83687 -2.7294
10.0965 -0.811629 -73.795 -6.88018
0.0513815 0.00119332 0.287541 0.0131416
0.660198 -0.162643 -0.591264 -2.2391
0.0903944 -0.014566 0.686778 -2.90594
0.232854 -0.0253901 -0.00971929 2.97221
0.0634532 -0.00685236 0.429929 -1.16334
0.0446479 0.00248889 0.23024 0.00827257
0.211555 -0.0253411 -0.00986529 2.96997
0.372985 -0.0384297 -0.318418 -0.25328
0.058272 0.00196186 0.299488 -0.435938
19.0932 -1.18217 -208.572 -10.6166
0.211196 -0.0218105 -0.0167885 2.95048
0.0333138 -0.107773 2.33035 -3.54548
0.0751427 -0.00642065 0.495774 -1.92417
-11.6262 0.791991 92.878 -7.02617
-0.0831659 0.0234337 0.431453 0.109421
0.237742 -0.0238333 -0.0215511 2.94
0.331737 -0.0482191 0.0295205 -0.461774
0.0571331 -0.111395 2.26868 -3.5169
0.0711511 -0.00538801 0.425805 -0.800837
-12.1583 0.805148 101.073 -7.34505
0.0656406 -0.00692642 0.435994 -0.700857
12.6404 -0.875975 -119.865 -9.2073
0.233842 -0.0277465 -0.031511 2.90842
0.254436 -0.0246599 -0.0256718 -0.233598
-0.10542 0.0214439 0.482741 0.135
-11.5428 0.770177 95.375 -7.30465
12.3758 -0.876252 -111.934 -8.70196
0.0810912 -0.00853252 0.554534 -2.85307
-0.650668 0.175007 -0.0332154 2.0629
0.0606353 -0.000974674 0.358991 -0.330782
17.1785 -1.15942 -163.478 -9.14206
0.0883315 -0.012084 0.672265 -3.16521
0.475556 -0.149283 0.305307 -3.78305
0.0510186 -0.00102603 0.306983 -0.388656
0.0845199 -0.0121761 0.623212 -2.67597
-0.596252 0.15153 0.000125825 1.99975
0.0576906 -0.00121615 0.352915 0.0197427
0.266163 -0.0319386 -0.00998313 2.97253
0.0413283 -0.000797586 0.290885 0.599361
-9.73812 0.615392 88.3011 -8.14807
0.0496904 -0.00435384 0.341356 0.0181142
0.0597394 0.00437896 0.297476 0.0136928
0.255301 -0.0314879 -0.0482061 -0.225677
-0.253672 0.0494982 0.598405 0.400996
14.9826 -1.01952 -142.611 -9.18521
16.6341 -1.11987 -159.53 -9.23216
0.230292 -0.0230963 0.066062 -0.223208
13.2306 -0.976121 -109.659 -7.86978
0.0672508 -0.000933129 0.38803 -1.04683
0.549705 -0.158276 0.0418172 -4.48937
0.0582036 -0.00166983 0.349053 -0.411294
-0.23428 0.00713375 0.0217886 1.94705
-0.61119 0.142392 -0.00333577 2.00595
-1.34641 0.0581314 9.75779 -4.56922
15.1347 -1.01967 -146.89 -9.38435
-9.2483 0.595994 82.273 -8.04973
0.263589 -0.0138834 -0.0344352 2.85649
-7.72717 0.747534 34.7068 -3.3372
0.232052 -0.0121989 -0.0296178 2.88074
-5.67493 0.263881 51.2664 -7.39658
0.294758 -0.0900791 0.137314 0.313494
0.271109 -0.0313367 -0.278893 0.0215519
0.215083 -0.0190974 0.00510375 3.01449
0.103336 0.00444506 -0.00366822 2.04139
-0.308136 0.0736768 0.0434461 3.40235
0.272698 -0.031894 -0.00032617 1.99919
0.241457 -0.0239611 -0.0129273 2.96432
0.839463 -0.101658 -0.972241 0.528632
