0.0280666 -0.0131343 0.323275 -0.394009
0.0405346 -0.017621 0.427904 -1.24739
0.0245494 -0.0117724 0.283767 0.0105716
0.377793 -0.110531 -0.27211 -0.781808
-1.41562 0.176568 2.26239 -0.300997
0.0307178 -0.0107453 0.307465 0.0132091
0.0404338 -0.0153137 0.411273 -0.77779
0.0600989 -0.0221781 0.58719 -2.52802
0.0615599 -0.0227179 0.602643 -2.46732
0.0334772 -0.0152732 0.360463 -0.438819
0.0453189 -0.0173205 0.4356 -1.11745
0.282226 -0.0955079 0.00450139 3.03397
0.264121 -0.0979304 -0.000373828 1.99707
0.0233163 -0.0108126 0.26649 0.0094848
0.0241919 -0.0102786 0.263304 0.0093634
0.0195532 -0.0100418 0.274001 0.268336
0.0211463 -0.00848381 0.240447 0.353233
0.0270758 -0.0110939 0.290172 0.0114073
0.0254251 -0.0112386 0.280586 0.0104483
0.0124666 -0.00439674 0.197462 0.713557
-0.640174 0.0518472 3.03932 -2.36385
0.0477477 -0.0165243 0.441591 -1.09683
0.0380026 -0.0137217 0.346295 -0.590195
0.0261999 -0.0116277 0.293352 0.0115457
0.0247915 -0.0126377 0.297868 0.0116066
0.0234305 -0.0114403 0.272834 0.00969181
0.0257802 -0.0127306 0.301013 0.0117099
0.0351123 -0.0210071 0.438444 -1.36281
-1.83376 0.137295 10.7535 -4.21463
0.0452217 -0.0196312 0.469877 -1.24885
0.03699 -0.0148969 0.370901 -0.461871
0.036951 -0.0130476 0.378701 -0.351336
0.0254251 -0.0112386 0.280586 0.0104483
0.0306894 -0.0124664 0.333103 -0.311431
0.0245494 -0.0117724 0.283767 0.0105716
0.0307178 -0.0107453 0.307465 0.0132091
0.0327997 -0.0115889 0.30829 -0.554716
0.0300645 -0.0120178 0.300194 -0.438285
0.0224772 -0.0131714 0.311931 -0.340753
0.0206043 -0.0107098 0.247437 0.00796707
0.0315201 -0.0127391 0.333519 -0.418554
0.0315201 -0.0127391 0.333519 -0.418554
0.0368131 -0.0156358 0.398396 -0.74166
0.040676 -0.0173995 0.418689 -1.04665
0.0355192 -0.0145551 0.371709 -0.362377
0.031067 -0.0122335 0.32781 0.0146621
0.0514779 -0.0196815 0.479367 -1.1528
0.036951 -0.0130476 0.378701 -0.351336
0.0233163 -0.0108126 0.26649 0.0094848
0.0245494 -0.0117724 0.283767 0.0105716
0.0311206 -0.0145167 0.32612 -0.550485
0.0270758 -0.0110939 0.290172 0.0114073
0.0370448 -0.014169 0.362849 -1.20587
0.0205669 -0.0106397 0.284702 -0.307679
0.0207881 -0.0114899 0.260059 0.00868952
0.0183697 -0.0122684 0.25519 0.00801043
0.0215449 -0.00903035 0.24278 0.27015
0.0503363 -0.0197685 0.50033 -2.17087
0.0354842 -0.0152065 0.373178 -0.990811
0.0233163 -0.0108126 0.26649 0.0094848
0.024017 -0.0122487 0.285104 0.0105071
0.0233163 -0.0108126 0.26649 0.0094848
0.0280666 -0.0131343 0.323275 -0.394009
0.0256002 -0.00926871 0.258789 0.00926612
0.0311206 -0.0145167 0.32612 -0.550485
0.0233163 -0.0108126 0.26649 0.0094848
0.0467797 -0.0199006 0.468533 -1.81191
0.0258442 -0.0101351 0.272915 0.0102708
0.0390597 -0.0149263 0.389103 -1.05049
0.0256002 -0.00926871 0.258789 0.00926612
0.020134 -0.00829425 0.208572 0.335933
0.0206043 -0.0107098 0.247437 0.00796707
0.0270758 -0.0110939 0.290172 0.0114073
0.0315201 -0.0127391 0.333519 -0.418554
0.0270758 -0.0110939 0.290172 0.0114073
0.0245494 -0.0117724 0.283767 0.0105716
0.0180118 -0.00891311 0.230526 0.388808
0.0345596 -0.0141193 0.336241 -0.571039
0.0334772 -0.0152732 0.360463 -0.438819
0.0211463 -0.00848381 0.240447 0.353233
0.0257802 -0.0127306 0.301013 0.0117099
0.0260204 -0.0135946 0.315086 0.0127905
0.023564 -0.0112785 0.266562 0.28916
0.0405132 -0.0145204 0.381234 -0.483429
0.0468694 -0.0139686 0.404622 -0.930441
0.0434402 -0.0143549 0.391959 -0.897238
0.0306894 -0.0124664 0.333103 -0.311431
0.0243721 -0.0137407 0.305532 0.0117451
0.0354842 -0.0152065 0.373178 -0.990811
0.0211463 -0.00848381 0.240447 0.353233
0.0245494 -0.0117724 0.283767 0.0105716
0.0148544 -0.00933645 0.220587 0.42639
0.0562277 -0.0220691 0.544522 -2.11033
0.0334772 -0.0152732 0.360463 -0.438819
0.0390216 -0.0181148 0.424251 -0.741867
0.0287256 -0.0109487 0.299746 0.0123968
0.0224772 -0.0131714 0.311931 -0.340753
0.0230712 -0.00994551 0.252347 0.00853553
0.0216634 -0.0109557 0.256869 0.00859342
0.0369127 -0.0112479 0.321751 -0.494751
0.020134 -0.00829425 0.208572 0.335933
0.0280145 -0.0116955 0.297246 -0.508677
0.0172297 -0.0119202 0.244004 0.00722724
0.0166772 -0.0123939 0.245374 0.00714433
0.0219082 -0.0090634 0.236372 0.00767946
0.0210672 -0.00960594 0.239564 0.00776941
0.0354842 -0.0152065 0.373178 -0.990811
0.0192108 -0.0117261 0.252001 0.0079655
0.0354842 -0.0152065 0.373178 -0.990811
0.0112149 -0.0082773 0.204769 0.62067
0.0228981 -0.0119166 0.274171 0.00962824
0.0228981 -0.0119166 0.274171 0.00962824
0.0183697 -0.0122684 0.25519 0.00801043
0.0118267 -0.0098568 0.212742 0.450392
0.0311206 -0.0145167 0.32612 -0.550485
0.043166 -0.01684 0.423263 -1.53925
0.0327997 -0.0115889 0.30829 -0.554716
0.0280666 -0.0131343 0.323275 -0.394009
0.0167426 -0.0103457 0.22672 0.302077
0.0206043 -0.0107098 0.247437 0.00796707
0.0207881 -0.0114899 0.260059 0.00868952
0.0111344 -0.00757312 0.188863 0.504153
0.0224772 -0.0131714 0.311931 -0.340753
0.0180707 -0.0113783 0.240819 0.0071884
0.0280666 -0.0131343 0.323275 -0.394009
0.0203707 -0.0125944 0.26775 0.00879816
0.0220227 -0.0124506 0.277357 0.00972631
0.0228981 -0.0119166 0.274171 0.00962824
0.0192108 -0.0117261 0.252001 0.0079655
0.0276866 -0.0149137 0.315918 -0.528337
0.0233163 -0.0108126 0.26649 0.0094848
0.0256002 -0.00926871 0.258789 0.00926612
0.0327997 -0.0115889 0.30829 -0.554716
0.020134 -0.00829425 0.208572 0.335933
0.0190753 -0.00884446 0.215414 0.00617743
0.0206043 -0.0107098 0.247437 0.00796707
0.0625852 -0.0230225 0.6567 -3.51471
0.0245494 -0.0117724 0.283767 0.0105716
0.0334772 -0.0152732 0.360463 -0.438819
0.0195059 -0.0118478 0.259599 0.241238
0.0233163 -0.0108126 0.26649 0.0094848
0.0243721 -0.0137407 0.305532 0.0117451
0.0220227 -0.0124506 0.277357 0.00972631
0.0254251 -0.0112386 0.280586 0.0104483
0.0228981 -0.0119166 0.274171 0.00962824
0.040676 -0.0173995 0.418689 -1.04665
0.0270758 -0.0110939 0.290172 0.0114073
0.0274956 -0.00999112 0.282514 0.0112094
0.0267914 -0.00935106 0.272246 -0.515145
0.0193746 -0.0097328 0.229764 0.00696563
0.0182345 -0.00938615 0.218597 0.00624629
0.0182345 -0.00938615 0.218597 0.00624629
0.0300645 -0.0120178 0.300194 -0.438285
0.0205669 -0.0106397 0.284702 -0.307679
0.0220227 -0.0124506 0.277357 0.00972631
0.0207881 -0.0114899 0.260059 0.00868952
0.0205792 -0.0104735 0.233594 0.281782
0.0354842 -0.0152065 0.373178 -0.990811
0.0396195 -0.0171089 0.404072 -1.45765
0.0293712 -0.0156434 0.347889 -0.49371
0.0268447 -0.0156438 0.346585 -0.878775
0.0233163 -0.0108126 0.26649 0.0094848
0.0371473 -0.0179997 0.414167 -1.21175
0.0241919 -0.0102786 0.263304 0.0093634
0.0242344 -0.0103437 0.296677 -0.353527
0.0207881 -0.0114899 0.260059 0.00868952
0.0158667 -0.00831549 0.196892 0.399631
0.0234443 -0.0151061 0.304754 -0.488651
0.024793 -0.0121524 0.287611 -0.490379
0.0205669 -0.0106397 0.284702 -0.307679
0.0152944 -0.0120351 0.251448 0.267035
0.0111344 -0.00757312 0.188863 0.504153
0.0183697 -0.0122684 0.25519 0.00801043
0.0172297 -0.0119202 0.244004 0.00722724
0.0207881 -0.0114899 0.260059 0.00868952
0.0180707 -0.0113783 0.240819 0.0071884
0.024793 -0.0121524 0.287611 -0.490379
0.0118703 -0.00713583 0.180453 0.626015
0.0206043 -0.0107098 0.247437 0.00796707
0.0230712 -0.00994551 0.252347 0.00853553
0.0219082 -0.0090634 0.236372 0.00767946
0.0210672 -0.00960594 0.239564 0.00776941
0.0180707 -0.0113783 0.240819 0.0071884
0.0157011 -0.0100553 0.211987 0.00555879
0.0168411 -0.0104018 0.223152 0.00624437
0.016773 -0.00895711 0.20046 0.277529
0.0180707 -0.0113783 0.240819 0.0071884
0.0185573 -0.0130979 0.268171 -0.451673
0.0180707 -0.0113783 0.240819 0.0071884
0.0180707 -0.0113783 0.240819 0.0071884
0.016773 -0.00895711 0.20046 0.277529
0.0354842 -0.0152065 0.373178 -0.990811
0.0234443 -0.0151061 0.304754 -0.488651
0.016773 -0.00895711 0.20046 0.277529
0.0206043 -0.0107098 0.247437 0.00796707
0.0233163 -0.0108126 0.26649 0.0094848
0.0206043 -0.0107098 0.247437 0.00796707
0.0221957 -0.0104795 0.255534 0.00865035
0.0041027 -0.00710229 0.170379 0.712476
0.00538315 -0.00603637 0.144851 0.737192
0.0185573 -0.0130979 0.268171 -0.451673
0.00987012 -0.00649603 0.145797 0.684176
0.0215772 -0.0126074 0.277836 -0.469942
0.00999643 -0.00907796 0.173802 0.502564
0.0280666 -0.0131343 0.323275 -0.394009
0.0236738 -0.0123064 0.286952 0.0106851
0.0245494 -0.0117724 0.283767 0.0105716
0.0269628 -0.010467 0.283844 0.0111713
0.0206043 -0.0107098 0.247437 0.00796707
0.0137441 -0.00701983 0.196258 0.492186
0.0230712 -0.00994551 0.252347 0.00853553
0.0211463 -0.00848381 0.240447 0.353233
0.0195385 -0.00774113 0.207547 0.00598677
0.0284809 -0.0127553 0.330401 -0.914666
0.0157011 -0.0100553 0.211987 0.00555879
0.0157011 -0.0100553 0.211987 0.00555879
0.0196573 -0.0136478 0.300733 -0.313247
0.0193746 -0.0097328 0.229764 0.00696563
0.0219082 -0.0090634 0.236372 0.00767946
0.0268447 -0.0156438 0.346585 -0.878775
0.0183697 -0.0122684 0.25519 0.00801043
0.0172297 -0.0119202 0.244004 0.00722724
0.0183697 -0.0122684 0.25519 0.00801043
0.0197633 -0.0112521 0.250627 0.00803243
0.0372475 -0.0177597 0.405118 -1.0097
0.0241919 -0.0102786 0.263304 0.0093634
0.0306894 -0.0124664 0.333103 -0.311431
0.0349906 -0.0123441 0.343636 -0.441305
0.0233016 -0.00804657 0.231802 0.00759945
0.0210672 -0.00960594 0.239564 0.00776941
0.0141883 -0.00953224 0.190744 0.313588
0.0141883 -0.00953224 0.190744 0.313588
0.0180707 -0.0113783 0.240819 0.0071884
0.0111344 -0.00757312 0.188863 0.504153
0.0206043 -0.0107098 0.247437 0.00796707
0.0111344 -0.00757312 0.188863 0.504153
0.0118703 -0.00713583 0.180453 0.626015
0.0207881 -0.0114899 0.260059 0.00868952
0.0180707 -0.0113783 0.240819 0.0071884
0.0111344 -0.00757312 0.188863 0.504153
0.0220227 -0.0124506 0.277357 0.00972631
0.0231415 -0.0127826 0.288288 0.0106117
0.0296019 -0.0104151 0.296573 0.0122338
0.021048 -0.00253576 0.164249 0.54506
0.0360496 -0.00232494 0.255263 0.473368
0.0385249 -0.00956611 0.340582 0.017076
0.03619 -0.00828542 0.312609 0.014594
0.0348898 -0.00991896 0.323385 0.0151166
0.0209751 -0.0132898 0.303176 -0.812858
0.0155371 -0.0120463 0.234195 0.00640083
0.00493073 -0.00461167 0.162489 0.647491
0.016773 -0.00895711 0.20046 0.277529
0.0299799 -0.0156497 0.349903 -0.414112
0.0211463 -0.00848381 0.240447 0.353233
0.0254251 -0.0112386 0.280586 0.0104483
0.0245494 -0.0117724 0.283767 0.0105716
