0.0650356 -0.00904217 0.451346 -1.10467
0.0462876 -0.00556593 0.338115 0.0177397
0.0567191 -0.0126449 0.438863 -0.993104
0.236703 -0.100611 0.0846732 3.65736
5.15774 -0.380538 -45.241 -8.23485
0.0948193 -0.0164778 0.702094 -2.419
0.265877 -0.038385 -0.0152112 0.543172
0.066843 -0.00954606 0.471632 -0.845497
0.0912061 -0.0167917 0.685673 -2.39157
0.0702602 -0.0129521 0.520202 -1.06641
0.0855222 -0.0176807 0.644904 -1.78001
-0.190806 -0.000573352 0.00100932 2.99502
-0.107445 -0.00661015 -0.564526 -5.68527
0.0790685 -0.0150967 0.594243 -2.14739
0.066843 -0.00954606 0.471632 -0.845497
0.066843 -0.00954606 0.471632 -0.845497
0.069327 -0.0126858 0.505968 -1.39483
0.0531522 -0.00857342 0.403802 -0.365202
0.0394641 -0.0106509 0.395101 -0.261091
2.02506 -0.279074 -6.16511 -2.85666
0.337362 -0.0567929 0.0110731 3.05374
0.0616895 -0.00677487 0.401176 -0.521168
0.0462079 -0.0111961 0.375607 -0.428801
0.0790685 -0.0150967 0.594243 -2.14739
0.0581568 -0.00715288 0.391004 -0.502112
0.0526172 -0.00861376 0.402991 -0.43834
0.0458803 -0.00620336 0.368127 -0.314954
-7.56244 0.484504 64.4942 -7.52374
-0.12203 0.019235 0.548489 0.276644
0.0726367 -0.0155864 0.548303 -1.05799
0.0525473 -0.00515094 0.36784 0.0209129
0.0752736 -0.00971913 0.519164 -1.13735
0.0526172 -0.00861376 0.402991 -0.43834
0.0384353 -0.0025148 0.277098 0.329709
0.0653347 -0.0149758 0.506321 -1.71472
0.075335 -0.0117734 0.529867 -1.4136
0.0521125 -0.00673104 0.345844 -0.588583
0.049103 -0.00535446 0.343214 -0.439898
0.0321607 -0.00958459 0.317905 -0.319019
0.0547944 -0.0104095 0.418174 -1.0451
0.0485805 -0.00402744 0.330548 0.0169298
0.0510717 -0.00605864 0.378249 -0.349955
0.0737444 -0.0148545 0.552305 -1.52605
0.0589471 -0.00965054 0.41482 -0.859961
0.0692443 -0.0117447 0.484137 -0.675174
0.0820201 -0.0180344 0.63072 -1.75864
0.0970247 -0.0206872 0.772305 -2.86069
0.067438 -0.00933248 0.460377 -0.689721
0.0598852 -0.012163 0.449229 -1.00414
0.0413487 -0.00755011 0.331647 0.016528
0.0462079 -0.0111961 0.375607 -0.428801
0.0510717 -0.00605864 0.378249 -0.349955
0.041191 -0.00410269 0.289733 0.0130785
0.0754331 -0.0153767 0.576853 -2.10669
0.038472 -0.0119487 0.353637 -0.462405
0.0389018 -0.00564359 0.297358 0.0137157
0.0581568 -0.00715288 0.391004 -0.502112
0.0510717 -0.00605864 0.378249 -0.349955
0.0566668 -0.0107834 0.437329 -0.779151
0.0344184 -0.00258672 0.263965 0.382011
0.0655914 -0.0126899 0.478779 -1.15092
0.0566668 -0.0107834 0.437329 -0.779151
0.0601089 -0.0103896 0.449163 -0.804931
0.0622047 -0.0092158 0.426398 -0.882364
0.041191 -0.00410269 0.289733 0.0130785
0.0410043 -0.00606509 0.311371 0.0148148
0.0454693 -0.0112066 0.374772 -0.509352
0.246265 -0.030709 0.0025373 -0.243048
0.0575533 -0.00736637 0.391528 -0.895962
0.046246 -0.002747 0.302575 0.0143657
0.0559474 -0.0160606 0.457673 -1.44488
0.0448029 -0.00547678 0.332679 -0.309978
0.0706372 -0.00949164 0.480209 -1.24988
0.0832588 -0.0150679 0.615707 -1.82418
0.0477324 -0.00737119 0.369062 0.0208553
0.0547439 -0.0111896 0.430055 -0.456243
0.0916937 -0.0184035 0.768455 -3.855
0.0511095 -0.00790703 0.370408 -0.460187
0.0437189 -0.00342507 0.296159 0.0137067
0.0718616 -0.0119426 0.511274 -1.89923
0.0666151 -0.0110276 0.459056 -0.851121
0.0568168 -0.0100867 0.407098 -0.494403
0.0570289 -0.0123723 0.426096 -0.80106
0.0765735 -0.0117827 0.519659 -1.2409
0.0488111 -0.00488547 0.34448 0.0185021
0.0656406 -0.00692642 0.435994 -0.700857
0.0598921 -0.0160865 0.492182 -1.26419
0.0622047 -0.0092158 0.426398 -0.882364
0.0581568 -0.00715288 0.391004 -0.502112
0.0616895 -0.00677487 0.401176 -0.521168
0.0561789 -0.00826643 0.413789 -0.46173
0.0384353 -0.0025148 0.277098 0.329709
0.0829542 -0.0182112 0.628928 -1.44146
0.0646052 -0.012476 0.492623 -0.945732
0.0782073 -0.0145588 0.558969 -1.39121
0.0610577 -0.0110824 0.483379 -0.756531
0.0652708 -0.0129983 0.497826 -1.54233
0.0784737 -0.0208231 0.672569 -2.50475
0.0558684 -0.0132191 0.464945 -1.41841
0.0625716 -0.00675609 0.400989 -0.441199
0.041191 -0.00410269 0.289733 0.0130785
0.0458803 -0.00620336 0.368127 -0.314954
0.0243036 -0.00575518 0.227484 0.422693
0.0486726 -0.00712901 0.335777 -0.569322
0.0462729 -0.00259524 0.317514 -0.317712
0.0575533 -0.00736637 0.391528 -0.895962
0.0594342 -0.0103299 0.435076 -1.11586
0.0441056 -0.00866055 0.349395 -0.412294
0.221307 -0.0298827 0.0707863 -0.230798
0.0444436 -0.00909321 0.383353 -0.308928
0.0568168 -0.0100867 0.407098 -0.494403
0.0862061 -0.0178265 0.688098 -3.11635
0.0497331 -0.0108274 0.386236 -0.452221
0.0560283 -0.0130482 0.456538 -1.22251
0.0476299 -0.0146527 0.436993 -0.845794
0.0710414 -0.0116361 0.49352 -1.58898
0.041191 -0.00410269 0.289733 0.0130785
0.0477912 -0.00505701 0.34467 -0.341252
0.0468694 -0.0139686 0.404622 -0.930441
0.055641 -0.0100669 0.402808 -0.833142
0.0422516 -0.00160533 0.264893 0.0110426
0.0456357 -0.00574962 0.333083 -0.417043
0.0456357 -0.00574962 0.333083 -0.417043
0.0336214 -0.0048581 0.259237 0.242567
0.0618659 -0.00953694 0.44116 -1.09583
0.0868272 -0.0217994 0.767615 -3.67241
0.0594342 -0.0103299 0.435076 -1.11586
0.0686288 -0.0145624 0.51694 -1.71077
0.0376826 -0.00428833 0.266171 0.290593
0.0370117 -0.00492453 0.273713 0.0115138
0.0625308 -0.0155671 0.499231 -1.74809
0.0458803 -0.00620336 0.368127 -0.314954
0.0476001 -0.00828368 0.359961 -0.437061
0.0904713 -0.0180988 0.778506 -4.17202
0.0557747 -0.0161654 0.468876 -1.69059
0.0521125 -0.00673104 0.345844 -0.588583
0.0640725 -0.00973048 0.448582 -0.665175
0.0634998 -0.00997632 0.460588 -0.826938
0.069327 -0.0126858 0.505968 -1.39483
0.0566668 -0.0107834 0.437329 -0.779151
0.0653859 -0.0132116 0.514046 -1.18154
0.0558017 -0.0109777 0.446239 -0.92952
0.041114 -0.00784302 0.381222 -0.27392
0.0589471 -0.00965054 0.41482 -0.859961
0.0490695 -0.00900255 0.393236 -0.420305
0.0605072 -0.0132369 0.495853 -1.11088
0.0476001 -0.00828368 0.359961 -0.437061
0.0581568 -0.00715288 0.391004 -0.502112
0.066195 -0.00948412 0.453504 -1.65079
0.0754331 -0.0153767 0.576853 -2.10669
0.0493372 -0.013839 0.430322 -1.16421
0.049103 -0.00535446 0.343214 -0.439898
0.0636218 -0.0104962 0.47654 -1.02518
0.0510717 -0.00605864 0.378249 -0.349955
0.0657699 -0.0130055 0.492475 -1.36925
0.0686288 -0.0145624 0.51694 -1.71077
0.0451768 -0.00523884 0.327293 0.0165951
0.0451768 -0.00523884 0.327293 0.0165951
0.0566668 -0.0107834 0.437329 -0.779151
0.0437637 -0.00624617 0.331745 0.0169664
0.0594342 -0.0103299 0.435076 -1.11586
0.0558017 -0.0109777 0.446239 -0.92952
0.0488507 -0.0117076 0.421074 -0.869558
0.0412454 -0.00198402 0.286726 0.303211
0.0575533 -0.00736637 0.391528 -0.895962
0.0361359 0.00014889 0.252305 0.385224
0.0350714 -0.00914261 0.329659 -0.34946
0.0266217 0.00258097 0.197195 0.714352
0.0533226 -0.00494199 0.353444 -0.375055
0.0581568 -0.00715288 0.391004 -0.502112
0.0437189 -0.00342507 0.296159 0.0137067
0.0682127 -0.0122704 0.49729 -1.87465
0.041191 -0.00410269 0.289733 0.0130785
0.03989 -0.00573588 0.300501 0.0137686
0.0657699 -0.0130055 0.492475 -1.36925
0.0375867 -0.00382166 0.262314 0.376167
0.043955 -0.00428676 0.310172 0.0151145
0.0465392 -0.00796613 0.359336 -0.331772
0.0535021 -0.01311 0.428041 -0.977826
0.0618659 -0.00953694 0.44116 -1.09583
0.0395403 -0.00424744 0.28015 0.0121453
0.0605554 -0.00944775 0.43733 -1.5746
0.027761 -0.00443324 0.211922 0.296702
0.0421849 -0.00614507 0.322827 -0.392401
0.0605554 -0.00944775 0.43733 -1.5746
0.0521125 -0.00673104 0.345844 -0.588583
0.0513669 -0.0107694 0.404591 -1.00804
0.0513669 -0.0107694 0.404591 -1.00804
0.0594342 -0.0103299 0.435076 -1.11586
0.0421849 -0.00614507 0.322827 -0.392401
0.0435298 -0.00538597 0.317765 0.0155435
0.0594342 -0.0103299 0.435076 -1.11586
0.0397792 -0.00511061 0.294201 0.0134343
0.0827764 -0.0185914 0.738176 -4.1151
0.0349037 -0.00449918 0.259625 0.0105378
0.0428121 -0.000655802 0.2587 0.35411
0.0547944 -0.0104095 0.418174 -1.0451
0.0525809 -0.00495882 0.353232 -0.461116
0.0294243 -0.00695472 0.254382 0.0095658
0.0397215 -0.00228141 0.258435 0.0104972
0.0469057 -0.00459887 0.307895 -0.55331
0.0475886 -0.00464329 0.31066 -0.466349
0.0311956 0.000200503 0.210807 0.414378
0.0349037 -0.00449918 0.259625 0.0105378
0.0464824 -0.00360875 0.316589 0.015706
0.0526172 -0.00861376 0.402991 -0.43834
0.0473595 -0.00307573 0.313434 0.0154527
0.0510717 -0.00605864 0.378249 -0.349955
0.0446419 -0.00571379 0.328604 0.0166533
0.0594342 -0.0103299 0.435076 -1.11586
0.0497331 -0.0108274 0.386236 -0.452221
0.0590423 -0.00711944 0.390173 -0.417469
0.0311956 0.000200503 0.210807 0.414378
0.0575533 -0.00736637 0.391528 -0.895962
0.0408616 -0.0117511 0.362143 -0.872325
0.0475886 -0.00464329 0.31066 -0.466349
0.0546294 -0.00753021 0.380753 -0.481831
0.0718616 -0.0119426 0.511274 -1.89923
0.0477912 -0.00505701 0.34467 -0.341252
0.0547944 -0.0104095 0.418174 -1.0451
0.0594342 -0.0103299 0.435076 -1.11586
0.0448029 -0.00547678 0.332679 -0.309978
0.0521125 -0.00673104 0.345844 -0.588583
0.0423063 -0.00443252 0.300616 0.0141132
0.0513365 -0.00420616 0.35087 0.0190954
0.0502257 -0.00387911 0.340049 0.0180413
0.0485805 -0.00402744 0.330548 0.0169298
0.0576906 -0.00121615 0.352915 0.0197427
0.046246 -0.002747 0.302575 0.0143657
0.0855408 -0.0144919 0.640466 -2.46233
0.0346604 -0.00363309 0.245509 0.00939006
0.0450206 -0.00179235 0.2854 0.0129377
0.048773 -0.00206887 0.30899 0.0149999
0.0650356 -0.00904217 0.451346 -1.10467
0.0411333 -0.00233784 0.287904 0.23994
0.0428409 -0.00395755 0.299305 0.0140408
0.0650356 -0.00904217 0.451346 -1.10467
0.0546294 -0.00753021 0.380753 -0.481831
0.0450206 -0.00179235 0.2854 0.0129377
0.0533226 -0.00494199 0.353444 -0.375055
0.0522184 0.000641718 0.286843 0.273448
0.0912061 -0.0167917 0.685673 -2.39157
0.0653745 -0.00726414 0.449274 -0.881211
0.0579986 0.000114407 0.337727 0.0179135
0.0637297 -0.0027407 0.403805 0.0254269
0.283103 -0.0335394 0.0613647 -0.347477
0.0347564 0.00210125 0.225876 0.745974
0.0625266 -0.00180139 0.386943 0.0235572
0.0646301 -0.0094325 0.467202 -1.33176
0.0462729 -0.00259524 0.317514 -0.317712
0.0439039 -0.00146157 0.274498 0.0119255
0.0337823 -0.000572751 0.245875 0.392397
0.0661158 -0.00639117 0.41164 -0.463254
0.0654746 -0.00378193 0.404234 -1.00717
0.100891 -0.0204763 0.791901 -2.90014
0.0524114 -0.00171807 0.326235 0.0167726
