0.0400257 -0.0123904 0.38614 -0.273766
0.0426991 -0.0115642 0.364824 -0.403603
0.0551332 -0.019379 0.493048 -1.1842
-4.83242 0.545798 13.668 -1.55734
-0.222617 0.0050277 0.0161284 1.9527
0.260889 -0.0374947 0.0650591 -0.318458
0.081984 -0.0205036 0.689248 -2.52975
0.0553883 -0.0111114 0.429215 -0.379224
0.0785846 -0.0180999 0.595484 -1.60657
0.265993 -0.0411245 0.0556157 -0.342224
0.258639 -0.0402422 0.0819534 -0.326854
0.264834 -0.0980647 -0.000452846 1.99827
-7.06102 0.412867 61.5851 -7.5748
0.319938 -0.0537833 -0.132682 -0.37018
0.0854513 -0.0252037 0.853596 -4.26157
0.0598921 -0.0160865 0.492182 -1.26419
0.0720174 -0.0214443 0.626849 -2.20592
0.0508686 -0.0163042 0.42676 -0.453845
0.0576143 -0.0220435 0.521447 -1.1703
0.0424921 -0.0106902 0.377879 0.0209389
0.246918 -0.0401262 0.0412702 -0.277023
0.291239 -0.0450204 -0.00384077 -0.369249
0.0849561 -0.0245452 0.757008 -3.31269
0.0792643 -0.0207903 0.65631 -2.24598
0.0424595 -0.0078771 0.342468 0.0176559
0.0807183 -0.0234706 0.702768 -2.42088
0.0592927 -0.0156358 0.493269 -0.875368
0.092164 -0.0272987 0.832235 -3.40382
0.403884 -0.0620956 -0.189896 -0.577772
0.230011 -0.0362243 0.0943594 -0.263997
0.0872953 -0.0200738 0.670776 -2.06048
0.244837 -0.0363443 0.0944904 -0.287845
0.254358 -0.0418488 0.000652189 -0.289872
0.069148 -0.0216015 0.590773 -1.9017
0.0649632 -0.0220886 0.594851 -2.14905
0.286406 -0.0454134 -0.00557257 0.239545
0.0956116 -0.0267257 1.05746 -6.29701
0.0892946 -0.0249116 0.873172 -4.28401
0.0647772 -0.0222781 0.613449 -2.4496
0.226589 -0.03702 0.0256892 -0.234437
0.0680388 -0.0153419 0.506833 -1.13638
0.0792643 -0.0207903 0.65631 -2.24598
0.0734327 -0.017877 0.561562 -1.32552
0.0930378 -0.0241619 0.816351 -3.5413
0.0838607 -0.0205158 0.656735 -1.69909
0.0851717 -0.0231142 0.703022 -2.2137
0.236678 -0.0361737 0.095555 -0.274627
0.0797618 -0.0202852 0.604911 -1.33898
0.0513035 -0.0157547 0.438046 -0.902128
0.0775992 -0.0253912 0.768665 -3.85319
0.0613372 -0.0223704 0.577465 -2.10861
0.290364 -0.0466956 -0.00515777 1.56012
0.251129 -0.0390924 -0.0332474 -0.272098
0.0660211 -0.0184319 0.530422 -1.72282
0.0536423 -0.0190393 0.482842 -1.58699
0.04595 -0.0130339 0.36948 -0.55419
0.25238 -0.037535 0.00321298 -0.276279
0.0739258 -0.0183243 0.592425 -2.01749
0.0739258 -0.0183243 0.592425 -2.01749
0.0756163 -0.0211203 0.642118 -2.22968
0.0724547 -0.0208733 0.576425 -1.28319
0.0720174 -0.0214443 0.626849 -2.20592
0.0607337 -0.0159222 0.478566 -1.06818
0.264221 -0.041331 0.00808552 -0.307125
0.219673 -0.0370952 0.0260335 -0.224194
0.0569489 -0.0186302 0.494101 -1.59111
0.0586539 -0.0211534 0.520543 -1.52366
0.305769 -0.0464617 -0.0811084 -0.356925
0.070141 -0.0188515 0.595757 -2.28096
0.0868272 -0.0217994 0.767615 -3.67241
0.0509125 -0.0160266 0.451683 -1.105
0.0660211 -0.0184319 0.530422 -1.72282
0.223092 -0.0332799 0.0816949 -0.242921
0.0792643 -0.0207903 0.65631 -2.24598
0.0680388 -0.0153419 0.506833 -1.13638
0.0799131 -0.0206464 0.63758 -1.99143
0.0566592 -0.0159152 0.4725 -0.713623
0.0598921 -0.0160865 0.492182 -1.26419
0.21771 -0.0365972 0.091861 -0.244357
0.226991 -0.0366985 0.0742123 -0.262653
0.0624662 -0.0187744 0.520193 -1.24238
0.0894196 -0.0284239 0.90506 -4.22674
0.223957 -0.0401117 0.0658778 -0.271813
0.0785846 -0.0180999 0.595484 -1.60657
0.268971 -0.0412495 0.0280178 -0.312198
0.086181 -0.0200365 0.684127 -2.2713
0.21771 -0.0365972 0.091861 -0.244357
0.0839717 -0.0230026 0.713332 -2.40837
0.247484 -0.0371451 0.0274241 -0.266655
0.243389 -0.0380086 0.0580916 -0.288754
0.291239 -0.0450204 -0.00384077 -0.369249
0.326796 -0.0501228 -0.0980483 -0.411464
0.0946094 -0.0267905 0.802965 -2.65432
0.0905446 -0.0271943 0.809099 -2.92037
0.245828 -0.0404294 0.0792336 -0.304594
0.0790831 -0.0238215 0.657189 -1.61977
0.240948 -0.0410771 0.0126235 -0.269252
0.219843 -0.0408356 0.0760523 -0.261942
0.0664402 -0.024805 0.642527 -2.34759
0.072039 -0.0177572 0.567522 -1.46464
0.0565313 -0.0164814 0.480599 -1.25057
0.0831406 -0.0220802 0.749595 -3.65682
0.0536423 -0.0190393 0.482842 -1.58699
0.0602111 -0.0182369 0.506476 -1.60156
0.0625308 -0.0155671 0.499231 -1.74809
0.0660211 -0.0184319 0.530422 -1.72282
0.0567191 -0.0126449 0.438863 -0.993104
0.070141 -0.0188515 0.595757 -2.28096
0.0892468 -0.0242848 0.753563 -3.00603
0.0587956 -0.0190765 0.506651 -1.21398
0.0624662 -0.0187744 0.520193 -1.24238
0.0756163 -0.0211203 0.642118 -2.22968
0.044834 -0.0166415 0.415335 -0.861648
0.0457783 -0.0191587 0.449912 -1.00678
0.0700556 -0.0259099 0.73 -3.80112
0.0807183 -0.0234706 0.702768 -2.42088
0.212641 -0.0330876 0.0383009 -0.202172
0.286417 -0.0445862 -0.0592692 -0.326994
0.0569489 -0.0186302 0.494101 -1.59111
0.0502221 -0.0135528 0.41665 -0.95721
0.0565313 -0.0164814 0.480599 -1.25057
0.0666636 -0.0192044 0.578183 -2.23768
0.0784231 -0.0221523 0.744917 -3.9779
0.0502221 -0.0135528 0.41665 -0.95721
0.226991 -0.0366985 0.0742123 -0.262653
0.0604146 -0.0218597 0.546512 -1.37089
0.0587956 -0.0190765 0.506651 -1.21398
0.0565313 -0.0164814 0.480599 -1.25057
0.0796858 -0.0284655 0.875822 -4.47916
0.0514779 -0.0196815 0.479367 -1.1528
0.0739242 -0.0256757 0.751716 -3.84907
0.0431333 -0.0119887 0.397947 -0.30101
0.0714605 -0.0214906 0.641242 -2.46531
0.0854513 -0.0252037 0.853596 -4.26157
0.0577758 -0.0189386 0.511903 -1.90169
0.068465 -0.0217787 0.611818 -2.18346
0.0930378 -0.0241619 0.816351 -3.5413
0.0644167 -0.0156306 0.492478 -1.10199
0.0815047 -0.0234119 0.686597 -2.18374
0.273933 -0.0448106 0.0172009 -0.33573
0.066145 -0.0184727 0.533688 -1.26957
0.0720174 -0.0214443 0.626849 -2.20592
0.0624662 -0.0187744 0.520193 -1.24238
0.224642 -0.0373449 0.0657886 -0.258889
0.0596362 -0.0218476 0.552965 -1.52814
0.0763334 -0.0246822 0.710813 -3.18207
0.0758674 -0.0248496 0.711578 -2.8503
0.243389 -0.0380086 0.0580916 -0.288754
0.0598765 -0.018405 0.521096 -1.85859
0.0602111 -0.0182369 0.506476 -1.60156
0.0644427 -0.0218979 0.621591 -3.0671
0.0468694 -0.0139686 0.404622 -0.930441
0.0549474 -0.0135226 0.448161 -0.727296
0.0892946 -0.0249116 0.873172 -4.28401
0.0533239 -0.016324 0.460906 -0.691291
0.077847 -0.0237114 0.670251 -2.15343
0.066145 -0.0184727 0.533688 -1.26957
0.0624662 -0.0187744 0.520193 -1.24238
0.0854513 -0.0252037 0.853596 -4.26157
0.0735219 -0.0241482 0.673762 -2.39118
0.0551332 -0.019379 0.493048 -1.1842
0.20813 -0.0369808 0.0695778 -0.233795
0.0425498 -0.0177753 0.437894 -0.780955
0.0674705 -0.0211251 0.570306 -1.39897
0.0854513 -0.0252037 0.853596 -4.26157
0.0831406 -0.0220802 0.749595 -3.65682
0.0775992 -0.0253912 0.768665 -3.85319
0.0814588 -0.0251848 0.79161 -3.90595
0.0702588 -0.0186186 0.576256 -1.98219
0.0892946 -0.0249116 0.873172 -4.28401
0.0560289 -0.016092 0.482846 -0.862413
0.077847 -0.0237114 0.670251 -2.15343
0.0520969 -0.0155725 0.425735 -0.725598
0.0367015 -0.0116271 0.35685 -0.371365
0.0475788 -0.0137655 0.401632 -0.522585
0.0685402 -0.0220389 0.634648 -2.51578
0.0700122 -0.0245048 0.659562 -2.37859
0.0355192 -0.0145551 0.371709 -0.362377
0.0516586 -0.0199968 0.49305 -1.371
0.0598921 -0.0160865 0.492182 -1.26419
0.0518409 -0.0130015 0.423299 -1.41921
0.0765329 -0.0213061 0.684343 -3.23986
0.0536423 -0.0190393 0.482842 -1.58699
0.0686132 -0.0217738 0.6463 -3.15888
0.0726377 -0.0215971 0.66958 -3.23494
0.0726377 -0.0215971 0.66958 -3.23494
0.0814588 -0.0251848 0.79161 -3.90595
0.0602111 -0.0182369 0.506476 -1.60156
0.0666636 -0.0192044 0.578183 -2.23768
0.0477477 -0.0165243 0.441591 -1.09683
0.253629 -0.0416275 -0.0120941 -0.290558
0.068465 -0.0217787 0.611818 -2.18346
0.0613372 -0.0223704 0.577465 -2.10861
0.0545312 -0.0215553 0.517478 -1.71237
0.0615599 -0.0227179 0.602643 -2.46732
0.0512594 -0.0142508 0.449645 -0.88196
0.0649632 -0.0220886 0.594851 -2.14905
0.246187 -0.0386538 -0.00980206 -0.264389
0.0545312 -0.0215553 0.517478 -1.71237
0.0480889 -0.0162053 0.426871 -0.883722
0.225341 -0.0377379 0.00255957 -0.233686
0.0468694 -0.0139686 0.404622 -0.930441
0.0814588 -0.0251848 0.79161 -3.90595
0.0569489 -0.0186302 0.494101 -1.59111
0.0784737 -0.0208231 0.672569 -2.50475
0.0640934 -0.0215508 0.559616 -1.39314
0.21771 -0.0365972 0.091861 -0.244357
0.0520046 -0.0133816 0.412086 -0.464576
0.0551332 -0.019379 0.493048 -1.1842
0.0649632 -0.0220886 0.594851 -2.14905
0.0480889 -0.0162053 0.426871 -0.883722
0.264221 -0.041331 0.00808552 -0.307125
0.0477477 -0.0165243 0.441591 -1.09683
0.226589 -0.03702 0.0256892 -0.234437
0.0700556 -0.0259099 0.73 -3.80112
0.0613372 -0.0223704 0.577465 -2.10861
0.0660211 -0.0184319 0.530422 -1.72282
0.0660211 -0.0184319 0.530422 -1.72282
0.0702588 -0.0186186 0.576256 -1.98219
0.0612322 -0.0187653 0.530357 -1.41478
0.0795069 -0.0245441 0.728243 -2.87074
0.0569489 -0.0186302 0.494101 -1.59111
0.044043 -0.0141433 0.391475 -0.503626
0.0685402 -0.0220389 0.634648 -2.51578
0.0640934 -0.0215508 0.559616 -1.39314
0.0425863 -0.0151986 0.414871 -0.389282
0.21771 -0.0365972 0.091861 -0.244357
0.0605784 -0.0126081 0.428995 -0.418172
0.0854513 -0.0252037 0.853596 -4.26157
0.219099 -0.0344344 0.0497833 -0.239766
0.229189 -0.0412835 0.00833211 -0.250323
0.260417 -0.0419331 -0.0604292 -0.267493
0.0624662 -0.0187744 0.520193 -1.24238
0.0640934 -0.0215508 0.559616 -1.39314
0.0756163 -0.0211203 0.642118 -2.22968
0.0607337 -0.0159222 0.478566 -1.06818
0.0515273 -0.0139153 0.436415 -0.701945
0.068465 -0.0217787 0.611818 -2.18346
0.068465 -0.0217787 0.611818 -2.18346
0.209878 -0.036134 0.0775106 -0.236472
0.0624662 -0.0187744 0.520193 -1.24238
0.258218 -0.0436479 0.0329849 -0.310329
0.264221 -0.041331 0.00808552 -0.307125
0.377776 -0.0610702 -0.12951 -0.521904
0.313879 -0.0469049 0.0649299 -0.420143
0.0844715 -0.0145021 0.577174 -0.995172
0.0722241 -0.0182967 0.549805 -0.876424
0.0891731 -0.0197281 0.628226 -1.29703
0.212666 -0.0362652 0.0517899 -0.211691
0.219673 -0.0370952 0.0260335 -0.224194
0.0526954 -0.013449 0.443564 -1.19504
0.0854513 -0.0252037 0.853596 -4.26157
0.0591341 -0.0126469 0.432913 -0.50408
0.0684153 -0.0180893 0.555122 -1.44834
0.0724547 -0.0208733 0.576425 -1.28319
0.222301 -0.0362875 0.0967885 -0.251303
