0.0368293 -0.00688974 0.295411 0.0130877
0.0462079 -0.0111961 0.375607 -0.428801
0.0600319 -0.016394 0.50936 -1.66359
0.371291 -0.11686 0.0355241 3.16721
0.0205349 -0.0107636 -0.0272169 2.8498
0.0855273 -0.0172223 0.618926 -1.84712
0.0435298 -0.00538597 0.317765 0.0155435
0.0603699 -0.0097144 0.417358 -0.513449
0.0692451 -0.0123874 0.492473 -1.18243
0.0708654 -0.0151777 0.532688 -1.34555
0.0561789 -0.00826643 0.413789 -0.46173
0.255058 -0.091911 0.0215485 3.12496
-1.67118 0.234618 1.80665 0.663466
0.0546838 -0.0138388 0.461159 -0.904384
0.0465392 -0.00796613 0.359336 -0.331772
0.0414285 -0.00496527 0.303767 0.0144205
0.0475786 -0.0119284 0.409728 -0.41744
0.0414135 -0.00951472 0.371702 -0.282082
0.0371778 -0.00837739 0.315745 0.0146649
0.048152 -0.0102427 0.459532 -0.649349
0.0762966 -0.0120213 0.538697 -1.62116
0.0603699 -0.0097144 0.417358 -0.513449
0.0635825 -0.0158036 0.506243 -1.29598
0.0566668 -0.0107834 0.437329 -0.779151
0.0672154 -0.0154895 0.519495 -1.32134
0.0532705 -0.0104576 0.396727 -0.474037
0.0708654 -0.0151777 0.532688 -1.34555
0.0414135 -0.00951472 0.371702 -0.282082
0.0614474 -0.00967604 0.415412 -0.42988
0.047507 -0.00867372 0.394844 -0.334094
0.0616732 -0.0126976 0.470915 -0.770259
0.0634998 -0.00997632 0.460588 -0.826938
0.0489817 -0.0108215 0.384817 -0.528219
0.0475786 -0.0119284 0.409728 -0.41744
0.0382908 -0.00870576 0.326597 0.0157292
0.0916937 -0.0184035 0.768455 -3.855
0.0477912 -0.00505701 0.34467 -0.341252
0.041191 -0.00410269 0.289733 0.0130785
0.0666636 -0.0192044 0.578183 -2.23768
0.0513669 -0.0107694 0.404591 -1.00804
0.0754331 -0.0153767 0.576853 -2.10669
0.0435298 -0.00538597 0.317765 0.0155435
0.0616732 -0.0126976 0.470915 -0.770259
0.0672154 -0.0154895 0.519495 -1.32134
0.0416765 -0.00536209 0.332561 0.30479
0.0553883 -0.0111114 0.429215 -0.379224
0.0603699 -0.0097144 0.417358 -0.513449
0.056714 -0.00820974 0.414361 -0.387761
0.0406319 -0.00903814 0.338689 -0.385694
0.0666636 -0.0192044 0.578183 -2.23768
0.0502221 -0.0135528 0.41665 -0.95721
0.0511095 -0.00790703 0.370408 -0.460187
0.0594342 -0.0103299 0.435076 -1.11586
0.0486726 -0.00712901 0.335777 -0.569322
0.0493372 -0.013839 0.430322 -1.16421
0.0406319 -0.00903814 0.338689 -0.385694
0.0657699 -0.0130055 0.492475 -1.36925
0.0598852 -0.012163 0.449229 -1.00414
0.055641 -0.0100669 0.402808 -0.833142
0.0410043 -0.00606509 0.311371 0.0148148
0.0566668 -0.0107834 0.437329 -0.779151
0.0635825 -0.0158036 0.506243 -1.29598
0.0531412 -0.011123 0.423675 -0.739978
0.0435298 -0.00538597 0.317765 0.0155435
0.0426991 -0.0115642 0.364824 -0.403603
0.0347241 -0.00646618 0.28136 0.0120494
0.0400289 -0.00905642 0.33755 -0.472132
0.0754331 -0.0153767 0.576853 -2.10669
0.049103 -0.00535446 0.343214 -0.439898
0.041191 -0.00410269 0.289733 0.0130785
0.0361347 -0.00545752 0.276875 0.0117742
0.0370117 -0.00492453 0.273713 0.0115138
0.0708654 -0.0151777 0.532688 -1.34555
0.070509 -0.0153076 0.541988 -1.5264
0.0613496 -0.0129473 0.482569 -0.935591
0.0435298 -0.00538597 0.317765 0.0155435
0.0429032 -0.00657143 0.354343 -0.27455
0.0635825 -0.0158036 0.506243 -1.29598
0.0410043 -0.00606509 0.311371 0.0148148
0.0404179 -0.00374024 0.275717 0.265009
0.0414135 -0.00951472 0.371702 -0.282082
0.0414135 -0.00951472 0.371702 -0.282082
0.0515273 -0.0139153 0.436415 -0.701945
0.0666151 -0.0110276 0.459056 -0.851121
0.0762966 -0.0120213 0.538697 -1.62116
0.0640725 -0.00973048 0.448582 -0.665175
0.0672154 -0.0154895 0.519495 -1.32134
0.0583284 -0.0131162 0.459653 -0.749978
0.0511095 -0.00790703 0.370408 -0.460187
0.0566668 -0.0107834 0.437329 -0.779151
0.047507 -0.00867372 0.394844 -0.334094
0.0304963 -0.00160123 0.250951 0.541844
0.0434847 -0.00406103 0.304187 0.348411
0.0435689 -0.00820323 0.353269 0.0188168
0.047507 -0.00867372 0.394844 -0.334094
0.0888923 -0.0209972 0.731811 -2.76666
0.0472712 -0.0100842 0.352942 -0.562918
0.0454693 -0.0112066 0.374772 -0.509352
0.0406319 -0.00903814 0.338689 -0.385694
0.0618659 -0.00953694 0.44116 -1.09583
0.0448029 -0.00547678 0.332679 -0.309978
0.041191 -0.00410269 0.289733 0.0130785
0.0365693 -0.00945868 0.327653 -0.451053
0.0478464 -0.0110662 0.38895 -0.953043
0.0547944 -0.0104095 0.418174 -1.0451
0.0395403 -0.00424744 0.28015 0.0121453
0.0414285 -0.00496527 0.303767 0.0144205
0.0735896 -0.0184412 0.648785 -3.3545
0.0437637 -0.00624617 0.331745 0.0169664
0.0489817 -0.0108215 0.384817 -0.528219
0.0395403 -0.00424744 0.28015 0.0121453
0.0410043 -0.00606509 0.311371 0.0148148
0.0350714 -0.00914261 0.329659 -0.34946
0.0350714 -0.00914261 0.329659 -0.34946
0.0443696 -0.0114147 0.375612 -0.91413
0.0410043 -0.00606509 0.311371 0.0148148
0.0448029 -0.00547678 0.332679 -0.309978
0.0580282 -0.0102616 0.441326 -1.28014
0.0294164 -0.00504713 0.25109 0.268323
0.0560283 -0.0130482 0.456538 -1.22251
0.0421849 -0.00614507 0.322827 -0.392401
0.0370117 -0.00492453 0.273713 0.0115138
0.0507356 -0.00969402 0.363125 -0.58231
0.0478464 -0.0110662 0.38895 -0.953043
0.0476001 -0.00828368 0.359961 -0.437061
0.0371778 -0.00837739 0.315745 0.0146649
0.0384785 -0.00674398 0.304973 0.0140773
0.0489817 -0.0108215 0.384817 -0.528219
0.0419616 -0.0115918 0.364672 -0.489362
0.0468694 -0.0139686 0.404622 -0.930441
0.0502221 -0.0135528 0.41665 -0.95721
0.0686288 -0.0145624 0.51694 -1.71077
0.0594342 -0.0103299 0.435076 -1.11586
0.0469686 -0.0082513 0.357111 -0.510127
0.0350714 -0.00914261 0.329659 -0.34946
0.0361347 -0.00545752 0.276875 0.0117742
0.0655914 -0.0126899 0.478779 -1.15092
0.0594342 -0.0103299 0.435076 -1.11586
0.0547439 -0.0111896 0.430055 -0.456243
0.0531412 -0.011123 0.423675 -0.739978
0.0444436 -0.00909321 0.383353 -0.308928
0.0497331 -0.0108274 0.386236 -0.452221
0.0497331 -0.0108274 0.386236 -0.452221
0.0376826 -0.00428833 0.266171 0.290593
0.0359523 -0.00742265 0.29857 0.0133315
0.0373632 -0.0064142 0.29409 0.0130613
0.0384785 -0.00674398 0.304973 0.0140773
0.0546294 -0.00753021 0.380753 -0.481831
0.057247 -0.00984409 0.422663 -1.53634
0.0451184 -0.00831216 0.355651 -0.908224
0.0337723 -0.00665805 0.300293 -0.311549
0.0451184 -0.00831216 0.355651 -0.908224
0.0509321 -0.00864631 0.397915 -0.740203
0.0547944 -0.0104095 0.418174 -1.0451
0.0401267 -0.0065978 0.314522 0.0150978
0.038663 -0.00478018 0.283305 0.0124324
0.0465392 -0.00796613 0.359336 -0.331772
0.0476001 -0.00828368 0.359961 -0.437061
0.03989 -0.00573588 0.300501 0.0137686
0.03989 -0.00573588 0.300501 0.0137686
0.0339593 -0.00762549 0.290839 0.0125736
0.0535021 -0.01311 0.428041 -0.977826
0.0359523 -0.00742265 0.29857 0.0133315
0.0444436 -0.00909321 0.383353 -0.308928
0.049103 -0.00535446 0.343214 -0.439898
0.0397792 -0.00511061 0.294201 0.0134343
0.0361347 -0.00545752 0.276875 0.0117742
0.0373632 -0.0064142 0.29409 0.0130613
0.0476001 -0.00828368 0.359961 -0.437061
0.055641 -0.0100669 0.402808 -0.833142
0.0476001 -0.00828368 0.359961 -0.437061
0.0560283 -0.0130482 0.456538 -1.22251
0.0441056 -0.00866055 0.349395 -0.412294
0.0526954 -0.013449 0.443564 -1.19504
0.0395403 -0.00424744 0.28015 0.0121453
0.0375456 -0.00444906 0.272394 0.0114647
0.0472712 -0.0100842 0.352942 -0.562918
0.0502221 -0.0135528 0.41665 -0.95721
0.0294164 -0.00504713 0.25109 0.268323
0.0547944 -0.0104095 0.418174 -1.0451
0.057247 -0.00984409 0.422663 -1.53634
0.0421849 -0.00614507 0.322827 -0.392401
0.0443696 -0.0114147 0.375612 -0.91413
0.0344829 -0.00560145 0.267273 0.0108722
0.0451184 -0.00831216 0.355651 -0.908224
0.0370117 -0.00492453 0.273713 0.0115138
0.036592 -0.0061817 0.311493 -0.33913
0.041805 -0.00792388 0.31543 -0.526382
0.0384785 -0.00674398 0.304973 0.0140773
0.0344829 -0.00560145 0.267273 0.0108722
0.0372518 -0.0057885 0.287782 0.0127458
0.0547944 -0.0104095 0.418174 -1.0451
0.0310773 -0.0068116 0.264001 0.0104342
0.0321961 -0.00714366 0.274933 0.0113451
0.0336062 -0.00613466 0.27044 0.011108
0.0476001 -0.00828368 0.359961 -0.437061
0.0456357 -0.00574962 0.333083 -0.417043
0.0531743 -0.00793708 0.388633 -1.04901
0.0321961 -0.00714366 0.274933 0.0113451
0.0406319 -0.00903814 0.338689 -0.385694
0.041805 -0.00792388 0.31543 -0.526382
0.0420952 -0.00879017 0.344941 -0.89221
0.0349037 -0.00449918 0.259625 0.0105378
0.0319537 -0.00627818 0.260829 0.0102227
0.0546294 -0.00753021 0.380753 -0.481831
0.0410043 -0.00606509 0.311371 0.0148148
0.0423063 -0.00443252 0.300616 0.0141132
0.0511095 -0.00790703 0.370408 -0.460187
0.0347241 -0.00646618 0.28136 0.0120494
0.0406319 -0.00903814 0.338689 -0.385694
0.0373632 -0.0064142 0.29409 0.0130613
0.0496334 -0.00756478 0.371239 -0.360789
0.0397215 -0.00228141 0.258435 0.0104972
0.0352731 -0.00149757 0.240113 0.354406
0.0308337 -0.00594545 0.249881 0.00935369
0.0572035 -0.0132171 0.452365 -1.76642
0.038663 -0.00478018 0.283305 0.0124324
0.0374333 -0.00382276 0.266074 0.0111446
0.0448029 -0.00547678 0.332679 -0.309978
0.0441056 -0.00866055 0.349395 -0.412294
0.0469686 -0.0082513 0.357111 -0.510127
0.0406319 -0.00903814 0.338689 -0.385694
0.0372518 -0.0057885 0.287782 0.0127458
0.0513669 -0.0107694 0.404591 -1.00804
0.0408144 -0.00802539 0.332964 0.0165518
0.036791 -0.00777158 0.31644 0.223891
0.047507 -0.00867372 0.394844 -0.334094
0.0729055 -0.0120849 0.506093 -1.21234
0.0433693 -0.00193668 0.27581 0.0120184
0.0388048 -0.00127802 0.252764 0.301996
0.0478257 -0.0113711 0.399649 -1.17025
0.0512886 -0.0110299 0.413962 -1.21131
0.0476001 -0.00828368 0.359961 -0.437061
0.0476001 -0.00828368 0.359961 -0.437061
0.0423063 -0.00443252 0.300616 0.0141132
0.0397792 -0.00511061 0.294201 0.0134343
0.0423063 -0.00443252 0.300616 0.0141132
0.0547944 -0.0104095 0.418174 -1.0451
0.0389018 -0.00564359 0.297358 0.0137157
0.0476001 -0.00828368 0.359961 -0.437061
0.0593411 -0.0126394 0.469278 -1.24704
0.0437637 -0.00624617 0.331745 0.0169664
0.0601089 -0.0103896 0.449163 -0.804931
0.0841197 -0.0175118 0.658844 -2.37654
0.0929753 -0.0109696 0.590377 -1.08293
0.0634439 -0.00532143 0.438838 -0.245009
0.0541886 -0.00499998 0.377281 0.0221004
0.0901003 -0.0135864 0.591097 -1.3146
0.0441761 -0.00502796 0.299773 -0.436673
0.031384 -0.0023654 0.239358 0.264253
0.0531743 -0.00793708 0.388633 -1.04901
0.0397792 -0.00511061 0.294201 0.0134343
0.0650356 -0.00904217 0.451346 -1.10467
0.0431645 -0.00319727 0.285344 0.239961
0.069327 -0.0126858 0.505968 -1.39483
0.0460551 -0.00470666 0.324155 0.0162606
