-6.61911 0.43839 54.1734 -7.09583
0.0407795 -0.00708021 0.319801 0.283577
0.0601713 -0.016238 0.497995 -1.43898
-2.51756 0.127429 20.6511 -6.77598
0.351854 -0.118772 0.0780446 3.41331
0.0794725 -0.0151346 0.584458 -1.25692
0.0359523 -0.00742265 0.29857 0.0133315
0.0841197 -0.0175118 0.658844 -2.37654
0.0745299 -0.0148676 0.545847 -1.36882
0.0692451 -0.0123874 0.492473 -1.18243
0.0813329 -0.0177391 0.62444 -2.08311
-0.37744 0.0313464 0.280232 -0.282689
-0.240988 0.00810285 0.0275506 1.89203
0.0566668 -0.0107834 0.437329 -0.779151
0.0603699 -0.0097144 0.417358 -0.513449
-3.08052 0.194349 26.0736 -6.966
0.0566668 -0.0107834 0.437329 -0.779151
0.0672779 -0.0157073 0.530735 -1.5235
0.0346528 -0.00905687 0.309359 0.0138627
-7.00263 0.457084 59.2397 -7.40651
0.71192 -0.104542 -0.988669 -1.09516
0.0841197 -0.0175118 0.658844 -2.37654
0.0332425 -0.0100657 0.313848 0.014058
0.0655914 -0.0126899 0.478779 -1.15092
0.0806337 -0.0178352 0.64233 -2.34975
0.077051 -0.0181326 0.625272 -2.31726
0.0444436 -0.00909321 0.383353 -0.308928
-4.18787 0.280251 27.1324 -5.10906
-7.05023 0.542936 45.3416 -5.32848
0.0475212 -0.00984679 0.413936 -0.230254
0.0745299 -0.0148676 0.545847 -1.36882
0.0602943 -0.00784691 0.424813 -0.409089
0.0455315 -0.0093915 0.383407 -0.401203
0.0475786 -0.0119284 0.409728 -0.41744
0.0348898 -0.00991896 0.323385 0.0151166
0.299645 -0.0452313 -0.00643023 -0.385366
0.0472712 -0.0100842 0.352942 -0.562918
0.0476001 -0.00828368 0.359961 -0.437061
0.0390597 -0.0149263 0.389103 -1.05049
0.0513669 -0.0107694 0.404591 -1.00804
0.0460551 -0.00470666 0.324155 0.0162606
0.0806337 -0.0178352 0.64233 -2.34975
0.0435298 -0.00538597 0.317765 0.0155435
0.0672792 -0.015736 0.537444 -1.71655
0.0717351 -0.015052 0.520784 -1.16823
0.0591341 -0.0126469 0.432913 -0.50408
0.0528648 -0.00828161 0.399575 -0.262741
0.0745299 -0.0148676 0.545847 -1.36882
0.0507356 -0.00969402 0.363125 -0.58231
0.0371778 -0.00837739 0.315745 0.0146649
0.0468694 -0.0139686 0.404622 -0.930441
0.0657699 -0.0130055 0.492475 -1.36925
0.0441056 -0.00866055 0.349395 -0.412294
0.0395403 -0.00424744 0.28015 0.0121453
0.0272529 -0.00912528 0.268404 0.010153
0.0361347 -0.00545752 0.276875 0.0117742
0.0613422 -0.00985307 0.454446 -1.30794
0.049103 -0.00535446 0.343214 -0.439898
0.0410043 -0.00606509 0.311371 0.0148148
0.0639793 -0.0161069 0.518914 -1.51432
0.0593411 -0.0126394 0.469278 -1.24704
0.0414135 -0.00951472 0.371702 -0.282082
0.0497331 -0.0108274 0.386236 -0.452221
0.0426519 -0.00591843 0.32091 0.015851
0.0395403 -0.00424744 0.28015 0.0121453
0.0434968 -0.00865419 0.347368 -0.491794
0.0505096 -0.0164194 0.467631 -1.3326
0.0545502 -0.00832401 0.4108 -0.776391
0.0476001 -0.00828368 0.359961 -0.437061
0.0511095 -0.00790703 0.370408 -0.460187
0.0204451 -0.00441002 0.20523 0.652494
0.0547944 -0.0104095 0.418174 -1.0451
0.0460551 -0.00470666 0.324155 0.0162606
0.0692451 -0.0123874 0.492473 -1.18243
0.0613496 -0.0129473 0.482569 -0.935591
0.0672154 -0.0154895 0.519495 -1.32134
0.0598852 -0.012163 0.449229 -1.00414
0.0414135 -0.00951472 0.371702 -0.282082
0.0743439 -0.0188133 0.615741 -1.92622
0.055641 -0.0100669 0.402808 -0.833142
0.0433376 -0.00734475 0.339326 0.0173659
0.0648069 -0.0163919 0.532694 -1.16429
0.0522445 -0.0167628 0.483229 -1.01306
0.0619416 -0.0104519 0.450136 -0.491311
0.0737444 -0.0148545 0.552305 -1.52605
0.0649851 -0.0122688 0.481982 -0.788456
0.0537789 -0.0159896 0.480046 -1.35282
0.0672154 -0.0154895 0.519495 -1.32134
0.0531522 -0.00857342 0.403802 -0.365202
0.0790685 -0.0150967 0.594243 -2.14739
0.0446419 -0.00571379 0.328604 0.0166533
0.0414135 -0.00951472 0.371702 -0.282082
0.0684529 -0.0160739 0.545668 -1.1887
0.051156 -0.0115587 0.419924 -0.437333
0.0464243 -0.00899934 0.379728 0.0215882
0.0708654 -0.0151777 0.532688 -1.34555
0.0389018 -0.00564359 0.297358 0.0137157
0.0368293 -0.00688974 0.295411 0.0130877
0.0350714 -0.00914261 0.329659 -0.34946
0.0462876 -0.00556593 0.338115 0.0177397
0.0766665 -0.0181049 0.689074 -3.81208
0.0395403 -0.00424744 0.28015 0.0121453
0.0389981 -0.0151322 0.39547 -1.24436
0.0572035 -0.0132171 0.452365 -1.76642
0.0395403 -0.00424744 0.28015 0.0121453
0.0456357 -0.00574962 0.333083 -0.417043
0.0827764 -0.0185914 0.738176 -4.1151
0.0478464 -0.0110662 0.38895 -0.953043
0.0570289 -0.0123723 0.426096 -0.80106
0.0454693 -0.0112066 0.374772 -0.509352
0.0476001 -0.00828368 0.359961 -0.437061
0.0401267 -0.0065978 0.314522 0.0150978
0.0478464 -0.0110662 0.38895 -0.953043
0.0419616 -0.0115918 0.364672 -0.489362
0.0294894 -0.00978868 0.290252 0.0119786
0.0521125 -0.00673104 0.345844 -0.588583
0.0560283 -0.0130482 0.456538 -1.22251
0.0414285 -0.00496527 0.303767 0.0144205
0.0206372 -0.00589367 0.213076 0.493587
0.0395403 -0.00424744 0.28015 0.0121453
0.0486726 -0.00712901 0.335777 -0.569322
0.0513669 -0.0107694 0.404591 -1.00804
0.0513669 -0.0107694 0.404591 -1.00804
0.0493372 -0.013839 0.430322 -1.16421
0.0523396 -0.0113474 0.433712 -0.90055
0.0419616 -0.0115918 0.364672 -0.489362
0.0598921 -0.0160865 0.492182 -1.26419
0.0384785 -0.00674398 0.304973 0.0140773
0.0364861 -0.00694718 0.297249 0.0133134
0.0344829 -0.00560145 0.267273 0.0108722
0.0348361 -0.0070923 0.287675 0.0123458
0.041191 -0.00410269 0.289733 0.0130785
0.0645366 -0.0125888 0.482821 -1.84454
0.0448029 -0.00547678 0.332679 -0.309978
0.0272529 -0.00912528 0.268404 0.010153
0.0513669 -0.0107694 0.404591 -1.00804
0.0601089 -0.0103896 0.449163 -0.804931
0.0613496 -0.0129473 0.482569 -0.935591
0.0490695 -0.00900255 0.393236 -0.420305
0.03989 -0.00573588 0.300501 0.0137686
0.0531412 -0.011123 0.423675 -0.739978
0.0639793 -0.0161069 0.518914 -1.51432
0.0635825 -0.0158036 0.506243 -1.29598
0.0635825 -0.0158036 0.506243 -1.29598
0.0567191 -0.0126449 0.438863 -0.993104
0.0639793 -0.0161069 0.518914 -1.51432
0.0454693 -0.0112066 0.374772 -0.509352
0.0431645 -0.00319727 0.285344 0.239961
0.0395403 -0.00424744 0.28015 0.0121453
0.0652708 -0.0129983 0.497826 -1.54233
0.0283717 -0.00945732 0.279336 0.0110481
0.0399648 -0.0031474 0.272548 0.0115375
0.0618659 -0.00953694 0.44116 -1.09583
0.0511095 -0.00790703 0.370408 -0.460187
0.0560283 -0.0130482 0.456538 -1.22251
0.0435721 -0.0123191 0.39719 -0.465095
0.0401267 -0.0065978 0.314522 0.0150978
0.0546838 -0.0138388 0.461159 -0.904384
0.0593411 -0.0126394 0.469278 -1.24704
0.0560283 -0.0130482 0.456538 -1.22251
0.0572857 -0.0127582 0.425356 -1.23544
0.0297146 -0.00312309 0.2348 0.544288
0.0286114 -0.00806783 0.262768 0.26718
0.0710414 -0.0116361 0.49352 -1.58898
0.0547944 -0.0104095 0.418174 -1.0451
0.0414285 -0.00496527 0.303767 0.0144205
0.0296678 -0.00782093 0.268501 0.0106333
0.0421849 -0.00614507 0.322827 -0.392401
0.0429032 -0.00657143 0.354343 -0.27455
0.0477912 -0.00505701 0.34467 -0.341252
0.0486726 -0.00712901 0.335777 -0.569322
0.0384785 -0.00674398 0.304973 0.0140773
0.0441056 -0.00866055 0.349395 -0.412294
0.0368293 -0.00688974 0.295411 0.0130877
0.0414135 -0.00951472 0.371702 -0.282082
0.0361347 -0.00545752 0.276875 0.0117742
0.0465392 -0.00796613 0.359336 -0.331772
0.0359523 -0.00742265 0.29857 0.0133315
0.0267433 -0.00559056 0.240821 0.301746
0.0423063 -0.00443252 0.300616 0.0141132
0.0478464 -0.0110662 0.38895 -0.953043
0.038663 -0.00478018 0.283305 0.0124324
0.0368334 -0.0119353 0.346061 -0.802401
0.0346604 -0.00363309 0.245509 0.00939006
0.0462232 -0.00756291 0.326389 -0.456022
0.0421849 -0.00614507 0.322827 -0.392401
0.0361347 -0.00545752 0.276875 0.0117742
0.0350714 -0.00914261 0.329659 -0.34946
0.036592 -0.0061817 0.311493 -0.33913
0.0336062 -0.00613466 0.27044 0.011108
0.0513669 -0.0107694 0.404591 -1.00804
0.0546793 -0.0106546 0.427821 -1.24793
0.0441056 -0.00866055 0.349395 -0.412294
0.0406319 -0.00903814 0.338689 -0.385694
0.0317754 -0.00824598 0.282582 0.0116219
0.0594342 -0.0103299 0.435076 -1.11586
0.0537052 -0.0101158 0.403567 -1.45543
0.0456357 -0.00574962 0.333083 -0.417043
0.0128602 -0.00312321 0.17134 0.744676
0.0513669 -0.0107694 0.404591 -1.00804
0.0433749 -0.00499107 0.298035 -0.531373
0.0371912 -0.00295745 0.251976 0.00992659
0.0452364 -0.00752662 0.325643 -0.548645
0.0443511 -0.0117159 0.385447 -1.127
0.0655914 -0.0126899 0.478779 -1.15092
0.0802298 -0.0213303 0.706806 -2.95186
0.0344184 -0.00258672 0.263965 0.382011
0.0437637 -0.00624617 0.331745 0.0169664
0.03989 -0.00573588 0.300501 0.0137686
0.0560283 -0.0130482 0.456538 -1.22251
0.0359523 -0.00742265 0.29857 0.0133315
0.0692451 -0.0123874 0.492473 -1.18243
0.0625308 -0.0155671 0.499231 -1.74809
0.0580282 -0.0102616 0.441326 -1.28014
0.0300645 -0.0120178 0.300194 -0.438285
0.036592 -0.0061817 0.311493 -0.33913
0.0315254 -0.000491955 0.225279 0.542622
0.0580282 -0.0102616 0.441326 -1.28014
0.0476001 -0.00828368 0.359961 -0.437061
0.0513669 -0.0107694 0.404591 -1.00804
0.0476001 -0.00828368 0.359961 -0.437061
0.0373632 -0.0064142 0.29409 0.0130613
0.0441056 -0.00866055 0.349395 -0.412294
0.0441056 -0.00866055 0.349395 -0.412294
0.0546294 -0.00753021 0.380753 -0.481831
0.0566668 -0.0107834 0.437329 -0.779151
0.0754331 -0.0153767 0.576853 -2.10669
0.0467967 0.00167689 0.275212 0.380668
0.049103 -0.00535446 0.343214 -0.439898
0.049103 -0.00535446 0.343214 -0.439898
0.0283717 -0.00945732 0.279336 0.0110481
0.0376826 -0.00428833 0.266171 0.290593
0.0575533 -0.00736637 0.391528 -0.895962
0.0546294 -0.00753021 0.380753 -0.481831
0.0346409 1.99737e-05 0.232601 0.521856
0.0397792 -0.00511061 0.294201 0.0134343
0.0431843 -0.00390019 0.297472 0.0137799
0.0376826 -0.00428833 0.266171 0.290593
0.0580282 -0.0102616 0.441326 -1.28014
0.0423063 -0.00443252 0.300616 0.0141132
0.0500259 -0.00583284 0.361504 0.0201158
0.0150157 0.0185126 -0.00888442 2.05394
0.0841197 -0.0175118 0.658844 -2.37654
0.045602 -2.4169e-06 0.308934 0.302973
0.0393445 0.00663357 0.262006 0.751123
0.0536237 -0.000804617 0.338399 0.332452
0.0438722 -0.00686963 0.338012 0.0173287
0.279306 -0.037428 0.0860161 -0.35112
0.242328 -0.0319284 -0.0288702 -0.235539
0.0521125 -0.00673104 0.345844 -0.588583
0.0456357 -0.00574962 0.333083 -0.417043
0.0547944 -0.0104095 0.418174 -1.0451
0.287793 -0.0393569 -0.0367091 -0.334895
0.0624191 -0.0104289 0.480743 -1.15744
0.0827196 -0.0150707 0.634971 -2.52185
0.0650356 -0.00904217 0.451346 -1.10467
