-4.78008 0.401316 27.6007 -4.74794
0.079009 -0.00512297 0.0217511 3.23063
7.51236 -0.560226 -66.3766 -8.60548
-0.107445 -0.00661015 -0.564526 -5.68527
-0.107445 -0.00661015 -0.564526 -5.68527
0.321386 -0.053733 -0.0102573 3.61023
0.309856 -0.0527151 -0.000216979 1.99825
5.72856 -0.628162 -21.9263 -2.94547
0.035988 -0.0136203 0.000328601 1.99488
-0.170261 0.0496177 0.0121497 1.95494
-3.87225 0.300795 24.0982 -4.86861
-0.107445 -0.00661015 -0.564526 -5.68527
-0.107445 -0.00661015 -0.564526 -5.68527
-0.127131 0.000401478 2.40646e-05 1.99985
11.2207 -0.836358 -93.6721 -7.97808
0.413349 -0.135584 0.105491 3.52739
0.066145 -0.0184727 0.533688 -1.26957
-0.0273723 0.00566053 0.296468 0.572401
0.0727075 -0.0184566 0.622302 -2.55001
-0.107445 -0.00661015 -0.564526 -5.68527
4.09257 -0.333747 -36.7 -9.2824
0.047397 -0.00589216 0.348917 0.0189169
0.0350001 -0.0105438 0.329676 0.0154112
0.0570289 -0.0123723 0.426096 -0.80106
0.226914 -0.0326384 0.0044737 3.0139
0.0367017 -6.9952e-06 0.209483 0.436552
-10.7365 0.706 88.9339 -7.30844
0.0706908 -0.0209417 0.539888 -2.12872
-10.9354 1.0511 48.0667 -3.34146
0.024611 -0.000442473 0.226889 0.797019
0.0478383 -0.00799261 0.375291 0.0212431
12.2152 -0.884678 -106.931 -8.42646
0.0681022 -0.0155783 0.523896 -2.18013
0.0572857 -0.0127582 0.425356 -1.23544
0.315529 -0.125425 0.590774 -2.51114
-11.6545 0.849688 86.2214 -6.56656
8.17794 -0.641624 -65.0776 -7.66988
-10.2166 0.692899 81.3264 -6.99985
0.0686132 -0.0217738 0.6463 -3.15888
9.61791 -0.745022 -76.3916 -7.59196
0.0888923 -0.0209972 0.731811 -2.76666
-0.110057 0.0165766 0.52491 0.239346
13.1462 -0.887367 -129.294 -9.55638
-0.223912 0.00522663 0.0166713 1.9602
-0.0245809 0.0256557 0.00266578 1.9866
0.069327 -0.0126858 0.505968 -1.39483
0.0850397 -0.0174571 0.64142 -2.12083
0.0601089 -0.0103896 0.449163 -0.804931
0.369142 -0.0523133 -0.273289 -0.348482
8.30803 -0.681799 -60.0966 -6.83885
0.400127 -0.106434 -3.09105e-05 2.99989
12.2581 -0.875462 -109.516 -8.59042
0.0275835 -0.0020253 0.240349 0.575048
0.0384785 -0.00674398 0.304973 0.0140773
0.0477477 -0.0165243 0.441591 -1.09683
12.4958 -0.849745 -121.228 -9.39012
0.0476001 -0.00828368 0.359961 -0.437061
0.0455008 0.0020767 0.243192 0.0094086
0.0547944 -0.0104095 0.418174 -1.0451
12.379 -0.858545 -116.356 -9.08386
0.230011 -0.0362243 0.0943594 -0.263997
0.0441056 -0.00866055 0.349395 -0.412294
0.0531412 -0.011123 0.423675 -0.739978
0.0277113 0.000460012 0.214825 0.685069
-0.526193 0.129103 -0.106403 3.41879
0.0698876 -0.0187072 0.62337 -3.26334
10.4423 -0.730306 -100.292 -9.38827
8.8492 -0.671273 -75.2236 -8.27355
-11.0024 0.756124 86.2217 -6.88599
0.0476001 -0.00828368 0.359961 -0.437061
10.2389 -0.741059 -91.5405 -8.64054
-0.11473 0.0196094 0.464851 0.118559
0.651082 -0.18301 0.119569 3.39106
0.261987 -0.0376335 -0.0220731 -0.258963
0.0453184 -0.00867557 0.368978 0.0203542
0.309079 -0.0490591 -0.000311087 1.98801
10.2363 -0.785851 -81.7069 -7.60458
0.0819487 -0.0218196 0.759568 -3.959
0.297059 -0.0404593 -0.150548 -0.272249
0.0368842 -0.0015226 0.232775 0.00864926
0.047037 -0.00919908 0.392223 -0.864784
-10.8064 0.711959 87.3907 -7.06003
0.0180919 -0.000854636 0.189986 0.771915
0.66072 -0.18395 0.108353 3.35891
0.0698049 -0.01113 0.457564 -0.370985
0.0444043 -0.00316354 0.282923 0.307497
0.0410043 -0.00606509 0.311371 0.0148148
0.0598921 -0.0160865 0.492182 -1.26419
0.0537609 -0.0118167 0.459732 -0.7017
0.248738 -0.0337915 -0.00503296 1.98654
0.0813329 -0.0177391 0.62444 -2.08311
0.0635825 -0.0158036 0.506243 -1.29598
12.2707 -0.890073 -106.351 -8.30466
0.139951 -0.0218752 0.0602187 2.20787
0.0239856 -0.000684427 0.250733 0.81341
0.0436427 0.000384807 0.234354 0.325251
7.44032 -0.640678 -49.4874 -6.21072
0.0733451 -0.0183177 0.703968 -4.6257
0.21898 -0.0346606 -0.000660568 2.99786
0.261886 -0.0373076 -0.0046555 2.98642
0.0818663 -0.01464 0.730242 -4.95569
0.0451122 -0.00575115 0.330557 -0.499155
6.30448 -0.570213 -39.251 -5.81117
0.032269 -0.00794526 0.325829 -0.30176
0.0302862 -0.00462705 0.241853 0.387089
0.0366573 -0.00343297 0.253295 0.0099964
0.282862 -0.0398811 -0.102847 -0.287032
0.062797 -0.0158562 0.532337 -2.39289
12.812 -0.871641 -125.11 -9.49622
-10.4954 0.679552 89.7643 -7.6244
0.0410043 -0.00606509 0.311371 0.0148148
0.583067 -0.154475 -0.27543 -1.09306
0.032269 -0.00794526 0.325829 -0.30176
0.0521036 -0.0164786 0.454092 -1.65321
-9.58778 0.632293 78.6938 -7.24301
0.0396088 -0.00165471 0.252108 0.0101638
9.22696 -0.743646 -68.0375 -6.96704
0.0497331 -0.0108274 0.386236 -0.452221
0.0330727 -0.00661028 0.271763 0.0111275
-10.2248 0.693834 81.5192 -7.02469
-9.54469 0.618831 80.3745 -7.4592
0.0178592 -0.0021747 0.216844 0.735758
0.0270715 6.14293e-05 0.177841 0.694025
0.211413 -0.0337848 0.0151034 -0.202211
0.0418452 -0.00444823 0.332024 -0.374766
9.10951 -0.708764 -72.2737 -7.58487
0.026599 -0.00112362 0.20204 0.681049
0.076133 -0.0180817 0.661819 -3.17202
-0.0855704 0.0131524 0.394987 0.105867
-9.41849 0.625209 76.8001 -7.20138
0.0259502 -0.00286714 0.212343 0.45216
10.2293 -0.747096 -90.6219 -8.58981
-10.2316 0.675446 84.5968 -7.30764
0.0441056 -0.00866055 0.349395 -0.412294
0.0308337 -0.00594545 0.249881 0.00935369
0.086874 -0.0234884 1.03769 -7.37924
0.0580129 -0.0155743 0.447841 -0.493823
-0.265163 -0.0786968 3.84537 -3.95989
11.5112 -0.830234 -101.998 -8.532
0.384433 -0.136681 0.517729 -3.09902
0.598299 -0.17152 0.107111 3.38685
0.0395925 -0.00707304 0.315839 0.0151281
9.29645 -0.73777 -70.4939 -7.19069
0.0317316 -0.00573725 0.285268 0.27336
0.2326 -0.0377164 0.00153815 -0.244646
-0.109018 0.0144164 0.524999 0.108074
0.243419 -0.0346318 -0.0532644 -0.219389
0.0909411 -0.021702 0.797329 -3.78099
-4.80805 0.318349 41.8606 -7.95599
12.9826 -0.852063 -132.843 -9.93127
8.41913 -0.651551 -68.9126 -7.90619
0.0312531 -0.00484218 0.242214 0.00906073
-9.73933 0.634774 81.8804 -7.44004
0.0475886 -0.00464329 0.31066 -0.466349
0.066542 -0.0155525 0.548189 -2.42411
0.0625542 -0.0161095 0.549916 -2.40743
-0.531338 0.128874 -0.110677 3.37517
0.0831406 -0.0220802 0.749595 -3.65682
-10.287 0.698622 81.1477 -6.91912
7.95401 -0.652953 -58.1069 -6.94367
0.0218475 -0.000931863 0.178089 0.555878
0.0134853 -0.000333944 0.187494 0.817599
0.23963 -0.0349801 -0.0715666 -0.212265
0.255748 -0.0375586 -0.00423734 2.98738
10.3412 -0.785693 -83.8912 -7.73919
0.0218714 0.000786092 0.215656 0.672399
0.0591711 -0.0159771 0.496689 -1.99868
7.95401 -0.652953 -58.1069 -6.94367
0.0391971 -0.00430494 0.281989 0.0123777
0.309079 -0.0490591 -0.000311087 1.98801
0.0321865 -0.00277975 0.250209 0.487961
0.374438 -0.0617249 -0.202337 -0.463319
9.52259 -0.717383 -80.1663 -8.11826
0.0490443 -0.0141208 0.442066 -1.54601
-10.2265 0.700667 79.1873 -6.74956
7.14183 -0.630537 -45.1158 -5.82858
11.8515 -0.790649 -119.45 -9.79696
-11.8696 0.833561 91.2149 -6.76322
-9.48929 0.622111 79.3017 -7.4227
-10.6934 0.715188 87.2225 -7.21782
0.0317151 -0.0149218 0.432954 -0.845676
0.0441056 -0.00866055 0.349395 -0.412294
0.0372007 -0.0089069 0.331817 -0.822996
0.0305134 -0.0045148 0.23071 0.00822293
0.0351943 -0.00315771 0.244191 0.00930321
0.0714351 -0.0157322 0.621784 -3.59329
7.98829 -0.672014 -54.9545 -6.43719
8.22734 -0.667046 -60.8711 -7.0168
-9.0689 0.583779 75.8098 -7.36332
7.10196 -0.623157 -46.0961 -6.06535
-9.77894 0.646708 80.1637 -7.22653
0.0635825 -0.0158036 0.506243 -1.29598
-0.526618 0.125964 0.000269219 1.99937
7.36716 -0.621564 -51.08 -6.51355
0.181151 -0.0237362 -0.021687 2.92844
0.259123 -0.0378819 -0.0445803 -0.254988
0.0500469 -0.0119849 0.342985 -0.506072
12.0141 -0.829714 -113.631 -9.13028
5.49065 -0.543527 -28.6171 -4.6913
-10.3193 0.691914 83.7079 -7.17186
0.0503379 -0.0104961 0.389077 -1.41371
0.0335995 -0.00336814 0.235905 0.00871908
7.3737 -0.619253 -52.0793 -6.69351
0.0365693 -0.00945868 0.327653 -0.451053
0.0802555 -0.0179542 0.661868 -2.65593
0.0263893 -0.00226706 0.245471 0.501135
0.0652708 -0.0129983 0.497826 -1.54233
0.0618659 -0.00953694 0.44116 -1.09583
0.066439 -0.0156776 0.599757 -3.79904
0.0509125 -0.0160266 0.451683 -1.105
-10.0049 0.665153 81.4131 -7.17447
0.472016 -0.0633661 -0.508145 -0.454099
-0.17375 0.0279531 0.500076 0.23119
0.0522453 -0.00739638 0.361847 -1.21718
0.016096 -0.000274962 0.157878 0.824295
0.0490713 -0.00982303 0.369989 -1.73064
0.0270715 6.14293e-05 0.177841 0.694025
0.0424728 -0.00575512 0.330269 -0.913794
-10.4033 0.685018 86.9619 -7.41944
0.0258188 -0.00150636 0.231387 0.374222
-0.170079 0.0287151 0.519366 0.287744
-9.48929 0.622111 79.3017 -7.4227
0.190381 -0.023737 -0.00943899 3.38961
-10.1878 0.669086 86.1549 -7.55365
10.6773 -0.764117 -97.4225 -8.85238
0.245829 -0.0344807 -0.014553 2.95662
0.0360496 -0.00232494 0.255263 0.473368
-0.00961605 0.00267975 0.273045 0.69998
0.0763935 -0.0159382 0.645752 -3.41441
9.90188 -0.709033 -91.5772 -9.01173
0.0833039 -0.0305835 0.98785 -5.84549
5.45281 -0.560317 -25.1232 -3.8983
12.0141 -0.829714 -113.631 -9.13028
0.233354 -0.0348078 -0.000317079 2.99902
0.0416145 -0.00300243 0.282121 0.0126356
3.20738 -0.314062 -18.8207 -5.85119
0.118899 -0.105979 1.36849 -2.56774
-0.143762 0.0219374 0.481026 0.222956
0.240948 -0.0410771 0.0126235 -0.269252
0.031384 -0.0023654 0.239358 0.264253
0.910816 -0.13297 -0.937908 0.744721
6.63542 -0.544968 -50.2206 -7.32054
-5.4607 0.345162 49.7746 -8.21376
-0.389198 0.106658 -0.0309446 2.08438
20.3368 -1.14712 -262.774 -12.7837
-7.7569 0.767329 32.257 -3.00585
-10.8576 0.714429 89.3937 -7.22673
-1.11108 0.0195174 6.38727 -2.83072
-4.85879 0.310241 42.1186 -7.54734
-0.128088 0.00665518 -0.0499437 3.36155
0.208219 -0.0280153 0.000319883 2.00188
-2.22305 0.142311 14.2219 -4.7067
-10.703 0.720688 86.9418 -7.18026
-9.35235 0.65153 66.6313 -6.06273
-0.292183 0.0829517 -0.0868473 3.46589
0.224212 -0.0330688 0.0571512 -0.215048
