-8.28728 0.545912 67.5453 -7.15168
0.036951 -0.0130476 0.378701 -0.351336
0.0270139 -0.00932633 0.288259 0.238808
-7.63369 0.666302 45.5958 -5.4487
-0.240988 0.00810285 0.0275506 1.89203
0.0546838 -0.0138388 0.461159 -0.904384
0.0298414 -0.0112788 0.310637 0.0133789
0.0419616 -0.0115918 0.364672 -0.489362
0.0350001 -0.0105438 0.329676 0.0154112
0.0565313 -0.0164814 0.480599 -1.25057
0.0290898 -0.0115091 0.309489 0.271323
-0.107445 -0.00661015 -0.564526 -5.68527
-0.107445 -0.00661015 -0.564526 -5.68527
-8.28523 0.53536 69.0389 -7.32322
-6.79835 0.439157 56.5697 -7.25345
0.0346528 -0.00905687 0.309359 0.0138627
0.0289047 -0.00898148 0.278007 0.0110712
0.0296019 -0.0104151 0.296573 0.0122338
0.0355192 -0.0145551 0.371709 -0.362377
-0.204435 0.0756052 -0.0696411 3.65167
1.34474 -0.1878 -4.10973 -3.1423
0.0404712 -0.0126721 0.389121 -0.374494
0.0368131 -0.0156358 0.398396 -0.74166
0.0552123 -0.0196755 0.506488 -1.39616
0.0304814 -0.0107495 0.340489 -0.288925
0.0548403 -0.0196659 0.512176 -1.57258
0.0287256 -0.0109487 0.299746 0.0123968
0.911782 -0.183829 -1.28741 -1.3257
-7.24911 0.601333 41.0493 -4.60291
0.0390225 -0.0155621 0.404317 -0.366773
0.0371778 -0.00837739 0.315745 0.0146649
0.028701 -0.00681354 0.289161 0.43043
0.0294894 -0.00978868 0.290252 0.0119786
0.0459508 -0.01783 0.463802 -0.994744
0.03699 -0.0148969 0.370901 -0.461871
0.0484309 -0.0101122 0.35252 -0.471303
0.0380026 -0.0137217 0.346295 -0.590195
0.0281289 -0.00859169 0.265226 0.00998844
0.0206043 -0.0107098 0.247437 0.00796707
0.0309965 -0.0127404 0.330993 -0.500667
0.0333557 -0.0102732 0.351328 -0.311953
0.0512672 -0.0202046 0.514685 -1.18342
0.0319435 -0.0117002 0.324642 0.0144907
-8.32683 0.534423 70.2438 -7.43849
0.0806398 -0.0252826 0.856252 -4.66713
0.0791559 -0.0277373 0.774333 -3.48239
0.049958 -0.0167222 0.449119 -0.666822
0.0512594 -0.0142508 0.449645 -0.88196
0.0258442 -0.0101351 0.272915 0.0102708
0.0245494 -0.0117724 0.283767 0.0105716
0.0503363 -0.0197685 0.50033 -2.17087
0.0343025 -0.00756797 0.288999 0.0123586
0.0331234 -0.00986181 0.31767 -0.428465
0.0368131 -0.0156358 0.398396 -0.74166
0.0170246 -0.0107194 0.222662 0.327439
0.0405346 -0.017621 0.427904 -1.24739
0.038472 -0.0119487 0.353637 -0.462405
0.0505096 -0.0164194 0.467631 -1.3326
0.0296019 -0.0104151 0.296573 0.0122338
0.0346714 -0.0138675 0.336105 -0.363224
0.03699 -0.0148969 0.370901 -0.461871
0.0254251 -0.0112386 0.280586 0.0104483
0.0298414 -0.0112788 0.310637 0.0133789
0.0303657 -0.00925516 0.287079 0.0118014
0.0274956 -0.00999112 0.282514 0.0112094
0.0368131 -0.0156358 0.398396 -0.74166
0.0270758 -0.0110939 0.290172 0.0114073
0.0493372 -0.013839 0.430322 -1.16421
0.0333557 -0.0102732 0.351328 -0.311953
0.0505096 -0.0164194 0.467631 -1.3326
0.0245494 -0.0117724 0.283767 0.0105716
0.0206372 -0.00589367 0.213076 0.493587
0.0419616 -0.0115918 0.364672 -0.489362
0.0655273 -0.0188192 0.571532 -2.36156
0.0335897 -0.0115526 0.334163 0.0155835
0.0434677 -0.0151274 0.430856 -0.964272
0.0425233 -0.0145785 0.403045 -1.09177
0.0306894 -0.0124664 0.333103 -0.311431
0.0404338 -0.0153137 0.411273 -0.77779
0.0377403 -0.01262 0.381356 -0.751023
0.0477477 -0.0165243 0.441591 -1.09683
0.021681 -0.00941501 0.285104 0.23809
0.0425498 -0.0177753 0.437894 -0.780955
0.0237445 -0.00351127 0.252747 0.617208
0.0454693 -0.0112066 0.374772 -0.509352
0.0512594 -0.0142508 0.449645 -0.88196
0.0368131 -0.0156358 0.398396 -0.74166
0.0294201 -0.0123806 0.318277 0.013584
0.0220098 -0.00683679 0.252618 0.384222
0.0505096 -0.0164194 0.467631 -1.3326
0.0367015 -0.0116271 0.35685 -0.371365
0.0404338 -0.0153137 0.411273 -0.77779
0.0647772 -0.0222781 0.613449 -2.4496
0.0219157 -0.0093107 0.255613 0.47222
0.0169657 -0.00566057 0.220478 0.717427
0.0307178 -0.0107453 0.307465 0.0132091
0.0258442 -0.0101351 0.272915 0.0102708
0.0315201 -0.0127391 0.333519 -0.418554
0.040676 -0.0173995 0.418689 -1.04665
0.0476299 -0.0146527 0.436993 -0.845794
0.0407434 -0.0119818 0.368942 -1.06192
0.019869 -0.00620183 0.218638 0.393402
0.0196573 -0.0136478 0.300733 -0.313247
0.0230712 -0.00994551 0.252347 0.00853553
0.0331234 -0.00986181 0.31767 -0.428465
0.0272529 -0.00912528 0.268404 0.010153
0.0425233 -0.0145785 0.403045 -1.09177
0.0238488 -0.0103365 0.265156 0.00953606
0.0301349 -0.00993917 0.295243 0.0122634
0.0504553 -0.0195855 0.483466 -1.84742
0.0349906 -0.0123441 0.343636 -0.441305
0.0292479 -0.00892376 0.27616 0.0108772
0.0233163 -0.0108126 0.26649 0.0094848
0.0405346 -0.017621 0.427904 -1.24739
0.0280666 -0.0131343 0.323275 -0.394009
0.0417878 -0.0123996 0.395596 -0.802044
0.0383993 -0.00829433 0.304225 -0.495507
0.029781 -0.00844784 0.274832 0.0108918
0.0118703 -0.00713583 0.180453 0.626015
0.0464728 -0.0164434 0.437923 -1.57731
0.0268946 -0.00763107 0.24793 0.00890139
0.0242344 -0.0103437 0.296677 -0.353527
0.0424597 -0.0147821 0.409953 -1.28786
0.0354842 -0.0152065 0.373178 -0.990811
0.0536423 -0.0190393 0.482842 -1.58699
0.0220227 -0.0124506 0.277357 0.00972631
0.0254251 -0.0112386 0.280586 0.0104483
0.0306894 -0.0124664 0.333103 -0.311431
0.0315201 -0.0127391 0.333519 -0.418554
0.0247915 -0.0126377 0.297868 0.0116066
0.0439092 -0.0172505 0.441824 -1.28149
0.077912 -0.022375 0.822661 -4.92174
0.0300225 -0.0093129 0.288925 0.0120028
0.0425233 -0.0145785 0.403045 -1.09177
0.0209028 -0.012118 0.266411 0.00887652
0.0244418 -0.00839358 0.242974 0.00838665
0.0334258 -0.00810109 0.292163 0.012578
0.0577758 -0.0189386 0.511903 -1.90169
0.0270139 -0.00932633 0.288259 0.238808
0.0246795 -0.00826485 0.253113 0.300767
0.038472 -0.0119487 0.353637 -0.462405
0.0313976 -0.0163803 0.383963 -0.403054
0.0270758 -0.0110939 0.290172 0.0114073
0.0390041 -0.0137971 0.34852 -0.510274
0.0380026 -0.0137217 0.346295 -0.590195
0.0577757 -0.0191602 0.532684 -2.24795
0.0472224 -0.016841 0.454913 -1.30906
0.0472712 -0.0100842 0.352942 -0.562918
0.0633894 -0.0158628 0.538608 -2.82627
0.0206372 -0.00589367 0.213076 0.493587
0.0354842 -0.0152065 0.373178 -0.990811
0.02672 -0.00960132 0.269735 0.0101245
0.0294243 -0.00695472 0.254382 0.0095658
0.0321607 -0.00958459 0.317905 -0.319019
0.0281289 -0.00859169 0.265226 0.00998844
0.0270758 -0.0110939 0.290172 0.0114073
0.0349906 -0.0123441 0.343636 -0.441305
0.0218812 -0.00813272 0.233932 0.453752
0.0516586 -0.0199968 0.49305 -1.371
0.0380026 -0.0137217 0.346295 -0.590195
0.0106153 -0.00327264 0.159935 0.84606
0.0281289 -0.00859169 0.265226 0.00998844
0.0334772 -0.0152732 0.360463 -0.438819
0.0559474 -0.0160606 0.457673 -1.44488
0.0377403 -0.01262 0.381356 -0.751023
0.0306894 -0.0124664 0.333103 -0.311431
0.0274521 -0.0131347 0.32131 -0.480327
0.0238488 -0.0103365 0.265156 0.00953606
0.0296678 -0.00782093 0.268501 0.0106333
0.0296678 -0.00782093 0.268501 0.0106333
0.0273166 -0.0119584 0.304255 0.0124967
0.0315201 -0.0127391 0.333519 -0.418554
0.0236008 -0.00893646 0.246171 0.00850217
0.0148544 -0.00933645 0.220587 0.42639
0.0211463 -0.00848381 0.240447 0.353233
0.043166 -0.01684 0.423263 -1.53925
0.0368334 -0.0119353 0.346061 -0.802401
0.0254859 -0.00864084 0.252442 0.00904204
0.0258442 -0.0101351 0.272915 0.0102708
0.0614402 -0.0188323 0.546912 -2.26692
0.0424597 -0.0147821 0.409953 -1.28786
0.0368334 -0.0119353 0.346061 -0.802401
0.0354867 -0.0154651 0.380892 -1.19788
0.0230712 -0.00994551 0.252347 0.00853553
0.0233016 -0.00804657 0.231802 0.00759945
0.0258352 -0.00737618 0.238397 0.00826651
0.0106153 -0.00327264 0.159935 0.84606
0.0446035 -0.0172029 0.431223 -1.80818
0.0256002 -0.00926871 0.258789 0.00926612
0.0224772 -0.0131714 0.311931 -0.340753
0.0181179 -0.00384108 0.175699 0.670607
0.0281289 -0.00859169 0.265226 0.00998844
0.0170791 -0.0067887 0.211159 0.412815
0.0345596 -0.0141193 0.336241 -0.571039
0.0258442 -0.0101351 0.272915 0.0102708
0.0557747 -0.0161654 0.468876 -1.69059
0.0260187 -0.00816489 0.251112 0.00906391
0.0242221 -0.00484518 0.206461 0.303865
0.0305708 -0.01546 0.368317 -1.14536
0.0236008 -0.00893646 0.246171 0.00850217
0.0280145 -0.0116955 0.297246 -0.508677
0.0276159 -0.0093738 0.272965 -0.405448
0.0618189 -0.0227242 0.650045 -3.70805
0.0206785 -0.00808722 0.218709 0.0066876
0.0350714 -0.00914261 0.329659 -0.34946
0.0615599 -0.0227179 0.602643 -2.46732
0.0286114 -0.00806783 0.262768 0.26718
0.0323658 -0.010599 0.317014 0.0142523
0.0274956 -0.00999112 0.282514 0.0112094
0.0272529 -0.00912528 0.268404 0.010153
0.0274956 -0.00999112 0.282514 0.0112094
0.0419616 -0.0115918 0.364672 -0.489362
0.0214276 -0.00605603 0.238924 0.222727
0.0408616 -0.0117511 0.362143 -0.872325
0.0268447 -0.0156438 0.346585 -0.878775
0.0205669 -0.0106397 0.284702 -0.307679
0.0306894 -0.0124664 0.333103 -0.311431
0.0434402 -0.0143549 0.391959 -0.897238
0.0311905 -0.00743858 0.270332 0.0107025
0.0309965 -0.0127404 0.330993 -0.500667
0.0315201 -0.0127391 0.333519 -0.418554
0.020134 -0.00829425 0.208572 0.335933
0.0247245 -0.0098025 0.261971 0.00940595
0.0261999 -0.0116277 0.293352 0.0115457
0.0185919 -0.00343685 0.213887 0.658509
0.0355192 -0.0145551 0.371709 -0.362377
0.0565313 -0.0164814 0.480599 -1.25057
0.0544842 -0.0152925 0.44891 -0.917442
0.0317754 -0.00824598 0.282582 0.0116219
0.0311905 -0.00743858 0.270332 0.0107025
0.0247904 -0.0105584 0.298932 -0.485511
0.0232819 -0.00985867 0.24109 0.267025
0.0368334 -0.0119353 0.346061 -0.802401
0.0292479 -0.00892376 0.27616 0.0108772
0.0614402 -0.0188323 0.546912 -2.26692
0.0380026 -0.0137217 0.346295 -0.590195
0.0296019 -0.0104151 0.296573 0.0122338
0.0296976 -0.0102668 0.307594 -0.404276
0.0268946 -0.00763107 0.24793 0.00890139
0.0161389 -0.00516641 0.203828 0.589372
0.0165331 -0.00242798 0.179336 0.762997
0.0327295 -0.00666813 0.27361 0.0113342
0.0395925 -0.00707304 0.315839 0.0151281
-8.7507 0.594498 68.3515 -6.78859
0.0808473 -0.0172755 0.58841 -1.37365
0.0640667 -0.0159502 0.536377 -0.833972
0.0294715 -0.00966611 0.321232 0.302617
0.0549474 -0.0135226 0.448161 -0.727296
0.0416054 -0.0140466 0.377148 -1.26913
0.0109176 -0.00585047 0.183617 0.721357
0.0368334 -0.0119353 0.346061 -0.802401
0.206771 -0.0433379 0.0491929 -0.22623
0.0250086 -0.00638762 0.262752 0.351441
-9.24924 0.607163 76.3927 -7.28241
0.0334793 -0.0109279 0.327873 0.0152989
0.0367015 -0.0116271 0.35685 -0.371365
