0.044043 -0.0141433 0.391475 -0.503626
0.0502221 -0.0135528 0.41665 -0.95721
0.0321275 -0.00973608 0.302968 0.0130521
-0.0238634 -0.0153907 0.0327603 -0.00381238
-2.1332 0.278281 3.84023 -0.515648
0.0568168 -0.0100867 0.407098 -0.494403
0.0749166 -0.0211259 0.655482 -2.47602
0.0644167 -0.0156306 0.492478 -1.10199
0.0408144 -0.00802539 0.332964 0.0165518
0.0497331 -0.0108274 0.386236 -0.452221
0.0475786 -0.0119284 0.409728 -0.41744
-0.184876 0.00138689 0.000139705 1.99958
-3.4303 0.430927 6.89659 -0.550208
0.0312185 -0.00746818 0.271396 0.248156
0.0414135 -0.00951472 0.371702 -0.282082
0.0444436 -0.00909321 0.383353 -0.308928
0.0298414 -0.0112788 0.310637 0.0133789
0.0355192 -0.0145551 0.371709 -0.362377
0.0294201 -0.0123806 0.318277 0.013584
0.0265986 -0.00729601 0.232091 0.532068
-9.46988 0.630944 76.0641 -7.02979
0.0653347 -0.0149758 0.506321 -1.71472
0.0332425 -0.0100657 0.313848 0.014058
0.0359523 -0.00742265 0.29857 0.0133315
0.03619 -0.00828542 0.312609 0.014594
0.0348361 -0.0070923 0.287675 0.0123458
0.0454693 -0.0112066 0.374772 -0.509352
0.0233949 -0.00674789 0.24966 0.452505
0.0419616 -0.0115918 0.364672 -0.489362
0.0598921 -0.0160865 0.492182 -1.26419
0.0424595 -0.0078771 0.342468 0.0176559
0.0583284 -0.0131162 0.459653 -0.749978
0.0349906 -0.0123441 0.343636 -0.441305
0.0307178 -0.0107453 0.307465 0.0132091
0.0307178 -0.0107453 0.307465 0.0132091
0.0341193 -0.00953263 0.310685 0.0138542
0.0577758 -0.0189386 0.511903 -1.90169
0.0591711 -0.0159771 0.496689 -1.99868
0.0272529 -0.00912528 0.268404 0.010153
0.0321607 -0.00958459 0.317905 -0.319019
0.0598921 -0.0160865 0.492182 -1.26419
0.0512594 -0.0142508 0.449645 -0.88196
0.0414135 -0.00951472 0.371702 -0.282082
0.0357668 -0.00938587 0.320225 0.014898
0.0485533 -0.0104892 0.385298 -0.348999
0.0527286 -0.0165372 0.472159 -0.84702
0.0635825 -0.0158036 0.506243 -1.29598
0.0444436 -0.00909321 0.383353 -0.308928
0.0211463 -0.00848381 0.240447 0.353233
0.0211463 -0.00848381 0.240447 0.353233
0.040676 -0.0173995 0.418689 -1.04665
0.0308989 -0.00877932 0.285752 0.0118171
0.0408616 -0.0117511 0.362143 -0.872325
0.0468694 -0.0139686 0.404622 -0.930441
0.0256002 -0.00926871 0.258789 0.00926612
0.0281289 -0.00859169 0.265226 0.00998844
0.0526954 -0.013449 0.443564 -1.19504
0.0526954 -0.013449 0.443564 -1.19504
0.0526954 -0.013449 0.443564 -1.19504
0.0493372 -0.013839 0.430322 -1.16421
0.0476299 -0.0146527 0.436993 -0.845794
0.0321275 -0.00973608 0.302968 0.0130521
0.0502221 -0.0135528 0.41665 -0.95721
0.0348361 -0.0070923 0.287675 0.0123458
0.0258442 -0.0101351 0.272915 0.0102708
0.0270758 -0.0110939 0.290172 0.0114073
0.0315201 -0.0127391 0.333519 -0.418554
0.0459482 -0.014216 0.416806 -1.12978
0.0443696 -0.0114147 0.375612 -0.91413
0.0350714 -0.00914261 0.329659 -0.34946
0.0425233 -0.0145785 0.403045 -1.09177
0.0408616 -0.0117511 0.362143 -0.872325
0.0560283 -0.0130482 0.456538 -1.22251
0.0489817 -0.0108215 0.384817 -0.528219
0.0462079 -0.0111961 0.375607 -0.428801
0.0475788 -0.0137655 0.401632 -0.522585
0.0502221 -0.0135528 0.41665 -0.95721
0.0321275 -0.00973608 0.302968 0.0130521
0.0419616 -0.0115918 0.364672 -0.489362
0.0334258 -0.00810109 0.292163 0.012578
0.0296019 -0.0104151 0.296573 0.0122338
0.0307178 -0.0107453 0.307465 0.0132091
0.0294201 -0.0123806 0.318277 0.013584
0.0426991 -0.0115642 0.364824 -0.403603
0.0598921 -0.0160865 0.492182 -1.26419
0.0672779 -0.0157073 0.530735 -1.5235
0.0262992 -0.00614206 0.255758 0.44286
0.0454693 -0.0112066 0.374772 -0.509352
0.0454693 -0.0112066 0.374772 -0.509352
0.0489817 -0.0108215 0.384817 -0.528219
0.0373632 -0.0064142 0.29409 0.0130613
0.0312185 -0.00746818 0.271396 0.248156
0.0515273 -0.0139153 0.436415 -0.701945
0.0312185 -0.00746818 0.271396 0.248156
0.03619 -0.00828542 0.312609 0.014594
0.0454693 -0.0112066 0.374772 -0.509352
0.0315201 -0.0127391 0.333519 -0.418554
0.0390597 -0.0149263 0.389103 -1.05049
0.0315201 -0.0127391 0.333519 -0.418554
0.0321275 -0.00973608 0.302968 0.0130521
0.029781 -0.00844784 0.274832 0.0108918
0.0334258 -0.00810109 0.292163 0.012578
0.0345596 -0.0141193 0.336241 -0.571039
0.0281289 -0.00859169 0.265226 0.00998844
0.0535767 -0.0135252 0.436234 -1.71704
0.0350714 -0.00914261 0.329659 -0.34946
0.0344829 -0.00560145 0.267273 0.0108722
0.0331234 -0.00986181 0.31767 -0.428465
0.0426991 -0.0115642 0.364824 -0.403603
0.0283717 -0.00945732 0.279336 0.0110481
0.0225008 -0.00432604 0.222351 0.521676
0.0468694 -0.0139686 0.404622 -0.930441
0.0180118 -0.00891311 0.230526 0.388808
0.0230712 -0.00994551 0.252347 0.00853553
0.0327997 -0.0115889 0.30829 -0.554716
0.0296678 -0.00782093 0.268501 0.0106333
0.0321607 -0.00958459 0.317905 -0.319019
0.0334258 -0.00810109 0.292163 0.012578
0.0315201 -0.0127391 0.333519 -0.418554
0.0403579 -0.0108612 0.332273 -0.519366
0.0319537 -0.00627818 0.260829 0.0102227
0.0321607 -0.00958459 0.317905 -0.319019
0.0319537 -0.00627818 0.260829 0.0102227
0.0368334 -0.0119353 0.346061 -0.802401
0.0346528 -0.00905687 0.309359 0.0138627
0.0284847 -0.0100842 0.285664 0.0112942
0.0308989 -0.00877932 0.285752 0.0118171
0.0308989 -0.00877932 0.285752 0.0118171
0.0256002 -0.00926871 0.258789 0.00926612
0.0241919 -0.0102786 0.263304 0.0093634
0.0270758 -0.0110939 0.290172 0.0114073
0.0246795 -0.00826485 0.253113 0.300767
0.0408616 -0.0117511 0.362143 -0.872325
0.0319537 -0.00627818 0.260829 0.0102227
0.022115 -0.00754023 0.219424 0.297676
0.0294243 -0.00695472 0.254382 0.0095658
0.0560283 -0.0130482 0.456538 -1.22251
0.0426991 -0.0115642 0.364824 -0.403603
0.0371778 -0.00837739 0.315745 0.0146649
0.0334258 -0.00810109 0.292163 0.012578
0.0346528 -0.00905687 0.309359 0.0138627
0.0365107 -0.0131085 0.377911 -0.430138
0.0468694 -0.0139686 0.404622 -0.930441
0.0325491 -0.00863447 0.295331 0.0127883
0.0380026 -0.0137217 0.346295 -0.590195
0.0349906 -0.0123441 0.343636 -0.441305
0.0321607 -0.00958459 0.317905 -0.319019
0.0334258 -0.00810109 0.292163 0.012578
0.0338075 -0.00929589 0.320507 -0.796394
0.0294243 -0.00695472 0.254382 0.0095658
0.0244418 -0.00839358 0.242974 0.00838665
0.0338075 -0.00929589 0.320507 -0.796394
0.0406319 -0.00903814 0.338689 -0.385694
0.0348361 -0.0070923 0.287675 0.0123458
0.0334258 -0.00810109 0.292163 0.012578
0.0308989 -0.00877932 0.285752 0.0118171
0.0493372 -0.013839 0.430322 -1.16421
0.0367015 -0.0116271 0.35685 -0.371365
0.0308989 -0.00877932 0.285752 0.0118171
0.0321275 -0.00973608 0.302968 0.0130521
0.043166 -0.01684 0.423263 -1.53925
0.0306894 -0.0124664 0.333103 -0.311431
0.0315201 -0.0127391 0.333519 -0.418554
0.0246795 -0.00826485 0.253113 0.300767
0.0321607 -0.00958459 0.317905 -0.319019
0.0350714 -0.00914261 0.329659 -0.34946
0.0368334 -0.0119353 0.346061 -0.802401
0.0292479 -0.00892376 0.27616 0.0108772
0.0321961 -0.00714366 0.274933 0.0113451
0.0344829 -0.00560145 0.267273 0.0108722
0.0350714 -0.00914261 0.329659 -0.34946
0.0321607 -0.00958459 0.317905 -0.319019
0.0294243 -0.00695472 0.254382 0.0095658
0.02672 -0.00960132 0.269735 0.0101245
0.029781 -0.00844784 0.274832 0.0108918
0.0281289 -0.00859169 0.265226 0.00998844
0.0272529 -0.00912528 0.268404 0.010153
0.022115 -0.00754023 0.219424 0.297676
0.0258442 -0.0101351 0.272915 0.0102708
0.0292479 -0.00892376 0.27616 0.0108772
0.0368334 -0.0119353 0.346061 -0.802401
0.0408616 -0.0117511 0.362143 -0.872325
0.0256002 -0.00926871 0.258789 0.00926612
0.0296976 -0.0102668 0.307594 -0.404276
0.0283035 -0.00662149 0.243423 0.00872762
0.0294243 -0.00695472 0.254382 0.0095658
0.0485531 -0.013649 0.420269 -1.64315
0.0260187 -0.00816489 0.251112 0.00906391
0.0305441 -0.00728734 0.265327 0.0104399
0.0182063 -0.00632665 0.200284 0.541309
0.0321607 -0.00958459 0.317905 -0.319019
0.0459482 -0.014216 0.416806 -1.12978
0.022115 -0.00754023 0.219424 0.297676
0.0170791 -0.0067887 0.211159 0.412815
0.0256002 -0.00926871 0.258789 0.00926612
0.0349906 -0.0123441 0.343636 -0.441305
0.0308427 -0.00893767 0.283395 -0.433001
0.0350714 -0.00914261 0.329659 -0.34946
0.0280145 -0.0116955 0.297246 -0.508677
0.0368334 -0.0119353 0.346061 -0.802401
0.0308427 -0.00893767 0.283395 -0.433001
0.0242221 -0.00484518 0.206461 0.303865
0.0294243 -0.00695472 0.254382 0.0095658
0.0233016 -0.00804657 0.231802 0.00759945
0.0526954 -0.013449 0.443564 -1.19504
0.0308989 -0.00877932 0.285752 0.0118171
0.0334258 -0.00810109 0.292163 0.012578
0.0454693 -0.0112066 0.374772 -0.509352
0.0211463 -0.00848381 0.240447 0.353233
0.0306894 -0.0124664 0.333103 -0.311431
0.0283717 -0.00945732 0.279336 0.0110481
0.0267433 -0.00559056 0.240821 0.301746
0.0258352 -0.00737618 0.238397 0.00826651
0.0296678 -0.00782093 0.268501 0.0106333
0.020134 -0.00829425 0.208572 0.335933
0.0300962 -0.00890647 0.281855 -0.534611
0.0408616 -0.0117511 0.362143 -0.872325
0.0321961 -0.00714366 0.274933 0.0113451
0.0336062 -0.00613466 0.27044 0.011108
0.0285482 -0.00748835 0.257558 0.00975283
0.0408616 -0.0117511 0.362143 -0.872325
0.0247245 -0.0098025 0.261971 0.00940595
0.0283035 -0.00662149 0.243423 0.00872762
0.0281289 -0.00859169 0.265226 0.00998844
0.0308989 -0.00877932 0.285752 0.0118171
0.0270139 -0.00932633 0.288259 0.238808
0.0419616 -0.0115918 0.364672 -0.489362
0.0371778 -0.00837739 0.315745 0.0146649
0.0285482 -0.00748835 0.257558 0.00975283
0.0400289 -0.00905642 0.33755 -0.472132
0.0170791 -0.0067887 0.211159 0.412815
0.0229245 -0.00575976 0.228677 0.35565
0.0557747 -0.0161654 0.468876 -1.69059
0.0321961 -0.00714366 0.274933 0.0113451
0.0478464 -0.0110662 0.38895 -0.953043
0.0323087 -0.00777018 0.281256 0.0116227
0.0459482 -0.014216 0.416806 -1.12978
0.0272529 -0.00912528 0.268404 0.010153
0.0285482 -0.00748835 0.257558 0.00975283
0.0407434 -0.0119818 0.368942 -1.06192
0.038472 -0.0119487 0.353637 -0.462405
0.0367015 -0.0116271 0.35685 -0.371365
0.0318201 -0.00714248 0.267861 0.326675
0.0365107 -0.0131085 0.377911 -0.430138
0.0815276 -0.0182001 0.647757 -1.98789
0.0589839 -0.0107551 0.439822 -0.400775
0.0444436 -0.00909321 0.383353 -0.308928
0.0388532 -0.0058941 0.323089 0.326843
0.0283035 -0.00662149 0.243423 0.00872762
0.0285482 -0.00748835 0.257558 0.00975283
0.0285482 -0.00748835 0.257558 0.00975283
0.0200815 -0.00370559 0.190437 0.541711
0.0493854 -0.0169681 0.461136 -0.828612
0.0321607 -0.00958459 0.317905 -0.319019
0.0348361 -0.0070923 0.287675 0.0123458
0.0468694 -0.0139686 0.404622 -0.930441
