0.0565313 -0.0164814 0.480599 -1.25057
0.0454693 -0.0112066 0.374772 -0.509352
0.0333557 -0.0102732 0.351328 -0.311953
-3.96682 0.202655 32.7275 -6.91376
-0.25647 -0.0174534 0.929948 -1.46287
0.0531522 -0.00857342 0.403802 -0.365202
0.0624662 -0.0187744 0.520193 -1.24238
0.0496334 -0.00756478 0.371239 -0.360789
0.0532705 -0.0104576 0.396727 -0.474037
0.0532705 -0.0104576 0.396727 -0.474037
0.0829297 -0.020493 0.673041 -2.27864
0.598957 -0.164702 -0.000133315 1.99971
0.566257 -0.144769 -0.0699493 1.81848
0.0475788 -0.0137655 0.401632 -0.522585
0.0598852 -0.012163 0.449229 -1.00414
0.0433376 -0.00734475 0.339326 0.0173659
0.044043 -0.0141433 0.391475 -0.503626
0.0332425 -0.0100657 0.313848 0.014058
0.0577758 -0.0189386 0.511903 -1.90169
0.0544842 -0.0152925 0.44891 -0.917442
0.0299578 -0.0134499 0.339115 0.0152984
0.0672154 -0.0154895 0.519495 -1.32134
0.0312185 -0.00746818 0.271396 0.248156
0.0410043 -0.00606509 0.311371 0.0148148
0.0489817 -0.0108215 0.384817 -0.528219
0.0560283 -0.0130482 0.456538 -1.22251
0.0455315 -0.0093915 0.383407 -0.401203
0.211877 -0.0298594 -0.0227134 2.8754
0.0689567 -0.0222359 0.631836 -2.06334
0.039059 -0.00909083 0.339263 0.0170753
0.0438722 -0.00686963 0.338012 0.0173287
0.047507 -0.00867372 0.394844 -0.334094
0.0323658 -0.010599 0.317014 0.0142523
0.0440407 -0.0149863 0.424148 -0.812553
0.033681 -0.0120472 0.345092 -0.342674
0.0512594 -0.0142508 0.449645 -0.88196
0.0336062 -0.00613466 0.27044 0.011108
0.041805 -0.00792388 0.31543 -0.526382
0.0256002 -0.00926871 0.258789 0.00926612
0.0319537 -0.00627818 0.260829 0.0102227
0.055641 -0.0100669 0.402808 -0.833142
0.0546838 -0.0138388 0.461159 -0.904384
0.0531412 -0.011123 0.423675 -0.739978
0.070531 -0.0191993 0.628603 -2.7192
0.0426906 -0.00873572 0.35641 0.0191033
0.0431333 -0.0119887 0.397947 -0.30101
0.051156 -0.0115587 0.419924 -0.437333
0.0494464 -0.0111885 0.420997 -0.350274
0.0521036 -0.0164786 0.454092 -1.65321
0.0283717 -0.00945732 0.279336 0.0110481
0.0380026 -0.0137217 0.346295 -0.590195
0.0350753 -0.00795582 0.301733 0.0135663
0.0350714 -0.00914261 0.329659 -0.34946
0.0359523 -0.00742265 0.29857 0.0133315
0.0256002 -0.00926871 0.258789 0.00926612
0.0365693 -0.00945868 0.327653 -0.451053
0.0389018 -0.00564359 0.297358 0.0137157
0.0611795 -0.01286 0.458883 -1.56995
0.0507356 -0.00969402 0.363125 -0.58231
0.0502221 -0.0135528 0.41665 -0.95721
0.0620668 -0.0191782 0.544698 -1.6497
0.0321275 -0.00973608 0.302968 0.0130521
0.0502221 -0.0135528 0.41665 -0.95721
0.0359523 -0.00742265 0.29857 0.0133315
0.0434402 -0.0143549 0.391959 -0.897238
0.0369127 -0.0112479 0.321751 -0.494751
0.0349906 -0.0123441 0.343636 -0.441305
0.0406319 -0.00903814 0.338689 -0.385694
0.0478464 -0.0110662 0.38895 -0.953043
0.0384785 -0.00674398 0.304973 0.0140773
0.0425233 -0.0145785 0.403045 -1.09177
0.0478464 -0.0110662 0.38895 -0.953043
0.0444436 -0.00909321 0.383353 -0.308928
0.0531412 -0.011123 0.423675 -0.739978
0.055641 -0.0100669 0.402808 -0.833142
0.0317316 -0.00573725 0.285268 0.27336
0.0454693 -0.0112066 0.374772 -0.509352
0.0321275 -0.00973608 0.302968 0.0130521
0.0426991 -0.0115642 0.364824 -0.403603
0.0406319 -0.00903814 0.338689 -0.385694
0.0367015 -0.0116271 0.35685 -0.371365
0.0459936 -0.0173815 0.449723 -0.80669
0.0286114 -0.00806783 0.262768 0.26718
0.0408144 -0.00802539 0.332964 0.0165518
0.0485533 -0.0104892 0.385298 -0.348999
0.0566668 -0.0107834 0.437329 -0.779151
0.044043 -0.0141433 0.391475 -0.503626
0.0489817 -0.0108215 0.384817 -0.528219
0.03989 -0.00573588 0.300501 0.0137686
0.0686288 -0.0145624 0.51694 -1.71077
0.0395925 -0.00707304 0.315839 0.0151281
0.0350753 -0.00795582 0.301733 0.0135663
0.0560289 -0.016092 0.482846 -0.862413
0.0360023 -0.0102471 0.334231 0.016192
0.0374134 -0.00923862 0.329751 0.0159718
0.0431333 -0.0119887 0.397947 -0.30101
0.0331234 -0.00986181 0.31767 -0.428465
0.0256519 -0.00726694 0.229787 0.256167
0.0306894 -0.0124664 0.333103 -0.311431
0.0535021 -0.01311 0.428041 -0.977826
0.0443696 -0.0114147 0.375612 -0.91413
0.0406319 -0.00903814 0.338689 -0.385694
0.0233163 -0.0108126 0.26649 0.0094848
0.0321607 -0.00958459 0.317905 -0.319019
0.036592 -0.0061817 0.311493 -0.33913
0.0361347 -0.00545752 0.276875 0.0117742
0.0434968 -0.00865419 0.347368 -0.491794
0.0319537 -0.00627818 0.260829 0.0102227
0.0454693 -0.0112066 0.374772 -0.509352
0.0321607 -0.00958459 0.317905 -0.319019
0.0419616 -0.0115918 0.364672 -0.489362
0.0493372 -0.013839 0.430322 -1.16421
0.0256002 -0.00926871 0.258789 0.00926612
0.0215449 -0.00903035 0.24278 0.27015
0.0390597 -0.0149263 0.389103 -1.05049
0.0250307 -0.00383722 0.233168 0.489428
0.0336062 -0.00613466 0.27044 0.011108
0.0372518 -0.0057885 0.287782 0.0127458
0.0315201 -0.0127391 0.333519 -0.418554
0.0443696 -0.0114147 0.375612 -0.91413
0.0572035 -0.0132171 0.452365 -1.76642
0.0337723 -0.00665805 0.300293 -0.311549
0.0336062 -0.00613466 0.27044 0.011108
0.0294243 -0.00695472 0.254382 0.0095658
0.0348361 -0.0070923 0.287675 0.0123458
0.0349906 -0.0123441 0.343636 -0.441305
0.0468694 -0.0139686 0.404622 -0.930441
0.0320157 -0.00911011 0.296656 0.0127778
0.0390597 -0.0149263 0.389103 -1.05049
0.0258442 -0.0101351 0.272915 0.0102708
0.0283717 -0.00945732 0.279336 0.0110481
0.0334258 -0.00810109 0.292163 0.012578
0.0336062 -0.00613466 0.27044 0.011108
0.0478464 -0.0110662 0.38895 -0.953043
0.04822 -0.0169161 0.448876 -1.8699
0.0337723 -0.00665805 0.300293 -0.311549
0.0593411 -0.0126394 0.469278 -1.24704
0.0567191 -0.0126449 0.438863 -0.993104
0.0476001 -0.00828368 0.359961 -0.437061
0.0502221 -0.0135528 0.41665 -0.95721
0.0526954 -0.013449 0.443564 -1.19504
0.0493372 -0.013839 0.430322 -1.16421
0.0334258 -0.00810109 0.292163 0.012578
0.0346528 -0.00905687 0.309359 0.0138627
0.0281289 -0.00859169 0.265226 0.00998844
0.0577757 -0.0191602 0.532684 -2.24795
0.0350714 -0.00914261 0.329659 -0.34946
0.0368293 -0.00688974 0.295411 0.0130877
0.0478464 -0.0110662 0.38895 -0.953043
0.036592 -0.0061817 0.311493 -0.33913
0.0368334 -0.0119353 0.346061 -0.802401
0.0336062 -0.00613466 0.27044 0.011108
0.0441056 -0.00866055 0.349395 -0.412294
0.0560283 -0.0130482 0.456538 -1.22251
0.0472712 -0.0100842 0.352942 -0.562918
0.0336062 -0.00613466 0.27044 0.011108
0.0426991 -0.0115642 0.364824 -0.403603
0.0270657 -0.00504346 0.232086 0.422177
0.0334258 -0.00810109 0.292163 0.012578
0.0350714 -0.00914261 0.329659 -0.34946
0.0269628 -0.010467 0.283844 0.0111713
0.0296019 -0.0104151 0.296573 0.0122338
0.0315201 -0.0127391 0.333519 -0.418554
0.0346528 -0.00905687 0.309359 0.0138627
0.0350714 -0.00914261 0.329659 -0.34946
0.0406319 -0.00903814 0.338689 -0.385694
0.0368334 -0.0119353 0.346061 -0.802401
0.0323087 -0.00777018 0.281256 0.0116227
0.0336214 -0.0048581 0.259237 0.242567
0.0560283 -0.0130482 0.456538 -1.22251
0.0359523 -0.00742265 0.29857 0.0133315
0.0336062 -0.00613466 0.27044 0.011108
0.038472 -0.0119487 0.353637 -0.462405
0.0274956 -0.00999112 0.282514 0.0112094
0.0321961 -0.00714366 0.274933 0.0113451
0.0285482 -0.00748835 0.257558 0.00975283
0.0294243 -0.00695472 0.254382 0.0095658
0.0206372 -0.00589367 0.213076 0.493587
0.0380026 -0.0137217 0.346295 -0.590195
0.0323087 -0.00777018 0.281256 0.0116227
0.0308337 -0.00594545 0.249881 0.00935369
0.0420952 -0.00879017 0.344941 -0.89221
0.0256002 -0.00926871 0.258789 0.00926612
0.0285482 -0.00748835 0.257558 0.00975283
0.0319537 -0.00627818 0.260829 0.0102227
0.0322063 -0.00438593 0.240487 0.00900964
0.0308337 -0.00594545 0.249881 0.00935369
0.0283035 -0.00662149 0.243423 0.00872762
0.0308989 -0.00877932 0.285752 0.0118171
0.0258442 -0.0101351 0.272915 0.0102708
0.0308989 -0.00877932 0.285752 0.0118171
0.0330727 -0.00661028 0.271763 0.0111275
0.0128602 -0.00312321 0.17134 0.744676
0.0334797 -0.0116334 0.31107 -0.46785
0.0268946 -0.00763107 0.24793 0.00890139
0.0502221 -0.0135528 0.41665 -0.95721
0.027761 -0.00443324 0.211922 0.296702
0.041805 -0.00792388 0.31543 -0.526382
0.0327997 -0.0115889 0.30829 -0.554716
0.027761 -0.00443324 0.211922 0.296702
0.0307198 -0.00531782 0.243538 0.00908811
0.0308337 -0.00594545 0.249881 0.00935369
0.0383993 -0.00829433 0.304225 -0.495507
0.0268946 -0.00763107 0.24793 0.00890139
0.0462079 -0.0111961 0.375607 -0.428801
0.0323087 -0.00777018 0.281256 0.0116227
0.0426991 -0.0115642 0.364824 -0.403603
0.0359523 -0.00742265 0.29857 0.0133315
0.0229245 -0.00575976 0.228677 0.35565
0.0274956 -0.00999112 0.282514 0.0112094
0.033681 -0.0120472 0.345092 -0.342674
0.0406319 -0.00903814 0.338689 -0.385694
0.0221852 -0.00367172 0.209166 0.376945
0.0344829 -0.00560145 0.267273 0.0108722
0.0233016 -0.00804657 0.231802 0.00759945
0.0349666 -0.00871721 0.294689 -0.476067
0.0344829 -0.00560145 0.267273 0.0108722
0.0359523 -0.00742265 0.29857 0.0133315
0.0370117 -0.00492453 0.273713 0.0115138
0.0321961 -0.00714366 0.274933 0.0113451
0.0310773 -0.0068116 0.264001 0.0104342
0.0260187 -0.00816489 0.251112 0.00906391
0.0192006 -0.00481707 0.21541 0.543751
0.0294243 -0.00695472 0.254382 0.0095658
0.0317754 -0.00824598 0.282582 0.0116219
0.0321275 -0.00973608 0.302968 0.0130521
0.0250086 -0.00638762 0.262752 0.351441
0.0488507 -0.0117076 0.421074 -0.869558
0.0443696 -0.0114147 0.375612 -0.91413
0.0406319 -0.00903814 0.338689 -0.385694
0.0168692 -0.00404407 0.179569 0.589924
0.0321961 -0.00714366 0.274933 0.0113451
0.035601 -0.00593302 0.278195 0.0118074
0.0453336 -0.0120581 0.408353 -0.836648
0.0441056 -0.00866055 0.349395 -0.412294
0.0396344 -0.00978383 0.365024 -0.776742
0.0323087 -0.00777018 0.281256 0.0116227
0.0285482 -0.00748835 0.257558 0.00975283
0.029781 -0.00844784 0.274832 0.0108918
0.0308989 -0.00877932 0.285752 0.0118171
0.0405132 -0.0145204 0.381234 -0.483429
0.0502221 -0.0135528 0.41665 -0.95721
0.070141 -0.0188515 0.595757 -2.28096
0.0461692 -0.014836 0.425313 -0.41055
0.0500259 -0.00583284 0.361504 0.0201158
0.0560456 -0.00789668 0.411463 -0.289993
0.0318453 -0.00639576 0.299176 0.40173
0.047397 -0.00589216 0.348917 0.0189169
0.0336062 -0.00613466 0.27044 0.011108
0.0365693 -0.00945868 0.327653 -0.451053
0.0322063 -0.00438593 0.240487 0.00900964
0.0308337 -0.00594545 0.249881 0.00935369
0.0612322 -0.0187653 0.530357 -1.41478
0.0345417 -0.00843133 0.303055 0.0135695
0.0535021 -0.01311 0.428041 -0.977826
0.0312185 -0.00746818 0.271396 0.248156
