0.040676 -0.0173995 0.418689 -1.04665
0.0472224 -0.016841 0.454913 -1.30906
0.0270758 -0.0110939 0.290172 0.0114073
4.00464 -0.311146 -33.6635 -7.85263
-0.240988 0.00810285 0.0275506 1.89203
0.0334258 -0.00810109 0.292163 0.012578
0.031251 -0.0102695 0.306136 0.0132401
0.0404338 -0.0153137 0.411273 -0.77779
0.0319435 -0.0117002 0.324642 0.0144907
0.0296575 -0.013243 0.332312 0.0147622
0.042691 -0.0170768 0.407659 -0.496287
-0.05781 -0.0261863 -0.026646 -0.0119743
-0.190036 -0.0127349 0.249085 0.275304
0.0405346 -0.017621 0.427904 -1.24739
0.0306894 -0.0124664 0.333103 -0.311431
0.0296019 -0.0104151 0.296573 0.0122338
0.0315201 -0.0127391 0.333519 -0.418554
0.0294201 -0.0123806 0.318277 0.013584
0.0258442 -0.0101351 0.272915 0.0102708
0.0259419 -0.00689972 0.225854 0.355788
0.0443511 -0.0117159 0.385447 -1.127
0.038472 -0.0119487 0.353637 -0.462405
0.0453189 -0.0173205 0.4356 -1.11745
0.0349906 -0.0123441 0.343636 -0.441305
0.0306894 -0.0124664 0.333103 -0.311431
0.0270758 -0.0110939 0.290172 0.0114073
0.0196612 -0.00756066 0.246217 0.391154
-0.979065 0.0726326 5.18245 -3.31625
-0.124726 0.00693303 0.509403 0.235433
0.0552123 -0.0196755 0.506488 -1.39616
0.0319435 -0.0117002 0.324642 0.0144907
0.0357668 -0.00938587 0.320225 0.014898
0.0315201 -0.0127391 0.333519 -0.418554
0.0306894 -0.0124664 0.333103 -0.311431
0.0306894 -0.0124664 0.333103 -0.311431
0.0404338 -0.0153137 0.411273 -0.77779
0.0268946 -0.00763107 0.24793 0.00890139
0.0258442 -0.0101351 0.272915 0.0102708
0.0280145 -0.0116955 0.297246 -0.508677
0.0205669 -0.0106397 0.284702 -0.307679
0.033681 -0.0120472 0.345092 -0.342674
0.0349906 -0.0123441 0.343636 -0.441305
0.0472224 -0.016841 0.454913 -1.30906
0.0439092 -0.0172505 0.441824 -1.28149
0.0390225 -0.0155621 0.404317 -0.366773
0.0414147 -0.0144716 0.379645 -0.393431
0.0509125 -0.0160266 0.451683 -1.105
0.0475788 -0.0137655 0.401632 -0.522585
0.0230712 -0.00994551 0.252347 0.00853553
0.0245494 -0.0117724 0.283767 0.0105716
0.0241919 -0.0102786 0.263304 0.0093634
0.0281289 -0.00859169 0.265226 0.00998844
0.0247245 -0.0098025 0.261971 0.00940595
0.0345596 -0.0141193 0.336241 -0.571039
0.0205669 -0.0106397 0.284702 -0.307679
0.0224772 -0.0131714 0.311931 -0.340753
0.0281289 -0.00859169 0.265226 0.00998844
0.0270758 -0.0110939 0.290172 0.0114073
0.0315201 -0.0127391 0.333519 -0.418554
0.0354842 -0.0152065 0.373178 -0.990811
0.0315201 -0.0127391 0.333519 -0.418554
0.0315201 -0.0127391 0.333519 -0.418554
0.0306894 -0.0124664 0.333103 -0.311431
0.0349906 -0.0123441 0.343636 -0.441305
0.0300645 -0.0120178 0.300194 -0.438285
0.0256002 -0.00926871 0.258789 0.00926612
0.043166 -0.01684 0.423263 -1.53925
0.0368334 -0.0119353 0.346061 -0.802401
0.0518292 -0.016607 0.465679 -1.92197
0.019869 -0.00620183 0.218638 0.393402
0.0345596 -0.0141193 0.336241 -0.571039
0.0354842 -0.0152065 0.373178 -0.990811
0.0296019 -0.0104151 0.296573 0.0122338
0.0296019 -0.0104151 0.296573 0.0122338
0.0283717 -0.00945732 0.279336 0.0110481
0.0270758 -0.0110939 0.290172 0.0114073
0.0315201 -0.0127391 0.333519 -0.418554
0.0306894 -0.0124664 0.333103 -0.311431
0.02672 -0.00960132 0.269735 0.0101245
0.0281289 -0.00859169 0.265226 0.00998844
0.0173889 -0.00747688 0.225612 0.54149
0.0281927 -0.0114246 0.301078 0.012352
0.0273166 -0.0119584 0.304255 0.0124967
0.0312185 -0.00746818 0.271396 0.248156
0.0495035 -0.0174865 0.477058 -1.02655
0.044043 -0.0141433 0.391475 -0.503626
0.0453189 -0.0173205 0.4356 -1.11745
0.0334772 -0.0152732 0.360463 -0.438819
0.0390597 -0.0149263 0.389103 -1.05049
0.0349906 -0.0123441 0.343636 -0.441305
0.0283717 -0.00945732 0.279336 0.0110481
0.0247915 -0.0126377 0.297868 0.0116066
0.044834 -0.0166415 0.415335 -0.861648
0.0296019 -0.0104151 0.296573 0.0122338
0.0296019 -0.0104151 0.296573 0.0122338
0.0477477 -0.0165243 0.441591 -1.09683
0.0372475 -0.0177597 0.405118 -1.0097
0.0345596 -0.0141193 0.336241 -0.571039
0.0245494 -0.0117724 0.283767 0.0105716
0.0243036 -0.00575518 0.227484 0.422693
0.0244418 -0.00839358 0.242974 0.00838665
0.0327997 -0.0115889 0.30829 -0.554716
0.0206043 -0.0107098 0.247437 0.00796707
0.0194642 -0.0103624 0.23626 0.00719525
0.0242344 -0.0103437 0.296677 -0.353527
0.0345596 -0.0141193 0.336241 -0.571039
0.0389981 -0.0151322 0.39547 -1.24436
0.0207881 -0.0114899 0.260059 0.00868952
0.02672 -0.00960132 0.269735 0.0101245
0.0245494 -0.0117724 0.283767 0.0105716
0.0254251 -0.0112386 0.280586 0.0104483
0.0256002 -0.00926871 0.258789 0.00926612
0.0319805 -0.0155413 0.359598 -0.949177
0.0319805 -0.0155413 0.359598 -0.949177
0.0172621 -0.00935252 0.239693 0.263045
0.0254251 -0.0112386 0.280586 0.0104483
0.0281289 -0.00859169 0.265226 0.00998844
0.0256002 -0.00926871 0.258789 0.00926612
0.0280145 -0.0116955 0.297246 -0.508677
0.0230712 -0.00994551 0.252347 0.00853553
0.0230712 -0.00994551 0.252347 0.00853553
0.0221957 -0.0104795 0.255534 0.00865035
0.0236008 -0.00893646 0.246171 0.00850217
0.0111344 -0.00757312 0.188863 0.504153
0.0280666 -0.0131343 0.323275 -0.394009
0.0224772 -0.0131714 0.311931 -0.340753
0.0280666 -0.0131343 0.323275 -0.394009
0.0247245 -0.0098025 0.261971 0.00940595
0.0207881 -0.0114899 0.260059 0.00868952
0.0230712 -0.00994551 0.252347 0.00853553
0.0215449 -0.00903035 0.24278 0.27015
0.0256002 -0.00926871 0.258789 0.00926612
0.0268946 -0.00763107 0.24793 0.00890139
0.0300645 -0.0120178 0.300194 -0.438285
0.0206043 -0.0107098 0.247437 0.00796707
0.0280145 -0.0116955 0.297246 -0.508677
0.0296019 -0.0104151 0.296573 0.0122338
0.0504209 -0.019472 0.471808 -1.58501
0.0270758 -0.0110939 0.290172 0.0114073
0.0366159 -0.0166845 0.363666 -0.584362
0.0256002 -0.00926871 0.258789 0.00926612
0.0211463 -0.00848381 0.240447 0.353233
0.0254251 -0.0112386 0.280586 0.0104483
0.0306894 -0.0124664 0.333103 -0.311431
0.0245494 -0.0117724 0.283767 0.0105716
0.0258442 -0.0101351 0.272915 0.0102708
0.0296019 -0.0104151 0.296573 0.0122338
0.0296019 -0.0104151 0.296573 0.0122338
0.0244418 -0.00839358 0.242974 0.00838665
0.024793 -0.0121524 0.287611 -0.490379
0.0210672 -0.00960594 0.239564 0.00776941
0.0148787 -0.00610611 0.17529 0.44843
0.0315201 -0.0127391 0.333519 -0.418554
0.0258442 -0.0101351 0.272915 0.0102708
0.0230712 -0.00994551 0.252347 0.00853553
0.0172621 -0.00935252 0.239693 0.263045
0.0143208 -0.00790835 0.21618 0.57328
0.0258442 -0.0101351 0.272915 0.0102708
0.0345596 -0.0141193 0.336241 -0.571039
0.0258442 -0.0101351 0.272915 0.0102708
0.0203707 -0.0125944 0.26775 0.00879816
0.0256002 -0.00926871 0.258789 0.00926612
0.0233163 -0.0108126 0.26649 0.0094848
0.0182063 -0.00632665 0.200284 0.541309
0.0268946 -0.00763107 0.24793 0.00890139
0.0280145 -0.0116955 0.297246 -0.508677
0.0150892 -0.00678623 0.191767 0.572387
0.0193746 -0.0097328 0.229764 0.00696563
0.0354842 -0.0152065 0.373178 -0.990811
0.0215449 -0.00903035 0.24278 0.27015
0.0148544 -0.00933645 0.220587 0.42639
0.0224772 -0.0131714 0.311931 -0.340753
0.0118267 -0.0098568 0.212742 0.450392
0.024793 -0.0121524 0.287611 -0.490379
0.0221957 -0.0104795 0.255534 0.00865035
0.0219082 -0.0090634 0.236372 0.00767946
0.0230712 -0.00994551 0.252347 0.00853553
0.0221957 -0.0104795 0.255534 0.00865035
0.0280145 -0.0116955 0.297246 -0.508677
0.0416054 -0.0140466 0.377148 -1.26913
0.0244418 -0.00839358 0.242974 0.00838665
0.0280145 -0.0116955 0.297246 -0.508677
0.0210672 -0.00960594 0.239564 0.00776941
0.016773 -0.00895711 0.20046 0.277529
0.0193746 -0.0097328 0.229764 0.00696563
0.0207681 -0.00871656 0.225202 0.00692622
0.024793 -0.0121524 0.287611 -0.490379
0.0180707 -0.0113783 0.240819 0.0071884
0.0206043 -0.0107098 0.247437 0.00796707
0.0167426 -0.0103457 0.22672 0.302077
0.0137441 -0.00701983 0.196258 0.492186
0.0327997 -0.0115889 0.30829 -0.554716
0.0206043 -0.0107098 0.247437 0.00796707
0.0207881 -0.0114899 0.260059 0.00868952
0.0137441 -0.00701983 0.196258 0.492186
0.0260187 -0.00816489 0.251112 0.00906391
0.0280145 -0.0116955 0.297246 -0.508677
0.0236008 -0.00893646 0.246171 0.00850217
0.016773 -0.00895711 0.20046 0.277529
0.0118627 -0.00640313 0.163163 0.503663
0.0118627 -0.00640313 0.163163 0.503663
0.0190753 -0.00884446 0.215414 0.00617743
0.016773 -0.00895711 0.20046 0.277529
0.0155371 -0.0120463 0.234195 0.00640083
0.0306894 -0.0124664 0.333103 -0.311431
0.0256002 -0.00926871 0.258789 0.00926612
0.0270758 -0.0110939 0.290172 0.0114073
0.0283717 -0.00945732 0.279336 0.0110481
0.0148544 -0.00933645 0.220587 0.42639
0.0233163 -0.0108126 0.26649 0.0094848
0.0182063 -0.00632665 0.200284 0.541309
0.0196612 -0.00756066 0.246217 0.391154
0.0216089 -0.00817455 0.222015 0.00683166
0.0205669 -0.0106397 0.284702 -0.307679
0.0180707 -0.0113783 0.240819 0.0071884
0.0118627 -0.00640313 0.163163 0.503663
0.020134 -0.00829425 0.208572 0.335933
0.0230712 -0.00994551 0.252347 0.00853553
0.022115 -0.00754023 0.219424 0.297676
0.0206043 -0.0107098 0.247437 0.00796707
0.0137441 -0.00701983 0.196258 0.492186
0.0158667 -0.00831549 0.196892 0.399631
0.0207881 -0.0114899 0.260059 0.00868952
0.0205669 -0.0106397 0.284702 -0.307679
0.0245494 -0.0117724 0.283767 0.0105716
0.0268963 -0.0130608 0.311907 0.012669
0.0292479 -0.00892376 0.27616 0.0108772
0.0284847 -0.0100842 0.285664 0.0112942
0.043166 -0.01684 0.423263 -1.53925
0.020134 -0.00829425 0.208572 0.335933
0.024793 -0.0121524 0.287611 -0.490379
0.0111344 -0.00757312 0.188863 0.504153
0.0205669 -0.0106397 0.284702 -0.307679
0.0311206 -0.0145167 0.32612 -0.550485
0.022115 -0.00754023 0.219424 0.297676
0.00782552 -0.00634824 0.176244 0.747074
0.0311206 -0.0145167 0.32612 -0.550485
0.0230712 -0.00994551 0.252347 0.00853553
0.0221957 -0.0104795 0.255534 0.00865035
0.0233163 -0.0108126 0.26649 0.0094848
0.0180118 -0.00891311 0.230526 0.388808
0.0368131 -0.0156358 0.398396 -0.74166
0.0300225 -0.0093129 0.288925 0.0120028
-0.139152 0.0153551 0.49026 0.239863
0.0335338 -0.00365921 0.287649 0.40478
0.0397432 -0.0105159 0.357655 0.0185428
0.0372224 -0.0111982 0.351328 0.0176124
0.0374134 -0.00923862 0.329751 0.0159718
0.0194642 -0.0103624 0.23626 0.00719525
0.00197155 -0.0059486 0.17528 0.742765
0.0210672 -0.00960594 0.239564 0.00776941
0.0207681 -0.00871656 0.225202 0.00692622
0.0261999 -0.0116277 0.293352 0.0115457
0.0283717 -0.00945732 0.279336 0.0110481
0.0334772 -0.0152732 0.360463 -0.438819
0.0270758 -0.0110939 0.290172 0.0114073
