0.0325491 -0.00863447 0.295331 0.0127883
0.238884 -0.0393707 -0.00220885 1.77232
0.0215854 -0.00673221 0.22911 0.589286
-0.0238516 -0.0131523 -0.00494684 2.02214
6.62732 -0.4963 -54.8704 -7.74069
0.0570289 -0.0123723 0.426096 -0.80106
0.0454693 -0.0112066 0.374772 -0.509352
0.0503412 -0.0143644 0.455683 -1.01877
0.0489817 -0.0108215 0.384817 -0.528219
0.038715 -0.00760592 0.318993 0.0153931
0.038715 -0.00760592 0.318993 0.0153931
-0.376131 0.0608942 0.00424238 1.98091
-2.34773 0.150587 17.4448 -6.09082
0.0569489 -0.0186302 0.494101 -1.59111
0.0341193 -0.00953263 0.310685 0.0138542
0.0406319 -0.00903814 0.338689 -0.385694
0.038472 -0.0119487 0.353637 -0.462405
0.0286114 -0.00806783 0.262768 0.26718
0.033681 -0.0120472 0.345092 -0.342674
0.04756 -0.0196929 0.4716 -0.772615
-1.41318 0.0964996 9.12899 -4.44369
0.0384785 -0.00674398 0.304973 0.0140773
0.0346528 -0.00905687 0.309359 0.0138627
0.0537789 -0.0159896 0.480046 -1.35282
0.0359523 -0.00742265 0.29857 0.0133315
0.0348361 -0.0070923 0.287675 0.0123458
0.0346528 -0.00905687 0.309359 0.0138627
0.209287 -0.0409581 0.0541556 -0.248799
0.0624662 -0.0187744 0.520193 -1.24238
0.0475788 -0.0137655 0.401632 -0.522585
0.0374134 -0.00923862 0.329751 0.0159718
0.0735204 -0.01847 0.610122 -2.2961
0.033681 -0.0120472 0.345092 -0.342674
0.0477477 -0.0165243 0.441591 -1.09683
0.0321275 -0.00973608 0.302968 0.0130521
0.0475788 -0.0137655 0.401632 -0.522585
0.0493372 -0.013839 0.430322 -1.16421
0.0323087 -0.00777018 0.281256 0.0116227
0.0281289 -0.00859169 0.265226 0.00998844
0.0281289 -0.00859169 0.265226 0.00998844
0.0512594 -0.0142508 0.449645 -0.88196
0.0475788 -0.0137655 0.401632 -0.522585
0.0371778 -0.00837739 0.315745 0.0146649
0.0350753 -0.00795582 0.301733 0.0135663
0.0484571 -0.0137462 0.40145 -0.442614
0.0714605 -0.0214906 0.641242 -2.46531
0.0515273 -0.0139153 0.436415 -0.701945
0.0414135 -0.00951472 0.371702 -0.282082
0.0296976 -0.0102668 0.307594 -0.404276
0.0283717 -0.00945732 0.279336 0.0110481
0.0380026 -0.0137217 0.346295 -0.590195
0.0348361 -0.0070923 0.287675 0.0123458
0.0319537 -0.00627818 0.260829 0.0102227
0.0321607 -0.00958459 0.317905 -0.319019
0.0260187 -0.00816489 0.251112 0.00906391
0.0296976 -0.0102668 0.307594 -0.404276
0.0294164 -0.00504713 0.25109 0.268323
0.0343025 -0.00756797 0.288999 0.0123586
0.0312185 -0.00746818 0.271396 0.248156
0.0243036 -0.00575518 0.227484 0.422693
0.0315943 -0.010212 0.304297 0.0130297
0.033681 -0.0120472 0.345092 -0.342674
0.0321607 -0.00958459 0.317905 -0.319019
0.0334258 -0.00810109 0.292163 0.012578
0.0292479 -0.00892376 0.27616 0.0108772
0.0425233 -0.0145785 0.403045 -1.09177
0.0349906 -0.0123441 0.343636 -0.441305
0.0406319 -0.00903814 0.338689 -0.385694
0.0478464 -0.0110662 0.38895 -0.953043
0.0350714 -0.00914261 0.329659 -0.34946
0.0349906 -0.0123441 0.343636 -0.441305
0.0321607 -0.00958459 0.317905 -0.319019
0.0371778 -0.00837739 0.315745 0.0146649
0.0374134 -0.00923862 0.329751 0.0159718
0.0400257 -0.0123904 0.38614 -0.273766
0.033776 -0.00959001 0.312522 0.0140751
0.0493372 -0.013839 0.430322 -1.16421
0.038472 -0.0119487 0.353637 -0.462405
0.0505096 -0.0164194 0.467631 -1.3326
0.0350714 -0.00914261 0.329659 -0.34946
0.0286114 -0.00806783 0.262768 0.26718
0.044043 -0.0141433 0.391475 -0.503626
0.0335897 -0.0115526 0.334163 0.0155835
0.0399366 -0.00855799 0.336112 0.0168182
0.0444436 -0.00909321 0.383353 -0.308928
0.0635825 -0.0158036 0.506243 -1.29598
0.0426991 -0.0115642 0.364824 -0.403603
0.044043 -0.0141433 0.391475 -0.503626
0.0334258 -0.00810109 0.292163 0.012578
0.0453336 -0.0120581 0.408353 -0.836648
0.0350753 -0.00795582 0.301733 0.0135663
0.038472 -0.0119487 0.353637 -0.462405
0.0361119 -0.0108714 0.340511 0.0164951
0.0344665 -0.0110195 0.331002 0.0153876
0.0313461 -0.00837305 0.292448 0.349823
0.0374134 -0.00923862 0.329751 0.0159718
0.0283717 -0.00945732 0.279336 0.0110481
0.0287256 -0.0109487 0.299746 0.0123968
0.0283717 -0.00945732 0.279336 0.0110481
0.0625308 -0.0155671 0.499231 -1.74809
0.0493372 -0.013839 0.430322 -1.16421
0.0443696 -0.0114147 0.375612 -0.91413
0.0327997 -0.0115889 0.30829 -0.554716
0.0258352 -0.00737618 0.238397 0.00826651
0.0485531 -0.013649 0.420269 -1.64315
0.0554785 -0.0162907 0.481549 -1.96429
0.0408616 -0.0117511 0.362143 -0.872325
0.0308427 -0.00893767 0.283395 -0.433001
0.0367015 -0.0116271 0.35685 -0.371365
0.0349906 -0.0123441 0.343636 -0.441305
0.0308989 -0.00877932 0.285752 0.0118171
0.0286114 -0.00806783 0.262768 0.26718
0.0256002 -0.00926871 0.258789 0.00926612
0.0258442 -0.0101351 0.272915 0.0102708
0.019869 -0.00620183 0.218638 0.393402
0.0350714 -0.00914261 0.329659 -0.34946
0.0337723 -0.00665805 0.300293 -0.311549
0.0518409 -0.0130015 0.423299 -1.41921
0.0268946 -0.00763107 0.24793 0.00890139
0.0296019 -0.0104151 0.296573 0.0122338
0.0408616 -0.0117511 0.362143 -0.872325
0.0368334 -0.0119353 0.346061 -0.802401
0.0294243 -0.00695472 0.254382 0.0095658
0.0258442 -0.0101351 0.272915 0.0102708
0.0332425 -0.0100657 0.313848 0.014058
0.0270758 -0.0110939 0.290172 0.0114073
0.0349906 -0.0123441 0.343636 -0.441305
0.0292479 -0.00892376 0.27616 0.0108772
0.0315201 -0.0127391 0.333519 -0.418554
0.02672 -0.00960132 0.269735 0.0101245
0.0349906 -0.0123441 0.343636 -0.441305
0.0334258 -0.00810109 0.292163 0.012578
0.0443696 -0.0114147 0.375612 -0.91413
0.0310773 -0.0068116 0.264001 0.0104342
0.0334797 -0.0116334 0.31107 -0.46785
0.0285482 -0.00748835 0.257558 0.00975283
0.0526954 -0.013449 0.443564 -1.19504
0.0346528 -0.00905687 0.309359 0.0138627
0.0346528 -0.00905687 0.309359 0.0138627
0.0367015 -0.0116271 0.35685 -0.371365
0.038472 -0.0119487 0.353637 -0.462405
0.0308989 -0.00877932 0.285752 0.0118171
0.0317754 -0.00824598 0.282582 0.0116219
0.0333557 -0.0102732 0.351328 -0.311953
0.0283717 -0.00945732 0.279336 0.0110481
0.0557747 -0.0161654 0.468876 -1.69059
0.0468694 -0.0139686 0.404622 -0.930441
0.0359523 -0.00742265 0.29857 0.0133315
0.0383993 -0.00829433 0.304225 -0.495507
0.027139 -0.00572903 0.227323 0.00781806
0.0258352 -0.00737618 0.238397 0.00826651
0.0308427 -0.00893767 0.283395 -0.433001
0.0350714 -0.00914261 0.329659 -0.34946
0.0365693 -0.00945868 0.327653 -0.451053
0.0459482 -0.014216 0.416806 -1.12978
0.029781 -0.00844784 0.274832 0.0108918
0.0317754 -0.00824598 0.282582 0.0116219
0.038472 -0.0119487 0.353637 -0.462405
0.0308989 -0.00877932 0.285752 0.0118171
0.0321275 -0.00973608 0.302968 0.0130521
0.0215449 -0.00903035 0.24278 0.27015
0.0308989 -0.00877932 0.285752 0.0118171
0.0284847 -0.0100842 0.285664 0.0112942
0.0325491 -0.00863447 0.295331 0.0127883
0.0478464 -0.0110662 0.38895 -0.953043
0.0321607 -0.00958459 0.317905 -0.319019
0.0518292 -0.016607 0.465679 -1.92197
0.0390597 -0.0149263 0.389103 -1.05049
0.0321607 -0.00958459 0.317905 -0.319019
0.0535767 -0.0135252 0.436234 -1.71704
0.0229245 -0.00575976 0.228677 0.35565
0.0285482 -0.00748835 0.257558 0.00975283
0.0268946 -0.00763107 0.24793 0.00890139
0.0256002 -0.00926871 0.258789 0.00926612
0.0246795 -0.00826485 0.253113 0.300767
0.0368334 -0.0119353 0.346061 -0.802401
0.0331234 -0.00986181 0.31767 -0.428465
0.0260187 -0.00816489 0.251112 0.00906391
0.0425233 -0.0145785 0.403045 -1.09177
0.0321961 -0.00714366 0.274933 0.0113451
0.0339736 -0.00843757 0.295084 -0.353907
0.0285482 -0.00748835 0.257558 0.00975283
0.0260187 -0.00816489 0.251112 0.00906391
0.0256002 -0.00926871 0.258789 0.00926612
0.0268946 -0.00763107 0.24793 0.00890139
0.0283035 -0.00662149 0.243423 0.00872762
0.0268946 -0.00763107 0.24793 0.00890139
0.0242344 -0.0103437 0.296677 -0.353527
0.0281289 -0.00859169 0.265226 0.00998844
0.0258442 -0.0101351 0.272915 0.0102708
0.0369127 -0.0112479 0.321751 -0.494751
0.0308337 -0.00594545 0.249881 0.00935369
0.0182063 -0.00632665 0.200284 0.541309
0.0308427 -0.00893767 0.283395 -0.433001
0.0256519 -0.00726694 0.229787 0.256167
0.0535767 -0.0135252 0.436234 -1.71704
0.0308337 -0.00594545 0.249881 0.00935369
0.027761 -0.00443324 0.211922 0.296702
0.0192043 -0.00521004 0.174825 0.541234
0.0258352 -0.00737618 0.238397 0.00826651
0.0258352 -0.00737618 0.238397 0.00826651
0.0168692 -0.00404407 0.179569 0.589924
0.0308427 -0.00893767 0.283395 -0.433001
0.0230712 -0.00994551 0.252347 0.00853553
0.0502221 -0.0135528 0.41665 -0.95721
0.033681 -0.0120472 0.345092 -0.342674
0.0598765 -0.018405 0.521096 -1.85859
0.0350714 -0.00914261 0.329659 -0.34946
0.0274956 -0.00999112 0.282514 0.0112094
0.0229245 -0.00575976 0.228677 0.35565
0.0294243 -0.00695472 0.254382 0.0095658
0.0323912 -0.00614363 0.246434 0.279253
0.0323485 -0.00603096 0.266901 -0.438664
0.0296726 -0.00505764 0.233907 0.00841689
0.0233016 -0.00804657 0.231802 0.00759945
0.022115 -0.00754023 0.219424 0.297676
0.0408616 -0.0117511 0.362143 -0.872325
0.0321607 -0.00958459 0.317905 -0.319019
0.0323087 -0.00777018 0.281256 0.0116227
0.0281289 -0.00859169 0.265226 0.00998844
0.0331234 -0.00986181 0.31767 -0.428465
0.0258442 -0.0101351 0.272915 0.0102708
0.0449404 -0.013895 0.400062 -1.55109
0.0281289 -0.00859169 0.265226 0.00998844
0.0307178 -0.0107453 0.307465 0.0132091
0.0308989 -0.00877932 0.285752 0.0118171
0.0359523 -0.00742265 0.29857 0.0133315
0.0666636 -0.0192044 0.578183 -2.23768
0.0323737 -0.00517544 0.253172 0.00992152
0.0232499 -0.00318085 0.197393 0.517993
0.0256002 -0.00926871 0.258789 0.00926612
0.0281289 -0.00859169 0.265226 0.00998844
0.0308989 -0.00877932 0.285752 0.0118171
0.0243036 -0.00575518 0.227484 0.422693
0.0323087 -0.00777018 0.281256 0.0116227
0.0408616 -0.0117511 0.362143 -0.872325
0.0443511 -0.0117159 0.385447 -1.127
0.0229245 -0.00575976 0.228677 0.35565
0.0281289 -0.00859169 0.265226 0.00998844
0.0229245 -0.00575976 0.228677 0.35565
0.0323658 -0.010599 0.317014 0.0142523
0.0334793 -0.0109279 0.327873 0.0152989
0.0441056 -0.00866055 0.349395 -0.412294
0.0261985 -0.0075635 0.28456 0.428766
0.0520351 -0.00656881 0.411176 -0.262396
0.0497132 -0.00866645 0.387482 -0.233572
0.0640186 -0.0191143 0.535823 -0.966845
0.072039 -0.0177572 0.567522 -1.46464
0.0262982 -0.00627195 0.23052 0.00797643
0.0283035 -0.00662149 0.243423 0.00872762
0.0294243 -0.00695472 0.254382 0.0095658
0.0149297 -0.00299964 0.185619 0.619893
0.0784231 -0.0221523 0.744917 -3.9779
0.044043 -0.0141433 0.391475 -0.503626
0.0332425 -0.0100657 0.313848 0.014058
0.0334258 -0.00810109 0.292163 0.012578
