0.0446419 -0.00571379 0.328604 0.0166533
3.18272 -0.309142 -17.8297 -5.50289
0.0471106 -0.0119241 0.406742 -0.481127
-0.228396 0.00600268 0.0193731 1.93304
-0.107445 -0.00661015 -0.564526 -5.68527
0.0948193 -0.0164778 0.702094 -2.419
0.0613496 -0.0129473 0.482569 -0.935591
0.0729055 -0.0120849 0.506093 -1.21234
0.082575 -0.014789 0.611298 -2.18246
0.0489929 -0.00692682 0.39749 -0.22617
0.0469689 -0.00698937 0.356473 0.0193546
-0.107445 -0.00661015 -0.564526 -5.68527
-0.107445 -0.00661015 -0.564526 -5.68527
-6.69322 0.465267 50.4776 -6.40412
0.0258121 0.0044235 0.195277 0.857959
0.260889 -0.0374947 0.0650591 -0.318458
0.0458803 -0.00620336 0.368127 -0.314954
0.0451162 -0.0106275 0.390395 0.0222656
0.0475786 -0.0119284 0.409728 -0.41744
-10.6338 0.768342 77.358 -6.33383
-0.0660619 0.0114521 0.412134 0.105324
0.0830674 -0.0152452 0.631255 -2.06203
0.219099 -0.0344344 0.0497833 -0.239766
0.0446419 -0.00571379 0.328604 0.0166533
0.0463954 -0.00618889 0.344372 0.0181205
0.038947 -0.00505307 0.302218 0.231404
0.0433376 -0.00734475 0.339326 0.0173659
-5.71441 0.354985 49.7088 -7.54311
2.53635 -0.195969 -18.1055 -6.69284
0.24911 -0.033891 0.0732988 -0.284155
0.073943 -0.0126453 0.533387 -1.09386
0.266135 -0.0341162 0.054159 -0.316485
0.0541018 -0.00850283 0.417739 -0.932179
0.0444436 -0.00909321 0.383353 -0.308928
0.25238 -0.037535 0.00321298 -0.276279
-10.8941 0.728733 88.2997 -7.11757
0.0270785 0.000190992 0.215158 0.639132
0.0686288 -0.0145624 0.51694 -1.71077
0.0459482 -0.014216 0.416806 -1.12978
0.0374333 -0.00382276 0.266074 0.0111446
0.0531522 -0.00857342 0.403802 -0.365202
0.0622047 -0.0092158 0.426398 -0.882364
0.0692451 -0.0123874 0.492473 -1.18243
0.0259511 0.000617791 0.243247 0.73821
0.105626 -0.0198691 1.01745 -6.1492
0.064991 -0.00931393 0.426229 -0.452197
0.0970247 -0.0206872 0.772305 -2.86069
0.064567 -0.0106851 0.494398 -0.776301
0.0334221 -0.00494163 0.268731 0.466587
0.0412395 -0.00692617 0.325372 0.0161839
0.0454693 -0.0112066 0.374772 -0.509352
2.57716 -0.264414 -13.0808 -5.05506
0.0321865 -0.00277975 0.250209 0.487961
0.0598852 -0.012163 0.449229 -1.00414
0.0493372 -0.013839 0.430322 -1.16421
0.035601 -0.00593302 0.278195 0.0118074
0.0451768 -0.00523884 0.327293 0.0165951
0.0689551 -0.0126766 0.511693 -1.57158
0.070509 -0.0153076 0.541988 -1.5264
0.0416145 -0.00300243 0.282121 0.0126356
0.0737444 -0.0148545 0.552305 -1.52605
0.0677304 -0.0120434 0.48224 -1.58465
0.0435298 -0.00538597 0.317765 0.0155435
0.0385701 -0.00185473 0.267075 0.439168
0.0653347 -0.0149758 0.506321 -1.71472
0.0567191 -0.0126449 0.438863 -0.993104
0.0574108 -0.0130278 0.439086 -1.49384
0.0533226 -0.00494199 0.353444 -0.375055
0.0531145 -0.00680644 0.348065 -0.50864
0.0727589 -0.0141601 0.519917 -1.52161
0.035601 -0.00593302 0.278195 0.0118074
0.0406567 -0.00457791 0.291048 0.0131429
0.0634998 -0.00997632 0.460588 -0.826938
0.0475933 -0.00393602 0.327414 0.0169186
0.0815276 -0.0182001 0.647757 -1.98789
0.0526172 -0.00861376 0.402991 -0.43834
0.0545502 -0.00832401 0.4108 -0.776391
0.0602264 -0.011915 0.436369 -0.813276
0.0708654 -0.0151777 0.532688 -1.34555
0.0448339 -0.00375473 0.307038 0.0147156
0.0497132 -0.00866645 0.387482 -0.233572
0.0916671 -0.0240399 0.79199 -3.0281
0.0635825 -0.0158036 0.506243 -1.29598
0.0748346 -0.0089307 0.478121 -1.06701
0.0827196 -0.0150707 0.634971 -2.52185
0.0791394 -0.0144687 0.548467 -1.2276
0.0749166 -0.0211259 0.655482 -2.47602
0.0531522 -0.00857342 0.403802 -0.365202
0.0833313 -0.0174425 0.669252 -2.61064
0.0555291 -0.00748152 0.379194 -0.392002
0.0581548 -0.00799656 0.423685 -0.811228
0.0350954 -0.0036378 0.285809 0.456434
0.0659181 -0.0121637 0.473407 -0.658814
0.0491468 -0.00636461 0.364628 0.0204679
0.08482 -0.020234 0.629984 -1.4484
0.0537768 -0.00903223 0.4369 -0.278251
0.0680072 -0.0176488 0.474847 -1.01347
0.0389018 -0.00564359 0.297358 0.0137157
0.0377117 -0.00790188 0.314423 0.0146533
0.0692451 -0.0123874 0.492473 -1.18243
0.0510167 -0.00908323 0.40795 -1.19509
0.0424918 -0.00246934 0.278962 0.012344
0.0569489 -0.0186302 0.494101 -1.59111
0.0421849 -0.00614507 0.322827 -0.392401
0.0429032 -0.00657143 0.354343 -0.27455
0.0511095 -0.00790703 0.370408 -0.460187
0.0756387 -0.0157208 0.601613 -2.46176
0.0547944 -0.0104095 0.418174 -1.0451
0.0480394 -0.00603979 0.353855 0.0192494
0.0408144 -0.00802539 0.332964 0.0165518
0.0408043 -0.00333094 0.270959 0.350436
0.0455201 -0.00518165 0.325466 0.0163299
0.0726736 -0.0183126 0.622976 -2.75974
0.0454693 -0.0112066 0.374772 -0.509352
0.0666636 -0.0192044 0.578183 -2.23768
0.049581 -0.0108853 0.462227 -1.10276
0.0521125 -0.00673104 0.345844 -0.588583
0.0448339 -0.00375473 0.307038 0.0147156
0.0321607 -0.00958459 0.317905 -0.319019
0.03989 -0.00573588 0.300501 0.0137686
0.0413743 -0.00213804 0.268048 0.0113634
0.0547944 -0.0104095 0.418174 -1.0451
0.0580282 -0.0102616 0.441326 -1.28014
0.0370117 -0.00492453 0.273713 0.0115138
-0.913206 0.0685415 5.59516 -3.71379
0.0593411 -0.0126394 0.469278 -1.24704
0.038715 -0.00760592 0.318993 0.0153931
0.0580282 -0.0102616 0.441326 -1.28014
0.0784696 -0.0183082 0.650493 -3.04127
0.0558684 -0.0132191 0.464945 -1.41841
-0.652167 0.0483952 3.7138 -3.03956
0.0357218 0.000252913 0.228778 0.590409
0.0521125 -0.00673104 0.345844 -0.588583
0.0430263 -0.00199435 0.27765 0.0122611
0.0323087 -0.00777018 0.281256 0.0116227
0.038663 -0.00478018 0.283305 0.0124324
0.0634998 -0.00997632 0.460588 -0.826938
0.0546294 -0.00753021 0.380753 -0.481831
0.0692451 -0.0123874 0.492473 -1.18243
0.0568168 -0.0100867 0.407098 -0.494403
0.0442984 -0.00422926 0.308339 0.0148551
0.0839688 -0.0188569 0.726744 -3.77632
0.0511095 -0.00790703 0.370408 -0.460187
0.0437189 -0.00342507 0.296159 0.0137067
0.0421174 -0.00639353 0.322224 0.0158951
0.241852 -0.0341788 0.0112158 -0.246618
0.230528 -0.0314681 -0.00629158 -0.218163
0.0510717 -0.00605864 0.378249 -0.349955
0.0566382 -0.00758995 0.402593 -1.09045
0.0613422 -0.00985307 0.454446 -1.30794
0.0337723 -0.00665805 0.300293 -0.311549
0.0566382 -0.00758995 0.402593 -1.09045
0.0802555 -0.0179542 0.661868 -2.65593
0.0360496 -0.00232494 0.255263 0.473368
0.0613422 -0.00985307 0.454446 -1.30794
0.0448029 -0.00547678 0.332679 -0.309978
0.041114 -0.00784302 0.381222 -0.27392
0.0802555 -0.0179542 0.661868 -2.65593
0.0418192 -0.00461287 0.314475 0.193205
0.0496334 -0.00756478 0.371239 -0.360789
0.0465392 -0.00796613 0.359336 -0.331772
0.0408043 -0.00333094 0.270959 0.350436
0.0667085 -0.0154198 0.530537 -2.09363
0.0601356 -0.0114105 0.495671 -1.01547
0.0448029 -0.00547678 0.332679 -0.309978
0.0448339 -0.00375473 0.307038 0.0147156
0.0332502 -0.00464194 0.249999 0.00968731
0.0507356 -0.00969402 0.363125 -0.58231
0.0546294 -0.00753021 0.380753 -0.481831
0.044595 -0.00376062 0.340098 -0.287722
0.0756387 -0.0157208 0.601613 -2.46176
0.0331931 -0.00235434 0.241286 0.581644
0.0577606 -0.0119186 0.399622 -0.528044
0.0401267 -0.0065978 0.314522 0.0150978
0.0754331 -0.0153767 0.576853 -2.10669
0.0248935 4.77667e-06 0.226155 0.533101
0.0426519 -0.00591843 0.32091 0.015851
0.0475786 -0.0119284 0.409728 -0.41744
0.0344829 -0.00560145 0.267273 0.0108722
0.043955 -0.00428676 0.310172 0.0151145
0.442488 -0.071822 -0.350701 -0.573026
0.0396088 -0.00165471 0.252108 0.0101638
0.0299575 -0.0064789 0.253055 0.00955883
0.0495986 -0.00821663 0.37269 -0.989144
0.0273361 -0.00114315 0.219862 0.49842
0.0397792 -0.00511061 0.294201 0.0134343
0.0372518 -0.0057885 0.287782 0.0127458
0.0375456 -0.00444906 0.272394 0.0114647
0.0408942 -0.00544033 0.305081 0.0144716
0.0488507 -0.0117076 0.421074 -0.869558
0.0741844 -0.0151819 0.586426 -2.52473
0.0477912 -0.00505701 0.34467 -0.341252
0.0321397 -0.00192705 0.230194 0.389998
0.0706818 -0.0155375 0.572919 -2.52033
0.0361347 -0.00545752 0.276875 0.0117742
0.0938716 -0.0215109 0.877438 -4.496
0.0383108 -0.00328991 0.262917 0.010822
0.0477912 -0.00505701 0.34467 -0.341252
0.0305441 -0.00728734 0.265327 0.0104399
0.0420077 -0.00978143 0.373508 -0.381014
0.0361347 -0.00545752 0.276875 0.0117742
0.0586811 -0.0102054 0.430572 -1.80482
0.0513669 -0.0107694 0.404591 -1.00804
0.0260227 -0.000159055 0.180397 0.625211
0.0500259 -0.00583284 0.361504 0.0201158
0.0435298 -0.00538597 0.317765 0.0155435
0.0581548 -0.00799656 0.423685 -0.811228
0.0510717 -0.00605864 0.378249 -0.349955
0.0388048 -0.00127802 0.252764 0.301996
0.0580282 -0.0102616 0.441326 -1.28014
0.051883 -0.0097382 0.363465 -0.496717
4.30677 -0.404037 -23.4399 -5.06006
0.0383108 -0.00328991 0.262917 0.010822
0.0433693 -0.00193668 0.27581 0.0120184
0.0294243 -0.00695472 0.254382 0.0095658
0.0374026 -0.00286947 0.240701 0.268607
0.0531145 -0.00680644 0.348065 -0.50864
0.0598852 -0.012163 0.449229 -1.00414
0.24803 -0.0317392 -0.0268101 -0.244726
0.0352731 -0.00149757 0.240113 0.354406
0.0624482 -0.00630651 0.40517 -1.34973
0.0839688 -0.0188569 0.726744 -3.77632
0.0329979 0.00107477 0.193908 0.63703
0.0360115 -0.00114704 0.233601 0.454903
-0.134818 0.0159592 0.885603 -0.857353
0.0583398 -0.0108208 0.440126 -0.474221
0.043206 -0.00451825 0.3091 0.272567
-2.73159 0.17171 22.5472 -6.58871
0.0436082 -0.00279996 0.289861 0.0133566
0.0373796 0.00380409 0.19709 0.51915
0.0643192 -0.027798 0.672762 -2.50331
0.038947 -0.00505307 0.302218 0.231404
0.041189 0.00194223 0.231786 0.423245
0.0458803 -0.00620336 0.368127 -0.314954
0.0457975 -0.00100367 0.238995 0.44948
0.0280979 0.00331115 0.188881 0.846302
-0.613826 0.0583574 2.93159 -2.12003
0.0427366 -0.00108071 0.262413 0.26838
0.0384353 -0.0025148 0.277098 0.329709
0.0609858 -0.00698212 0.404245 -0.929584
-7.50842 0.745336 30.7245 -2.92398
0.0603393 -0.00570135 0.440984 -0.773425
0.372276 -0.0543909 -0.124241 -0.521825
0.330914 -0.0440558 0.00892685 3.02776
0.156306 -0.00301802 0.00154258 1.98612
0.434367 -0.0677889 -0.142129 -0.6974
0.0536523 -0.00547417 0.378579 0.0221882
0.173444 -0.00644588 -0.00908404 2.09224
0.0657699 -0.0130055 0.492475 -1.36925
0.0477912 -0.00505701 0.34467 -0.341252
0.0450206 -0.00179235 0.2854 0.0129377
-1.41708 0.0904639 10.0565 -5.00793
-0.123119 0.0222116 0.538342 0.250718
-10.8126 0.94582 57.0463 -4.23834
1.84892 -0.208551 -7.26449 -3.97009
0.0790516 -0.0116364 0.552753 -1.63112
