-2.92475 0.116751 25.7764 -7.11513
-0.26669 0.012306 0.0441465 1.85628
0.0245572 -0.0463766 -0.00258675 1.96183
-0.107445 -0.00661015 -0.564526 -5.68527
-0.107445 -0.00661015 -0.564526 -5.68527
-0.107445 -0.00661015 -0.564526 -5.68527
0.506705 -0.149003 0.0834447 3.3123
0.433539 -0.134309 0.0754464 3.33713
6.93439 -0.472899 -59.3536 -7.56381
-0.232737 0.0067231 0.0219384 1.93286
-0.215065 0.00375295 0.0121517 1.9577
-0.107445 -0.00661015 -0.564526 -5.68527
-0.107445 -0.00661015 -0.564526 -5.68527
0.379845 -0.123161 -0.000344812 1.99872
-0.223065 0.00513883 0.016386 1.95097
-3.29965 0.332927 13.7976 -3.6346
-0.215065 0.00375295 0.0121517 1.9577
-0.595432 -0.0303532 4.8013 -4.09221
0.431167 -0.134238 0.0795331 3.35269
-0.107445 -0.00661015 -0.564526 -5.68527
-0.107445 -0.00661015 -0.564526 -5.68527
6.55951 -0.449175 -55.8937 -7.50855
3.84268 -0.406264 -18.5884 -4.32831
-4.29768 0.501829 10.968 -1.2238
-4.21419 0.489933 10.932 -1.29123
-5.16203 0.565029 15.8885 -1.85708
-3.29965 0.332927 13.7976 -3.6346
-0.107445 -0.00661015 -0.564526 -5.68527
-0.107445 -0.00661015 -0.564526 -5.68527
-3.29965 0.332927 13.7976 -3.6346
-8.60956 0.568373 68.8378 -7.03368
0.0116326 -0.0767258 1.08296 -2.18704
-0.188144 -0.00137927 0.00283348 2.98771
-4.98769 0.565489 14.0226 -1.53027
-5.57277 0.610846 17.2607 -1.87044
-0.537726 0.0422958 0.691888 -0.103889
-0.598946 0.0503728 0.795488 -0.0533761
-0.608104 -0.0242469 4.84226 -4.44184
0.386959 -0.125415 0.0772013 3.3793
0.257636 -0.100622 0.168543 -2.52105
0.00512965 -0.077049 1.08214 -1.86507
2.57597 -0.315279 -9.76444 -3.25481
6.60019 -0.446443 -57.4937 -7.70607
-0.107445 -0.00661015 -0.564526 -5.68527
-0.221263 0.00478346 0.015748 1.95178
-0.225979 0.00555327 0.0183302 1.94185
-0.442914 0.0880013 0.163664 -0.737749
-0.221726 0.00491862 0.0156964 1.95663
-4.48253 0.509016 12.4305 -1.50617
-0.225979 0.00555327 0.0183302 1.94185
-7.459 0.47156 62.4282 -7.3911
4.94727 -0.336238 -43.9516 -7.80087
9.07564 -0.67939 -74.154 -7.6818
0.378549 -0.12288 0.0708148 3.34904
-0.26669 0.012306 0.0441465 1.85628
-0.215065 0.00375295 0.0121517 1.9577
6.93439 -0.472899 -59.3536 -7.56381
-0.130003 -2.20701e-05 4.64789e-05 1.9998
0.173064 -0.037465 -0.0218846 2.91373
0.283605 -0.0929968 -0.0013089 2.99341
-0.215065 0.00375295 0.0121517 1.9577
-4.51646 0.50909 12.7929 -1.58187
0.230345 -0.0771996 -0.0607242 3.4708
-3.19812 0.333186 12.4852 -3.31846
-0.0546415 -0.0701048 1.30624 -2.0976
0.416796 -0.130631 0.0725064 3.33245
-0.232255 0.00679424 0.0206067 1.93404
-0.107445 -0.00661015 -0.564526 -5.68527
-0.225979 0.00555327 0.0183302 1.94185
5.5344 -0.484748 -37.2926 -6.31849
0.123058 -0.0286154 -0.00109366 1.99577
0.406324 -0.126896 0.0655442 3.28399
-0.232737 0.0067231 0.0219384 1.93286
0.429859 -0.133379 -8.97343e-05 1.99975
-0.40977 0.0844581 0.000640883 1.9982
-0.232737 0.0067231 0.0219384 1.93286
-0.232255 0.00679424 0.0206067 1.93404
0.189096 -0.0942963 0.395293 -1.74193
-0.215065 0.00375295 0.0121517 1.9577
0.221793 -0.0976729 0.308807 -2.21754
0.257636 -0.100622 0.168543 -2.52105
0.44014 -0.134942 0.0710024 3.30893
-0.223065 0.00513883 0.016386 1.95097
0.49872 -0.147788 0.0793026 3.31928
-0.00788614 -0.0771609 1.28251 -2.46907
0.152464 -0.0293406 -0.0200358 2.92217
-0.55141 -0.0353294 4.80932 -4.4584
0.0687485 -0.0150961 -0.0395387 2.81725
-0.232255 0.00679424 0.0206067 1.93404
-0.225979 0.00555327 0.0183302 1.94185
0.0116326 -0.0767258 1.08296 -2.18704
-0.232255 0.00679424 0.0206067 1.93404
-0.107445 -0.00661015 -0.564526 -5.68527
-2.87169 0.106139 25.9183 -7.19466
-0.190875 -0.000606583 0.000856712 2.9964
0.357161 -0.121639 0.0329619 2.10343
-1.00888 0.00726497 7.01863 -4.28088
0.409741 -0.129896 0.0767743 3.36014
-0.225979 0.00555327 0.0183302 1.94185
-0.232737 0.0067231 0.0219384 1.93286
-3.80286 0.454399 9.00559 -1.01375
-0.225979 0.00555327 0.0183302 1.94185
0.361956 -0.119175 0.0679507 3.34397
-7.45251 0.500475 57.9168 -6.83512
-0.215065 0.00375295 0.0121517 1.9577
3.57678 -0.37357 -18.4603 -4.74891
-0.107445 -0.00661015 -0.564526 -5.68527
0.361956 -0.119175 0.0679507 3.34397
-0.232737 0.0067231 0.0219384 1.93286
-2.79961 0.350013 5.42513 -0.489191
-0.222617 0.0050277 0.0161284 1.9527
-0.810241 -0.00823501 6.04246 -4.50608
-2.974 0.362959 6.26912 -0.709192
-7.22164 0.462681 60.0257 -7.38697
0.189096 -0.0942963 0.395293 -1.74193
0.0116326 -0.0767258 1.08296 -2.18704
0.275771 -0.104087 0.158638 -2.68866
0.383001 -0.12423 0.0743549 3.36497
0.390145 -0.12408 0.0665055 3.30599
-0.26669 0.012306 0.0441465 1.85628
3.51946 -0.35697 -19.6674 -5.24075
0.169953 -0.0404006 -0.00488589 1.98268
6.63966 -0.448975 -58.0112 -7.73484
-0.122452 0.00227687 -0.0385588 2.19008
-0.225979 0.00555327 0.0183302 1.94185
-3.93621 0.469333 9.47585 -1.06474
-0.107445 -0.00661015 -0.564526 -5.68527
-0.232255 0.00679424 0.0206067 1.93404
-2.88906 0.303428 10.8736 -3.18498
6.83973 -0.705023 -27.9152 -2.96369
0.238097 -0.100897 0.305138 -2.30022
6.60019 -0.446443 -57.4937 -7.70607
-0.107445 -0.00661015 -0.564526 -5.68527
-0.107445 -0.00661015 -0.564526 -5.68527
-0.107445 -0.00661015 -0.564526 -5.68527
-0.107445 -0.00661015 -0.564526 -5.68527
-0.223065 0.00513883 0.016386 1.95097
0.126967 -0.0276009 -0.0144022 2.93929
-0.225979 0.00555327 0.0183302 1.94185
-3.98866 0.236799 27.7214 -5.65324
-0.26669 0.012306 0.0441465 1.85628
3.49648 -0.46254 -8.21562 -0.971424
-0.221263 0.00478346 0.015748 1.95178
-0.221263 0.00478346 0.015748 1.95178
0.30011 -0.107828 0.108352 -2.39595
-0.107445 -0.00661015 -0.564526 -5.68527
-0.232255 0.00679424 0.0206067 1.93404
-0.107445 -0.00661015 -0.564526 -5.68527
-0.107445 -0.00661015 -0.564526 -5.68527
-0.107445 -0.00661015 -0.564526 -5.68527
-0.107445 -0.00661015 -0.564526 -5.68527
-0.107445 -0.00661015 -0.564526 -5.68527
-0.130003 -2.20701e-05 4.64789e-05 1.9998
0.189096 -0.0942963 0.395293 -1.74193
-4.07273 0.474166 10.4115 -1.24156
-0.214936 0.00366885 0.0121337 1.95877
-0.214936 0.00366885 0.0121337 1.95877
-0.188144 -0.00137927 0.00283348 2.98771
-0.188144 -0.00137927 0.00283348 2.98771
-1.06272 0.00323536 8.25018 -4.96001
-6.91172 0.447873 56.5458 -7.25986
-4.21419 0.489933 10.932 -1.29123
-4.87223 0.546802 14.0329 -1.62327
-0.530262 -0.0325953 4.36953 -4.19184
-0.107445 -0.00661015 -0.564526 -5.68527
0.0616167 -0.0129122 -0.0319282 2.85223
-0.664043 -0.0197101 4.97205 -4.11503
-5.8146 0.350338 52.262 -8.10572
-0.228396 0.00600268 0.0193731 1.93304
-2.02257 0.0621714 17.7492 -6.84655
-0.221263 0.00478346 0.015748 1.95178
-1.14057 0.0215462 8.27427 -5.08693
-0.215065 0.00375295 0.0121517 1.9577
-4.43698 0.496539 12.7189 -1.62335
-0.215065 0.00375295 0.0121517 1.9577
0.329265 -0.111934 0.000226774 2.00076
-0.123634 -0.000429355 4.94869e-05 1.99975
0.419768 -0.117795 -0.323601 -0.944556
-0.214936 0.00366885 0.0121337 1.95877
0.0418506 -0.0122028 0.0156135 3.07884
-0.117197 0.00252473 -0.0414221 2.20168
-0.228396 0.00600268 0.0193731 1.93304
-0.215065 0.00375295 0.0121517 1.9577
0.334822 -0.113526 0.0657949 3.35068
-0.122452 0.00227687 -0.0385588 2.19008
0.176678 -0.088331 0.301598 -1.92637
-0.228396 0.00600268 0.0193731 1.93304
-0.222311 0.00496284 0.0159618 1.94107
-0.107445 -0.00661015 -0.564526 -5.68527
-0.0352415 -0.0653166 0.993416 -1.92956
-0.225979 0.00555327 0.0183302 1.94185
-0.107445 -0.00661015 -0.564526 -5.68527
4.20256 -0.363147 -31.3274 -7.21495
0.185268 -0.0426199 -0.0399829 -0.187083
0.127209 -0.0262761 -0.029357 2.87847
-6.42244 0.663046 23.1677 -2.46913
-0.228396 0.00600268 0.0193731 1.93304
-6.4066 0.398651 54.872 -7.61477
5.66334 -0.464678 -42.6926 -7.12945
-0.218844 0.00433501 0.0144545 1.94327
-0.228396 0.00600268 0.0193731 1.93304
-3.17532 0.38402 7.00115 -0.830684
0.00248441 -0.0159709 0.202636 0.265047
-0.107445 -0.00661015 -0.564526 -5.68527
0.445272 -0.136787 -0.000104388 1.99971
-6.42244 0.663046 23.1677 -2.46913
-1.00888 0.00726497 7.01863 -4.28088
-0.225979 0.00555327 0.0183302 1.94185
-0.214936 0.00366885 0.0121337 1.95877
-0.225979 0.00555327 0.0183302 1.94185
-0.232737 0.0067231 0.0219384 1.93286
-0.107445 -0.00661015 -0.564526 -5.68527
-0.0424538 -0.0626753 0.93726 -1.79076
0.390145 -0.12408 0.0665055 3.30599
-0.107445 -0.00661015 -0.564526 -5.68527
0.345856 -0.114405 0.0567428 3.2892
-0.228396 0.00600268 0.0193731 1.93304
-0.130003 -2.20701e-05 4.64789e-05 1.9998
6.55951 -0.449175 -55.8937 -7.50855
0.391156 -0.125318 0.0704999 3.33741
-0.214936 0.00366885 0.0121337 1.95877
-0.26669 0.012306 0.0441465 1.85628
-0.107445 -0.00661015 -0.564526 -5.68527
-0.26669 0.012306 0.0441465 1.85628
-0.221263 0.00478346 0.015748 1.95178
-0.123634 -0.000429355 4.94869e-05 1.99975
-0.107445 -0.00661015 -0.564526 -5.68527
-0.225979 0.00555327 0.0183302 1.94185
-0.228396 0.00600268 0.0193731 1.93304
-0.26669 0.012306 0.0441465 1.85628
-0.80155 0.0838212 0.848482 0.693027
0.0412667 -0.0386841 -0.0154952 2.13955
-0.232255 0.00679424 0.0206067 1.93404
-0.26669 0.012306 0.0441465 1.85628
-0.107445 -0.00661015 -0.564526 -5.68527
-6.18786 0.619732 23.877 -2.78059
-0.107445 -0.00661015 -0.564526 -5.68527
-0.215065 0.00375295 0.0121517 1.9577
-0.228396 0.00600268 0.0193731 1.93304
-0.222311 0.00496284 0.0159618 1.94107
0.383001 -0.12423 0.0743549 3.36497
-0.107445 -0.00661015 -0.564526 -5.68527
-0.220328 0.0046081 0.015496 1.93395
-0.107445 -0.00661015 -0.564526 -5.68527
-6.30775 0.408751 51.3876 -7.08363
0.506705 -0.149003 0.0834447 3.3123
0.358591 -0.1106 0.00259442 3.01183
-2.78007 0.204451 12.6824 -3.12676
-2.54622 0.310325 5.94944 -1.24152
-0.107445 -0.00661015 -0.564526 -5.68527
-2.40103 0.0978819 19.4802 -6.4536
-0.222311 0.00496284 0.0159618 1.94107
0.396452 -0.126241 -0.00086735 1.99743
-3.19812 0.333186 12.4852 -3.31846
-1.5194 0.20497 1.95251 0.225277
0.257636 -0.100622 0.168543 -2.52105
