-7.79721 0.504341 64.8033 -7.28378
0.0319435 -0.0117002 0.324642 0.0144907
0.0480889 -0.0162053 0.426871 -0.883722
-0.107445 -0.00661015 -0.564526 -5.68527
-0.240988 0.00810285 0.0275506 1.89203
0.074391 -0.0190631 0.632549 -2.18288
0.0270139 -0.00932633 0.288259 0.238808
0.0371778 -0.00837739 0.315745 0.0146649
0.253629 -0.0416275 -0.0120941 -0.290558
0.0344665 -0.0110195 0.331002 0.0153876
0.044043 -0.0141433 0.391475 -0.503626
0.432781 -0.13304 0.0670749 3.29564
-0.778647 0.0769864 0.951229 0.390512
0.0299394 -0.0143571 0.392097 -0.294384
0.0325491 -0.00863447 0.295331 0.0127883
0.0625308 -0.0155671 0.499231 -1.74809
0.0405132 -0.0145204 0.381234 -0.483429
0.0404338 -0.0153137 0.411273 -0.77779
0.0269628 -0.010467 0.283844 0.0111713
-7.24802 0.468034 61.2669 -7.42357
-0.438048 0.0656605 0.696194 0.567938
0.0598921 -0.0160865 0.492182 -1.26419
0.0315201 -0.0127391 0.333519 -0.418554
0.036951 -0.0130476 0.378701 -0.351336
0.0775992 -0.0253912 0.768665 -3.85319
0.0635812 -0.0218122 0.599959 -2.52621
0.0307178 -0.0107453 0.307465 0.0132091
-0.272343 0.0330674 0.582857 0.361096
0.338967 -0.0907315 0.0584865 -2.85149
0.0197924 -0.00555349 0.229384 0.64622
0.0348898 -0.00991896 0.323385 0.0151166
0.0497331 -0.0108274 0.386236 -0.452221
0.0246795 -0.00826485 0.253113 0.300767
0.0404338 -0.0153137 0.411273 -0.77779
0.0270758 -0.0110939 0.290172 0.0114073
0.0462079 -0.0111961 0.375607 -0.428801
0.029515 -0.00660121 0.234695 0.32402
0.0485531 -0.013649 0.420269 -1.64315
0.0206043 -0.0107098 0.247437 0.00796707
0.0256002 -0.00926871 0.258789 0.00926612
0.0476299 -0.0146527 0.436993 -0.845794
0.0325491 -0.00863447 0.295331 0.0127883
0.0440407 -0.0149863 0.424148 -0.812553
0.031067 -0.0122335 0.32781 0.0146621
0.0384394 -0.0121471 0.368383 0.0190789
0.0649632 -0.0220886 0.594851 -2.14905
0.0475788 -0.0137655 0.401632 -0.522585
0.0512594 -0.0142508 0.449645 -0.88196
0.052645 -0.0224211 0.531309 -2.09747
0.0245494 -0.0117724 0.283767 0.0105716
0.052645 -0.0224211 0.531309 -2.09747
0.0572857 -0.0127582 0.425356 -1.23544
0.038472 -0.0119487 0.353637 -0.462405
0.0349906 -0.0123441 0.343636 -0.441305
0.0196573 -0.0136478 0.300733 -0.313247
0.0315201 -0.0127391 0.333519 -0.418554
0.0468694 -0.0139686 0.404622 -0.930441
0.0459482 -0.014216 0.416806 -1.12978
0.0321607 -0.00958459 0.317905 -0.319019
0.0349906 -0.0123441 0.343636 -0.441305
0.0763389 -0.0250869 0.779222 -4.17335
0.0700556 -0.0259099 0.73 -3.80112
0.020508 -0.00696529 0.232927 0.520757
0.0308989 -0.00877932 0.285752 0.0118171
0.0439092 -0.0172505 0.441824 -1.28149
0.040676 -0.0173995 0.418689 -1.04665
0.0618189 -0.0227242 0.650045 -3.70805
0.0565313 -0.0164814 0.480599 -1.25057
0.0350753 -0.00795582 0.301733 0.0135663
0.0509125 -0.0160266 0.451683 -1.105
0.0234305 -0.0114403 0.272834 0.00969181
0.0541287 -0.0192666 0.497924 -1.87728
0.0475788 -0.0137655 0.401632 -0.522585
0.0453336 -0.0120581 0.408353 -0.836648
0.0323658 -0.010599 0.317014 0.0142523
0.0323658 -0.010599 0.317014 0.0142523
0.0308989 -0.00877932 0.285752 0.0118171
0.0281927 -0.0114246 0.301078 0.012352
0.0524593 -0.0163974 0.443452 -1.41189
0.0424727 -0.0134165 0.359074 -0.533156
0.0300225 -0.0093129 0.288925 0.0120028
0.0405132 -0.0145204 0.381234 -0.483429
0.0285439 -0.0129142 0.32145 0.0137306
0.0424595 -0.0078771 0.342468 0.0176559
0.0410471 -0.00888481 0.346928 0.0179508
0.0624662 -0.0187744 0.520193 -1.24238
0.0463845 -0.0202288 0.496466 -1.11261
0.044724 -0.0159751 0.385262 -0.543043
0.0419616 -0.0115918 0.364672 -0.489362
0.0400289 -0.00905642 0.33755 -0.472132
0.0440407 -0.0149863 0.424148 -0.812553
0.020508 -0.00696529 0.232927 0.520757
0.036951 -0.0130476 0.378701 -0.351336
0.0296019 -0.0104151 0.296573 0.0122338
0.0321275 -0.00973608 0.302968 0.0130521
0.0335897 -0.0115526 0.334163 0.0155835
0.0306894 -0.0124664 0.333103 -0.311431
0.0503363 -0.0197685 0.50033 -2.17087
0.0234305 -0.0114403 0.272834 0.00969181
0.0414135 -0.00951472 0.371702 -0.282082
0.0408616 -0.0117511 0.362143 -0.872325
0.0425233 -0.0145785 0.403045 -1.09177
0.0234443 -0.0151061 0.304754 -0.488651
0.0236008 -0.00893646 0.246171 0.00850217
0.0209836 -0.00465066 0.232355 0.411732
0.0408616 -0.0117511 0.362143 -0.872325
0.0368334 -0.0119353 0.346061 -0.802401
0.0256002 -0.00926871 0.258789 0.00926612
0.0459482 -0.014216 0.416806 -1.12978
0.0245494 -0.0117724 0.283767 0.0105716
0.0439092 -0.0172505 0.441824 -1.28149
0.0349906 -0.0123441 0.343636 -0.441305
0.0170791 -0.0067887 0.211159 0.412815
0.0224772 -0.0131714 0.311931 -0.340753
0.023255 -0.0134099 0.294624 0.0108152
0.0345417 -0.00843133 0.303055 0.0135695
0.0350714 -0.00914261 0.329659 -0.34946
0.0443511 -0.0117159 0.385447 -1.127
0.0192108 -0.0117261 0.252001 0.0079655
0.0281289 -0.00859169 0.265226 0.00998844
0.0294243 -0.00695472 0.254382 0.0095658
0.0272529 -0.00912528 0.268404 0.010153
0.0272529 -0.00912528 0.268404 0.010153
0.0236008 -0.00893646 0.246171 0.00850217
0.0296678 -0.00782093 0.268501 0.0106333
0.0417017 -0.0201678 0.464541 -1.41455
0.0334797 -0.0116334 0.31107 -0.46785
0.0439092 -0.0172505 0.441824 -1.28149
0.0280666 -0.0131343 0.323275 -0.394009
0.0293712 -0.0156434 0.347889 -0.49371
0.0263128 -0.0122543 0.299677 0.0117744
0.0400289 -0.00905642 0.33755 -0.472132
0.0554785 -0.0162907 0.481549 -1.96429
0.0434402 -0.0143549 0.391959 -0.897238
0.0197633 -0.0112521 0.250627 0.00803243
0.0464728 -0.0164434 0.437923 -1.57731
0.0453336 -0.0120581 0.408353 -0.836648
0.036951 -0.0130476 0.378701 -0.351336
0.0304814 -0.0107495 0.340489 -0.288925
0.0288872 -0.0128568 0.319611 0.0135256
0.0294894 -0.00978868 0.290252 0.0119786
0.0368131 -0.0156358 0.398396 -0.74166
0.0175151 -0.00499025 0.199834 0.661087
0.0434402 -0.0143549 0.391959 -0.897238
0.0296976 -0.0102668 0.307594 -0.404276
0.0333779 -0.0165508 0.422545 -0.671675
0.0308989 -0.00877932 0.285752 0.0118171
0.0526954 -0.013449 0.443564 -1.19504
0.0521674 -0.0124053 0.398765 -1.09628
0.0331234 -0.00986181 0.31767 -0.428465
0.0354867 -0.0154651 0.380892 -1.19788
0.0283717 -0.00945732 0.279336 0.0110481
0.0325491 -0.00863447 0.295331 0.0127883
0.0425233 -0.0145785 0.403045 -1.09177
0.0425233 -0.0145785 0.403045 -1.09177
0.0161389 -0.00516641 0.203828 0.589372
0.038472 -0.0119487 0.353637 -0.462405
0.0298414 -0.0112788 0.310637 0.0133789
0.0192006 -0.00481707 0.21541 0.543751
0.0281289 -0.00859169 0.265226 0.00998844
0.0258442 -0.0101351 0.272915 0.0102708
0.0274289 -0.0125846 0.310572 0.0127346
0.040676 -0.0173995 0.418689 -1.04665
0.0565313 -0.0164814 0.480599 -1.25057
0.0350714 -0.00914261 0.329659 -0.34946
0.0459482 -0.014216 0.416806 -1.12978
0.0227561 -0.0117048 0.288245 -0.355361
0.0327997 -0.0115889 0.30829 -0.554716
0.0308989 -0.00877932 0.285752 0.0118171
0.0294243 -0.00695472 0.254382 0.0095658
0.019869 -0.00620183 0.218638 0.393402
0.0518292 -0.016607 0.465679 -1.92197
0.0390597 -0.0149263 0.389103 -1.05049
0.023255 -0.0134099 0.294624 0.0108152
0.0349906 -0.0123441 0.343636 -0.441305
0.0258352 -0.00737618 0.238397 0.00826651
0.0260187 -0.00816489 0.251112 0.00906391
0.022115 -0.00754023 0.219424 0.297676
0.0390597 -0.0149263 0.389103 -1.05049
0.0426991 -0.0115642 0.364824 -0.403603
0.0450175 -0.0103749 0.37225 -1.32218
0.0281289 -0.00859169 0.265226 0.00998844
0.0276866 -0.0149137 0.315918 -0.528337
0.0539771 -0.0194148 0.532239 -2.94117
0.0390597 -0.0149263 0.389103 -1.05049
0.0308427 -0.00893767 0.283395 -0.433001
0.0192043 -0.00521004 0.174825 0.541234
0.0236008 -0.00893646 0.246171 0.00850217
0.0368334 -0.0119353 0.346061 -0.802401
0.0280666 -0.0131343 0.323275 -0.394009
0.0272529 -0.00912528 0.268404 0.010153
0.0115539 -0.00218695 0.177256 0.762115
0.0247245 -0.0098025 0.261971 0.00940595
0.0236008 -0.00893646 0.246171 0.00850217
0.0236008 -0.00893646 0.246171 0.00850217
0.0591711 -0.0159771 0.496689 -1.99868
0.0232499 -0.00318085 0.197393 0.517993
0.0459482 -0.014216 0.416806 -1.12978
0.0205147 -0.01008 0.240939 0.00772404
0.022115 -0.00754023 0.219424 0.297676
0.0247245 -0.0098025 0.261971 0.00940595
0.022115 -0.00754023 0.219424 0.297676
0.0242344 -0.0103437 0.296677 -0.353527
0.0219082 -0.0090634 0.236372 0.00767946
0.0350714 -0.00914261 0.329659 -0.34946
0.0283717 -0.00945732 0.279336 0.0110481
0.0332425 -0.0100657 0.313848 0.014058
0.0334258 -0.00810109 0.292163 0.012578
0.0127063 -0.000684089 0.150187 0.856074
0.0256519 -0.00726694 0.229787 0.256167
0.0284847 -0.0100842 0.285664 0.0112942
0.0373632 -0.0064142 0.29409 0.0130613
0.0277821 -0.00391414 0.2081 0.397709
0.027761 -0.00443324 0.211922 0.296702
0.0105374 -0.0100074 0.217165 0.357834
0.0224607 -0.00858911 0.234995 0.00770898
0.0434402 -0.0143549 0.391959 -0.897238
0.0289047 -0.00898148 0.278007 0.0110712
0.0377403 -0.01262 0.381356 -0.751023
0.0274956 -0.00999112 0.282514 0.0112094
0.0425233 -0.0145785 0.403045 -1.09177
0.0172621 -0.00935252 0.239693 0.263045
0.0181179 -0.00384108 0.175699 0.670607
0.02672 -0.00960132 0.269735 0.0101245
0.0156402 -0.00139889 0.180525 0.806087
0.0308989 -0.00877932 0.285752 0.0118171
0.0284788 -0.00469522 0.223118 0.524095
0.0593411 -0.0126394 0.469278 -1.24704
0.0587136 -0.0155631 0.470249 -1.45634
0.0350714 -0.00914261 0.329659 -0.34946
0.0431265 -0.0202144 0.453064 -1.77017
0.0368334 -0.0119353 0.346061 -0.802401
0.0425233 -0.0145785 0.403045 -1.09177
0.0434402 -0.0143549 0.391959 -0.897238
0.0243036 -0.00575518 0.227484 0.422693
0.0292479 -0.00892376 0.27616 0.0108772
0.0286114 -0.00806783 0.262768 0.26718
0.0349906 -0.0123441 0.343636 -0.441305
0.0518292 -0.016607 0.465679 -1.92197
0.0159391 -0.00268821 0.180411 0.70779
0.0459936 -0.0173815 0.449723 -0.80669
0.0620668 -0.0191782 0.544698 -1.6497
0.065554 -0.0187685 0.562665 -1.85419
0.0408942 -0.00544033 0.305081 0.0144716
0.052341 -0.00710023 0.389202 0.023054
0.0566463 -0.0118549 0.464546 -0.377735
0.0313461 -0.00837305 0.292448 0.349823
0.0547439 -0.0111896 0.430055 -0.456243
0.0187031 -0.0039101 0.195815 0.44737
0.0214594 -0.00491693 0.19244 0.452199
0.026133 -0.00879261 0.257457 0.00929346
0.0196612 -0.00756066 0.246217 0.391154
0.0535021 -0.01311 0.428041 -0.977826
-0.117769 0.0137995 0.504453 0.112282
0.0298092 -0.0101586 0.323414 0.239734
-0.240148 0.0630289 0.000713227 1.99755
