-1.29495 0.0981494 7.30801 -3.85683
0.0306894 -0.0124664 0.333103 -0.311431
0.0233016 -0.00804657 0.231802 0.00759945
0.0323994 -0.0405559 -0.0348435 3.44821
-0.107445 -0.00661015 -0.564526 -5.68527
0.0614402 -0.0188323 0.546912 -2.26692
0.0202879 -0.00957251 0.264304 0.380949
0.028788 -0.0135612 0.354786 -0.276005
0.03699 -0.0148969 0.370901 -0.461871
0.0303254 -0.016083 0.38384 -0.310515
0.0552123 -0.0196755 0.506488 -1.39616
0.445272 -0.136787 -0.000104388 1.99971
-0.0333001 -0.017554 0.00399576 -0.00546172
0.0218475 -0.0144204 0.299151 0.0108102
0.0254251 -0.0112386 0.280586 0.0104483
-4.54193 0.298458 36.079 -6.78388
0.0405346 -0.017621 0.427904 -1.24739
0.197244 -0.0378014 0.0155375 -0.192056
0.0231415 -0.0127826 0.288288 0.0106117
0.226431 -0.0324159 -0.233738 -0.0694018
-4.68127 0.445656 20.1205 -3.08704
0.0514779 -0.0196815 0.479367 -1.1528
0.0464728 -0.0164434 0.437923 -1.57731
0.0453189 -0.0173205 0.4356 -1.11745
0.02672 -0.00960132 0.269735 0.0101245
0.043166 -0.01684 0.423263 -1.53925
0.0215449 -0.00903035 0.24278 0.27015
0.17719 -0.0313027 -0.00726199 2.95589
2.16287 -0.236758 -10.5509 -4.85881
0.028788 -0.0135612 0.354786 -0.276005
0.0284847 -0.0100842 0.285664 0.0112942
0.0557747 -0.0161654 0.468876 -1.69059
0.0241919 -0.0102786 0.263304 0.0093634
0.0257802 -0.0127306 0.301013 0.0117099
0.0470766 -0.0198512 0.459358 -1.57124
0.0245235 -0.00432502 0.198327 0.439174
0.0256002 -0.00926871 0.258789 0.00926612
0.0394205 -0.0136639 0.380371 -1.43309
0.0193746 -0.0097328 0.229764 0.00696563
0.024793 -0.0121524 0.287611 -0.490379
0.0453189 -0.0173205 0.4356 -1.11745
0.0368131 -0.0156358 0.398396 -0.74166
0.0390216 -0.0181148 0.424251 -0.741867
0.0475632 -0.0260368 0.541808 -1.62515
0.0436381 -0.0189105 0.400236 -0.53032
0.0202879 -0.00957251 0.264304 0.380949
0.0248328 -0.0120436 0.302592 0.230195
0.0613372 -0.0223704 0.577465 -2.10861
0.0220227 -0.0124506 0.277357 0.00972631
0.0372475 -0.0177597 0.405118 -1.0097
0.0101705 -0.00616387 0.187428 0.645407
0.019869 -0.00620183 0.218638 0.393402
0.0256002 -0.00926871 0.258789 0.00926612
0.0150892 -0.00678623 0.191767 0.572387
0.0197633 -0.0112521 0.250627 0.00803243
0.0152944 -0.0120351 0.251448 0.267035
0.0256002 -0.00926871 0.258789 0.00926612
0.0233163 -0.0108126 0.26649 0.0094848
0.0503363 -0.0197685 0.50033 -2.17087
0.0228981 -0.0119166 0.274171 0.00962824
0.0228981 -0.0119166 0.274171 0.00962824
0.0195059 -0.0118478 0.259599 0.241238
0.0293712 -0.0156434 0.347889 -0.49371
0.0345596 -0.0141193 0.336241 -0.571039
0.0319805 -0.0155413 0.359598 -0.949177
0.0172621 -0.00935252 0.239693 0.263045
0.0104687 -0.00370277 0.162445 0.77875
0.0368334 -0.0119353 0.346061 -0.802401
0.0425233 -0.0145785 0.403045 -1.09177
0.04822 -0.0169161 0.448876 -1.8699
0.0396195 -0.0171089 0.404072 -1.45765
0.0172621 -0.00935252 0.239693 0.263045
0.0306894 -0.0124664 0.333103 -0.311431
0.0425233 -0.0145785 0.403045 -1.09177
0.040676 -0.0173995 0.418689 -1.04665
0.0245494 -0.0117724 0.283767 0.0105716
0.0143208 -0.00790835 0.21618 0.57328
0.0224772 -0.0131714 0.311931 -0.340753
0.0280666 -0.0131343 0.323275 -0.394009
0.0245494 -0.0117724 0.283767 0.0105716
0.0180118 -0.00891311 0.230526 0.388808
0.0695178 -0.0258803 0.759191 -4.30252
0.023564 -0.0112785 0.266562 0.28916
0.033776 -0.00959001 0.312522 0.0140751
0.0270139 -0.00932633 0.288259 0.238808
0.0320157 -0.00911011 0.296656 0.0127778
0.0625852 -0.0230225 0.6567 -3.51471
0.0251446 -0.0141286 0.318268 0.0129021
0.0170791 -0.0067887 0.211159 0.412815
0.028788 -0.0135612 0.354786 -0.276005
0.040676 -0.0173995 0.418689 -1.04665
0.0205792 -0.0104735 0.233594 0.281782
0.0348499 -0.0178108 0.385403 -0.53031
0.0245494 -0.0117724 0.283767 0.0105716
0.0254251 -0.0112386 0.280586 0.0104483
0.0167775 -0.00612524 0.224341 0.652082
0.016144 -0.00893673 0.210541 0.541674
0.0221957 -0.0104795 0.255534 0.00865035
0.0372056 -0.0165606 0.401088 -1.56768
0.0183413 -0.00586616 0.238744 0.551012
0.0267914 -0.00935106 0.272246 -0.515145
0.0221957 -0.0104795 0.255534 0.00865035
0.0234443 -0.0151061 0.304754 -0.488651
0.0215772 -0.0126074 0.277836 -0.469942
0.0224772 -0.0131714 0.311931 -0.340753
0.0221957 -0.0104795 0.255534 0.00865035
0.0192043 -0.00521004 0.174825 0.541234
0.00725634 -0.00658799 0.177177 0.688704
0.0293712 -0.0156434 0.347889 -0.49371
0.0210672 -0.00960594 0.239564 0.00776941
0.0230712 -0.00994551 0.252347 0.00853553
0.0396195 -0.0171089 0.404072 -1.45765
0.0338837 -0.0169405 0.387157 -1.5359
0.0196573 -0.0136478 0.300733 -0.313247
0.0227561 -0.0117048 0.288245 -0.355361
0.0256002 -0.00926871 0.258789 0.00926612
0.040676 -0.0173995 0.418689 -1.04665
0.0327997 -0.0115889 0.30829 -0.554716
0.0118703 -0.00713583 0.180453 0.626015
0.0220227 -0.0124506 0.277357 0.00972631
0.0280145 -0.0116955 0.297246 -0.508677
0.0200517 -0.011184 0.248813 0.00790948
0.0210672 -0.00960594 0.239564 0.00776941
0.0182345 -0.00938615 0.218597 0.00624629
0.0280145 -0.0116955 0.297246 -0.508677
0.0206043 -0.0107098 0.247437 0.00796707
0.0207294 -0.0140889 0.28823 0.00990959
0.0230712 -0.00994551 0.252347 0.00853553
0.0111344 -0.00757312 0.188863 0.504153
0.0209028 -0.012118 0.266411 0.00887652
0.0230712 -0.00994551 0.252347 0.00853553
0.0309965 -0.0127404 0.330993 -0.500667
0.040676 -0.0173995 0.418689 -1.04665
0.0280145 -0.0116955 0.297246 -0.508677
0.0193746 -0.0097328 0.229764 0.00696563
0.0206043 -0.0107098 0.247437 0.00796707
0.02672 -0.00960132 0.269735 0.0101245
0.0247245 -0.0098025 0.261971 0.00940595
0.0139078 -0.00529307 0.190008 0.703733
0.0195059 -0.0118478 0.259599 0.241238
0.052645 -0.0224211 0.531309 -2.09747
0.0230712 -0.00994551 0.252347 0.00853553
0.0220227 -0.0124506 0.277357 0.00972631
0.0354842 -0.0152065 0.373178 -0.990811
0.0206043 -0.0107098 0.247437 0.00796707
0.0180118 -0.00891311 0.230526 0.388808
0.0215449 -0.00903035 0.24278 0.27015
0.0349906 -0.0123441 0.343636 -0.441305
0.0361383 -0.0120519 0.351586 -0.975985
0.0205669 -0.0106397 0.284702 -0.307679
0.0221957 -0.0104795 0.255534 0.00865035
0.0148787 -0.00610611 0.17529 0.44843
0.0170791 -0.0067887 0.211159 0.412815
0.0233163 -0.0108126 0.26649 0.0094848
0.0464097 -0.0199646 0.478327 -2.07543
0.0319805 -0.0155413 0.359598 -0.949177
0.0216634 -0.0109557 0.256869 0.00859342
0.0372475 -0.0177597 0.405118 -1.0097
0.0112149 -0.0082773 0.204769 0.62067
0.0220227 -0.0124506 0.277357 0.00972631
0.0180707 -0.0113783 0.240819 0.0071884
0.0319805 -0.0155413 0.359598 -0.949177
0.0148544 -0.00933645 0.220587 0.42639
0.0136978 -0.00567883 0.191194 0.64442
0.0242344 -0.0103437 0.296677 -0.353527
0.0210672 -0.00960594 0.239564 0.00776941
0.0172297 -0.0119202 0.244004 0.00722724
0.0460057 -0.0200583 0.497255 -2.81217
0.0227561 -0.0117048 0.288245 -0.355361
0.0234305 -0.0114403 0.272834 0.00969181
0.0194956 -0.0131286 0.270942 0.00887044
0.0197633 -0.0112521 0.250627 0.00803243
0.00117737 -0.00755366 0.160984 0.753668
0.0167667 -0.0130235 0.25187 0.00735379
0.0111344 -0.00757312 0.188863 0.504153
0.0203707 -0.0125944 0.26775 0.00879816
0.0205792 -0.0104735 0.233594 0.281782
0.0196573 -0.0136478 0.300733 -0.313247
0.0148544 -0.00933645 0.220587 0.42639
0.04822 -0.0169161 0.448876 -1.8699
0.0236008 -0.00893646 0.246171 0.00850217
0.0118703 -0.00713583 0.180453 0.626015
0.0183697 -0.0122684 0.25519 0.00801043
0.0127622 -0.00877716 0.187484 0.439855
0.00898864 -0.0076937 0.173498 0.647228
0.0244356 -0.0129254 0.314712 -0.844377
0.0180707 -0.0113783 0.240819 0.0071884
0.0141883 -0.00953224 0.190744 0.313588
0.00898864 -0.0076937 0.173498 0.647228
0.0041027 -0.00710229 0.170379 0.712476
0.0206043 -0.0107098 0.247437 0.00796707
0.0207681 -0.00871656 0.225202 0.00692622
0.0172297 -0.0119202 0.244004 0.00722724
0.0183697 -0.0122684 0.25519 0.00801043
0.0158667 -0.00831549 0.196892 0.399631
0.0242344 -0.0103437 0.296677 -0.353527
0.0202155 -0.0091908 0.226578 0.00689079
0.0172621 -0.00935252 0.239693 0.263045
0.0436319 -0.0205282 0.474004 -2.4979
0.0141883 -0.00953224 0.190744 0.313588
0.00450371 -0.00533496 0.140882 0.836759
0.0168411 -0.0104018 0.223152 0.00624437
0.0182345 -0.00938615 0.218597 0.00624629
0.00953951 -0.00974515 0.185305 0.337465
0.0247915 -0.0126377 0.297868 0.0116066
0.0233163 -0.0108126 0.26649 0.0094848
0.0274521 -0.0131347 0.32131 -0.480327
0.0315201 -0.0127391 0.333519 -0.418554
0.0207681 -0.00871656 0.225202 0.00692622
0.0216634 -0.0109557 0.256869 0.00859342
0.020134 -0.00829425 0.208572 0.335933
0.0449404 -0.013895 0.400062 -1.55109
0.0360358 -0.0140305 0.366534 -1.39716
0.0219082 -0.0090634 0.236372 0.00767946
0.00538315 -0.00603637 0.144851 0.737192
0.0185573 -0.0130979 0.268171 -0.451673
0.0207881 -0.0114899 0.260059 0.00868952
0.0207881 -0.0114899 0.260059 0.00868952
0.020134 -0.00829425 0.208572 0.335933
0.0186233 -0.0109044 0.239446 0.00725459
0.0361022 -0.0172237 0.380129 -1.32782
0.0155371 -0.0120463 0.234195 0.00640083
0.0127622 -0.00877716 0.187484 0.439855
0.024793 -0.0121524 0.287611 -0.490379
0.0288209 -0.016394 0.3781 -0.811907
0.0467797 -0.0199006 0.468533 -1.81191
0.0364676 -0.0158454 0.405484 -0.900805
0.020508 -0.00696529 0.232927 0.520757
0.0237646 -0.00694274 0.223929 0.00734673
0.0280145 -0.0116955 0.297246 -0.508677
0.0395021 -0.0205234 0.436991 -1.72156
0.0464956 -0.0291098 0.580483 -2.61035
0.0193746 -0.0097328 0.229764 0.00696563
0.0118267 -0.0098568 0.212742 0.450392
0.0150892 -0.00678623 0.191767 0.572387
0.0320772 -0.0145435 0.367062 -1.69458
0.0111344 -0.00757312 0.188863 0.504153
0.0118703 -0.00713583 0.180453 0.626015
0.0183697 -0.0122684 0.25519 0.00801043
0.0075965 -0.00861295 0.219244 0.427273
0.00782552 -0.00634824 0.176244 0.747074
0.0224772 -0.0131714 0.311931 -0.340753
0.0270758 -0.0110939 0.290172 0.0114073
0.904028 -0.139459 -1.99369 -2.05856
0.287782 -0.0450931 -0.0459268 -0.328023
0.0745349 -0.0237496 0.639483 -2.29713
0.044724 -0.0159751 0.385262 -0.543043
0.0440407 -0.0149863 0.424148 -0.812553
0.0167667 -0.0130235 0.25187 0.00735379
0.0168411 -0.0104018 0.223152 0.00624437
0.0305708 -0.01546 0.368317 -1.14536
0.017169 -0.00642194 0.17876 0.00450424
0.0213203 -0.0110137 0.258724 0.0087553
0.0215449 -0.00903035 0.24278 0.27015
0.0180118 -0.00891311 0.230526 0.388808
0.0464097 -0.0199646 0.478327 -2.07543
