0.054141 -0.00540106 0.385714 -0.272506
0.191303 -0.0394954 0.23622 -0.283097
0.274026 -0.041707 0.00332246 -0.323632
-0.107445 -0.00661015 -0.564526 -5.68527
-0.786749 0.0786745 0.942678 0.435904
0.0707733 -0.00892422 0.47199 -0.712185
0.0698312 -0.0181712 0.547142 -1.29568
0.0525473 -0.00515094 0.36784 0.0209129
0.0808379 -0.0123049 0.579449 -1.60844
0.0520351 -0.00656881 0.411176 -0.262396
0.0516678 -0.00568239 0.370956 0.0212924
0.0946249 -0.00862623 -0.438505 0.239852
4.94727 -0.336238 -43.9516 -7.80087
-9.00805 0.597532 73.5982 -7.12938
0.0869015 -0.0143153 0.60637 -1.93515
0.0558432 -0.00331671 0.364841 0.0208612
0.0702881 -0.013192 0.529448 -1.23005
0.0463954 -0.00618889 0.344372 0.0181205
0.0549474 -0.0135226 0.448161 -0.727296
-0.0337508 0.0205152 0.231523 0.154386
-0.128474 0.0497486 0.000148308 1.9994
0.0547366 -0.0029924 0.354079 0.019608
0.0388248 -0.00823034 0.325277 0.0157189
0.268383 -0.0349025 0.00111964 -0.288241
0.054141 -0.00540106 0.385714 -0.272506
0.0726344 -0.0123521 0.52533 -1.5979
0.0813329 -0.0177391 0.62444 -2.08311
3.64535 -0.335771 -28.7632 -8.35637
-6.43809 0.400423 57.243 -7.7444
0.0516678 -0.00568239 0.370956 0.0212924
0.0624969 -0.00712712 0.434632 -0.339211
0.104652 -0.0202015 0.808357 -2.91863
0.0484718 -0.00340374 0.324276 0.0165693
0.0833313 -0.0174425 0.669252 -2.61064
0.0363922 -0.00563396 0.292629 0.25338
-11.3944 0.742435 96.0145 -7.44686
0.14868 -0.012672 0.00170608 1.96846
0.0618659 -0.00953694 0.44116 -1.09583
0.0557747 -0.0161654 0.468876 -1.69059
0.0594342 -0.0103299 0.435076 -1.11586
0.073943 -0.0126453 0.533387 -1.09386
0.0899705 -0.0178584 0.710987 -2.84907
0.0590423 -0.00711944 0.390173 -0.417469
-0.4013 0.1051 0.000338488 1.99912
0.0536523 -0.00547417 0.378579 0.0221882
0.316537 -0.0453712 -0.0276269 -0.419711
0.0602943 -0.00784691 0.424813 -0.409089
0.0638892 -0.00748436 0.435162 -0.429254
0.0448339 -0.00375473 0.307038 0.0147156
0.044982 -0.00719594 0.348818 0.018485
0.0376012 -0.00727693 0.30813 0.0143361
0.0640725 -0.00973048 0.448582 -0.665175
0.042603 -0.00309492 0.285268 0.0126962
0.0451768 -0.00523884 0.327293 0.0165951
0.0321275 -0.00973608 0.302968 0.0130521
0.0435298 -0.00538597 0.317765 0.0155435
0.0953757 -0.0181234 0.786522 -3.86655
0.0478946 -0.00260096 0.312126 0.0153657
0.0441427 -0.00232505 0.28855 0.0132782
0.0589471 -0.00965054 0.41482 -0.859961
0.0458574 -0.00393449 0.317961 0.254768
0.0776106 -0.013857 0.471188 -0.926999
0.0622047 -0.0092158 0.426398 -0.882364
0.0899705 -0.0178584 0.710987 -2.84907
0.0756387 -0.0157208 0.601613 -2.46176
0.0509321 -0.00864631 0.397915 -0.740203
0.0620443 -0.0151648 0.48143 -1.46226
0.048773 -0.00206887 0.30899 0.0149999
0.0788533 -0.0152793 0.612701 -2.44661
0.0796176 -0.0118233 0.570736 -2.35809
0.052535 -0.0136074 0.451258 -1.38977
0.0477912 -0.00505701 0.34467 -0.341252
0.294517 -0.038258 -0.0247318 -0.348852
0.0581305 -0.00530974 0.399028 -0.395257
0.0619416 -0.0104519 0.450136 -0.491311
0.0820201 -0.0180344 0.63072 -1.75864
0.0462876 -0.00556593 0.338115 0.0177397
0.0657699 -0.0130055 0.492475 -1.36925
0.0649851 -0.0122688 0.481982 -0.788456
0.0555291 -0.00748152 0.379194 -0.392002
0.0745299 -0.0148676 0.545847 -1.36882
0.288018 -0.0397093 -0.0146186 -0.263649
0.0475786 -0.0119284 0.409728 -0.41744
0.066218 -0.0100403 0.460662 -0.440252
0.0706372 -0.00949164 0.480209 -1.24988
0.104652 -0.0202015 0.808357 -2.91863
0.269482 -0.0418882 -0.0155855 -0.316851
0.0792557 -0.0149736 0.574624 -1.62302
0.0653745 -0.00726414 0.449274 -0.881211
0.0568061 -0.00457377 0.364417 -0.402318
0.0702602 -0.0129521 0.520202 -1.06641
0.0726344 -0.0123521 0.52533 -1.5979
-4.41701 0.276083 38.6835 -7.41719
0.0560456 -0.00789668 0.411463 -0.289993
0.235831 -0.0312195 0.0807015 -0.283725
0.0625716 -0.00675609 0.400989 -0.441199
0.0462876 -0.00556593 0.338115 0.0177397
0.0938716 -0.0215109 0.877438 -4.496
0.0381352 -0.00680167 0.306812 0.0143129
0.0855408 -0.0144919 0.640466 -2.46233
0.0429032 -0.00657143 0.354343 -0.27455
0.0698664 -0.00917113 0.468296 -1.68832
0.0321607 -0.00958459 0.317905 -0.319019
0.0521125 -0.00673104 0.345844 -0.588583
0.0698664 -0.00917113 0.468296 -1.68832
0.0609858 -0.00698212 0.404245 -0.929584
0.046246 -0.002747 0.302575 0.0143657
0.0547944 -0.0104095 0.418174 -1.0451
0.0447459 -0.0078759 0.356894 0.0191235
0.0802555 -0.0179542 0.661868 -2.65593
0.0790685 -0.0150967 0.594243 -2.14739
0.0742964 -0.0112232 0.504405 -1.58884
0.0717816 -0.0118903 0.522537 -2.50521
0.0476001 -0.00828368 0.359961 -0.437061
0.0574108 -0.0130278 0.439086 -1.49384
0.0510717 -0.00605864 0.378249 -0.349955
0.0448029 -0.00547678 0.332679 -0.309978
0.0650356 -0.00904217 0.451346 -1.10467
0.0323087 -0.00777018 0.281256 0.0116227
0.0566382 -0.00758995 0.402593 -1.09045
0.0790171 -0.0150772 0.628367 -3.13191
0.0566382 -0.00758995 0.402593 -1.09045
0.218059 -0.0277683 0.00375638 -0.189918
0.064398 -0.0127654 0.499382 -2.1651
0.0745034 -0.0142887 0.510997 -1.3529
0.0501287 -0.0121582 0.447946 -0.675093
0.0451768 -0.00523884 0.327293 0.0165951
0.0754331 -0.0153767 0.576853 -2.10669
0.0594342 -0.0103299 0.435076 -1.11586
0.0414135 -0.00951472 0.371702 -0.282082
0.0763935 -0.0159382 0.645752 -3.41441
0.0473595 -0.00307573 0.313434 0.0154527
0.0424918 -0.00246934 0.278962 0.012344
0.0427366 -0.00108071 0.262413 0.26838
0.0350714 -0.00914261 0.329659 -0.34946
0.0566668 -0.0107834 0.437329 -0.779151
0.0581305 -0.00530974 0.399028 -0.395257
0.0855408 -0.0144919 0.640466 -2.46233
0.0668119 -0.00646345 0.443213 -1.19447
0.0802555 -0.0179542 0.661868 -2.65593
0.0581568 -0.00715288 0.391004 -0.502112
0.0546294 -0.00753021 0.380753 -0.481831
0.0460551 -0.00470666 0.324155 0.0162606
0.0471661 -0.00503382 0.33498 0.0174015
0.0428121 -0.000655802 0.2587 0.35411
0.0516758 -0.011165 0.412967 -0.252044
0.0566668 -0.0107834 0.437329 -0.779151
0.066843 -0.00954606 0.471632 -0.845497
0.0618659 -0.00953694 0.44116 -1.09583
0.0525809 -0.00495882 0.353232 -0.461116
0.0438116 -0.0104733 0.342663 -0.542005
0.0816108 -0.0144259 0.609801 -2.63816
0.0498856 -0.00239699 0.319836 0.0161181
0.0568061 -0.00457377 0.364417 -0.402318
0.0525809 -0.00495882 0.353232 -0.461116
0.0602264 -0.011915 0.436369 -0.813276
0.0601089 -0.0103896 0.449163 -0.804931
0.0531522 -0.00857342 0.403802 -0.365202
0.0692451 -0.0123874 0.492473 -1.18243
0.0546294 -0.00753021 0.380753 -0.481831
0.0546294 -0.00753021 0.380753 -0.481831
0.0779969 -0.0184935 0.630156 -1.94865
0.03989 -0.00573588 0.300501 0.0137686
0.0650356 -0.00904217 0.451346 -1.10467
0.0427366 -0.00108071 0.262413 0.26838
0.046136 -0.0021224 0.296287 0.013984
0.0347241 -0.00646618 0.28136 0.0120494
0.0427366 -0.00108071 0.262413 0.26838
0.0404263 0.000843334 0.255451 0.443822
0.082575 -0.014789 0.611298 -2.18246
0.0431645 -0.00319727 0.285344 0.239961
0.0384353 -0.0025148 0.277098 0.329709
0.0657699 -0.0130055 0.492475 -1.36925
0.0756387 -0.0157208 0.601613 -2.46176
0.0448339 -0.00375473 0.307038 0.0147156
0.0437189 -0.00342507 0.296159 0.0137067
0.0603699 -0.0097144 0.417358 -0.513449
0.0277113 0.000460012 0.214825 0.685069
0.0486726 -0.00712901 0.335777 -0.569322
0.0650356 -0.00904217 0.451346 -1.10467
0.0860622 -0.0195525 0.819483 -5.08951
0.0424918 -0.00246934 0.278962 0.012344
0.0483597 -0.0133001 0.405651 -1.35156
0.0397215 -0.00228141 0.258435 0.0104972
0.0413743 -0.00213804 0.268048 0.0113634
0.066195 -0.00948412 0.453504 -1.65079
0.0399648 -0.0031474 0.272548 0.0115375
0.0441761 -0.00502796 0.299773 -0.436673
0.0710414 -0.0116361 0.49352 -1.58898
0.0465392 -0.00796613 0.359336 -0.331772
0.0436082 -0.00279996 0.289861 0.0133566
0.0466709 -0.00164766 0.294979 0.013888
0.0437637 -0.00624617 0.331745 0.0169664
0.0511095 -0.00790703 0.370408 -0.460187
0.0486726 -0.00712901 0.335777 -0.569322
0.046246 -0.002747 0.302575 0.0143657
0.0302696 0.00181862 0.203527 0.590475
0.0581568 -0.00715288 0.391004 -0.502112
0.0191283 -0.00223509 0.188462 0.676952
0.0531145 -0.00680644 0.348065 -0.50864
0.0531145 -0.00680644 0.348065 -0.50864
0.0590922 -0.00668883 0.391115 -1.31127
0.04084 -0.00261328 0.269363 0.0114406
0.0346992 -0.00348455 0.233222 0.283293
0.0568061 -0.00457377 0.364417 -0.402318
0.0581568 -0.00715288 0.391004 -0.502112
0.056714 -0.00820974 0.414361 -0.387761
0.0876286 -0.0171557 0.673087 -2.38941
0.0609858 -0.00698212 0.404245 -0.929584
0.0448339 -0.00375473 0.307038 0.0147156
0.0686288 -0.0145624 0.51694 -1.71077
0.0512998 -0.00139057 0.315402 0.0156246
0.04102 -0.000646454 0.247632 0.00975789
0.0460822 0.000704494 0.260574 0.010725
0.0294243 -0.00695472 0.254382 0.0095658
0.0521125 -0.00673104 0.345844 -0.588583
0.041189 0.00194223 0.231786 0.423245
0.0478946 -0.00260096 0.312126 0.0153657
0.0533226 -0.00494199 0.353444 -0.375055
0.0414285 -0.00496527 0.303767 0.0144205
0.0477912 -0.00505701 0.34467 -0.341252
0.0558017 -0.0109777 0.446239 -0.92952
0.0477912 -0.00505701 0.34467 -0.341252
0.0518554 -0.0056312 0.380927 -0.74975
0.066218 -0.0100403 0.460662 -0.440252
0.0936157 -0.0175544 0.727688 -2.86987
0.0502257 -0.00387911 0.340049 0.0180413
-1.32137 0.0977532 8.84534 -4.4697
0.0622047 -0.0092158 0.426398 -0.882364
0.0511435 0.00205598 0.273505 0.0116665
-0.149268 0.0229854 0.462932 0.213495
-0.15418 0.0295996 0.496637 0.259873
0.0643436 -0.00656896 0.416345 -0.956905
0.0568061 -0.00457377 0.364417 -0.402318
0.0729055 -0.0120849 0.506093 -1.21234
0.0742964 -0.0112232 0.504405 -1.58884
0.0510717 -0.00605864 0.378249 -0.349955
0.046246 -0.002747 0.302575 0.0143657
0.0533226 -0.00494199 0.353444 -0.375055
0.0484273 -0.000583026 0.288695 0.0131461
0.0574848 -0.00316599 0.374287 0.0220417
0.0661158 -0.00639117 0.41164 -0.463254
9.72709 -0.689016 -88.4143 -8.87451
-0.192619 0.0693036 0.000346094 1.99867
0.0731919 -0.00416204 0.472947 -0.312083
0.304835 -0.0368838 0.0770442 -0.404228
-8.48858 0.593504 63.8736 -6.44839
0.0870398 -0.00972958 0.537042 -0.67909
0.353716 -0.0480206 -0.189039 -0.396973
0.0693844 -0.00892808 0.455999 -1.42685
0.0617422 -0.00766294 0.436541 -0.844547
0.256313 -0.0406123 0.051271 -0.287533
-5.14234 0.335587 43.7026 -7.25705
0.0554997 -0.00337384 0.366656 0.0211704
0.0902356 -0.0145697 0.65959 -2.09736
0.0603842 -0.00459798 0.409146 -0.325292
