0.033681 -0.0120472 0.345092 -0.342674
0.029953 -0.0119046 0.316945 0.0136358
0.0355192 -0.0145551 0.371709 -0.362377
-2.24196 0.0841536 18.0201 -6.2061
-0.153599 -1.21519e-05 0.00042307 1.9963
0.0505129 -0.0132068 0.401961 -0.747777
0.0647772 -0.0222781 0.613449 -2.4496
0.0365107 -0.0131085 0.377911 -0.430138
0.0585227 -0.0193412 0.525776 -1.59869
0.0477477 -0.0165243 0.441591 -1.09683
0.0613372 -0.0223704 0.577465 -2.10861
5.21821 -0.347134 -49.3806 -8.5984
-0.107445 -0.00661015 -0.564526 -5.68527
0.0700556 -0.0259099 0.73 -3.80112
-0.265511 0.0249829 1.12496 -0.956351
-0.124363 0.0165216 0.472899 0.232637
0.0399846 -0.0154921 0.418217 -0.933571
0.0425498 -0.0177753 0.437894 -0.780955
0.0334772 -0.0152732 0.360463 -0.438819
0.0307703 -0.0325783 0.598859 -0.868272
0.174643 -0.0236466 -0.0248865 2.83356
0.0552123 -0.0196755 0.506488 -1.39616
0.0475732 -0.0203147 0.483908 -1.51116
0.0306894 -0.0124664 0.333103 -0.311431
0.0281927 -0.0114246 0.301078 0.012352
0.028788 -0.0135612 0.354786 -0.276005
0.028788 -0.0135612 0.354786 -0.276005
-3.98767 0.191218 37.4085 -7.92792
0.334323 -0.0825076 0.0315095 -0.595316
0.0635812 -0.0218122 0.599959 -2.52621
0.0596362 -0.0218476 0.552965 -1.52814
0.0385916 -0.0101881 0.363605 -0.360793
0.0368131 -0.0156358 0.398396 -0.74166
0.0368131 -0.0156358 0.398396 -0.74166
0.0328462 -0.0152408 0.357617 -0.51193
0.0509125 -0.0160266 0.451683 -1.105
0.0258442 -0.0101351 0.272915 0.0102708
0.0151603 -0.00547192 0.20946 0.498032
0.00581393 -0.0043688 0.159257 0.729256
0.0210672 -0.00960594 0.239564 0.00776941
0.0349906 -0.0123441 0.343636 -0.441305
0.0472224 -0.016841 0.454913 -1.30906
0.0472224 -0.016841 0.454913 -1.30906
0.0651518 -0.0277854 0.657185 -2.2488
0.0332425 -0.0100657 0.313848 0.014058
0.0414147 -0.0144716 0.379645 -0.393431
0.0649632 -0.0220886 0.594851 -2.14905
0.0318201 -0.00714248 0.267861 0.326675
0.0236008 -0.00893646 0.246171 0.00850217
0.0230712 -0.00994551 0.252347 0.00853553
0.0245494 -0.0117724 0.283767 0.0105716
0.0192006 -0.00481707 0.21541 0.543751
0.0390597 -0.0149263 0.389103 -1.05049
0.0254251 -0.0112386 0.280586 0.0104483
0.0206043 -0.0107098 0.247437 0.00796707
0.0209028 -0.012118 0.266411 0.00887652
0.0315201 -0.0127391 0.333519 -0.418554
0.0380026 -0.0137217 0.346295 -0.590195
0.0284847 -0.0100842 0.285664 0.0112942
0.0256673 -0.0121038 0.294686 0.0114867
0.0315201 -0.0127391 0.333519 -0.418554
0.0504553 -0.0195855 0.483466 -1.84742
0.0315201 -0.0127391 0.333519 -0.418554
0.0262979 -0.0107297 0.2761 0.263675
0.0470766 -0.0198512 0.459358 -1.57124
0.0245494 -0.0117724 0.283767 0.0105716
0.0328462 -0.0152408 0.357617 -0.51193
0.038472 -0.0119487 0.353637 -0.462405
0.0434402 -0.0143549 0.391959 -0.897238
0.0283717 -0.00945732 0.279336 0.0110481
0.0245494 -0.0117724 0.283767 0.0105716
0.0280666 -0.0131343 0.323275 -0.394009
0.0296019 -0.0104151 0.296573 0.0122338
0.0548403 -0.0196659 0.512176 -1.57258
0.0477477 -0.0165243 0.441591 -1.09683
0.0103474 -0.00569963 0.206121 0.801988
0.0504209 -0.019472 0.471808 -1.58501
0.0232819 -0.00985867 0.24109 0.267025
0.02672 -0.00960132 0.269735 0.0101245
0.0315201 -0.0127391 0.333519 -0.418554
0.0426155 -0.0196425 0.439603 -0.996165
0.0271351 -0.013924 0.325961 0.0137914
0.0260204 -0.0135946 0.315086 0.0127905
0.0601713 -0.016238 0.497995 -1.43898
0.044043 -0.0141433 0.391475 -0.503626
0.0585227 -0.0193412 0.525776 -1.59869
0.0270758 -0.0110939 0.290172 0.0114073
0.0211463 -0.00848381 0.240447 0.353233
0.0541287 -0.0192666 0.497924 -1.87728
0.0425233 -0.0145785 0.403045 -1.09177
0.0375066 -0.0162756 0.433634 -0.699903
0.0541287 -0.0192666 0.497924 -1.87728
0.0375066 -0.0162756 0.433634 -0.699903
0.0273166 -0.0119584 0.304255 0.0124967
0.03699 -0.0148969 0.370901 -0.461871
0.0307178 -0.0107453 0.307465 0.0132091
0.0245494 -0.0117724 0.283767 0.0105716
0.0233163 -0.0108126 0.26649 0.0094848
0.0426155 -0.0196425 0.439603 -0.996165
0.0468694 -0.0139686 0.404622 -0.930441
0.0405346 -0.017621 0.427904 -1.24739
0.0390597 -0.0149263 0.389103 -1.05049
0.0302415 -0.0187054 0.38594 -1.12888
0.0361022 -0.0172237 0.380129 -1.32782
0.0389981 -0.0151322 0.39547 -1.24436
0.0390597 -0.0149263 0.389103 -1.05049
0.0390597 -0.0149263 0.389103 -1.05049
0.0210672 -0.00960594 0.239564 0.00776941
0.0261999 -0.0116277 0.293352 0.0115457
0.0224772 -0.0131714 0.311931 -0.340753
0.040676 -0.0173995 0.418689 -1.04665
0.0270758 -0.0110939 0.290172 0.0114073
0.0207881 -0.0114899 0.260059 0.00868952
0.0207881 -0.0114899 0.260059 0.00868952
0.0230712 -0.00994551 0.252347 0.00853553
0.029781 -0.00844784 0.274832 0.0108918
0.0206372 -0.00589367 0.213076 0.493587
0.0296976 -0.0102668 0.307594 -0.404276
0.0337266 -0.0180573 0.389512 -0.955003
0.0230712 -0.00994551 0.252347 0.00853553
0.0280666 -0.0131343 0.323275 -0.394009
0.020134 -0.00829425 0.208572 0.335933
0.0345596 -0.0141193 0.336241 -0.571039
0.0396195 -0.0171089 0.404072 -1.45765
0.0240688 -0.0153132 0.371334 -0.256011
0.000973556 -0.00336854 0.154535 0.859016
0.0299799 -0.0156497 0.349903 -0.414112
0.0231415 -0.0127826 0.288288 0.0106117
0.0233163 -0.0108126 0.26649 0.0094848
0.0311206 -0.0145167 0.32612 -0.550485
0.00813174 -0.00252399 0.166861 0.814032
0.0292479 -0.00892376 0.27616 0.0108772
0.0425233 -0.0145785 0.403045 -1.09177
0.0405346 -0.017621 0.427904 -1.24739
0.0319805 -0.0155413 0.359598 -0.949177
0.0354842 -0.0152065 0.373178 -0.990811
0.0408616 -0.0117511 0.362143 -0.872325
0.0349906 -0.0123441 0.343636 -0.441305
0.0300225 -0.0093129 0.288925 0.0120028
0.0258442 -0.0101351 0.272915 0.0102708
0.0368131 -0.0156358 0.398396 -0.74166
0.0253115 -0.0106112 0.274247 0.0102272
0.0211463 -0.00848381 0.240447 0.353233
0.0504209 -0.019472 0.471808 -1.58501
0.0254251 -0.0112386 0.280586 0.0104483
0.0313976 -0.0163803 0.383963 -0.403054
0.0284847 -0.0100842 0.285664 0.0112942
0.0304814 -0.0107495 0.340489 -0.288925
0.0380026 -0.0137217 0.346295 -0.590195
0.0168692 -0.00404407 0.179569 0.589924
0.0205669 -0.0106397 0.284702 -0.307679
0.0354842 -0.0152065 0.373178 -0.990811
0.0315201 -0.0127391 0.333519 -0.418554
0.0272529 -0.00912528 0.268404 0.010153
0.0540622 -0.0194708 0.517212 -2.21657
0.0232819 -0.00985867 0.24109 0.267025
0.0309965 -0.0127404 0.330993 -0.500667
0.0159759 -0.00775088 0.233163 0.449331
0.0540622 -0.0194708 0.517212 -2.21657
0.0215449 -0.00903035 0.24278 0.27015
0.0280666 -0.0131343 0.323275 -0.394009
-0.319971 0.0244123 1.51858 -1.58616
0.040676 -0.0173995 0.418689 -1.04665
0.0425233 -0.0145785 0.403045 -1.09177
0.0281289 -0.00859169 0.265226 0.00998844
0.0232819 -0.00985867 0.24109 0.267025
0.0207881 -0.0114899 0.260059 0.00868952
0.0210672 -0.00960594 0.239564 0.00776941
0.0233163 -0.0108126 0.26649 0.0094848
0.02672 -0.00960132 0.269735 0.0101245
0.0247245 -0.0098025 0.261971 0.00940595
0.013209 -0.00812875 0.220166 0.497353
0.0199272 -0.00925877 0.22839 0.00701019
0.0111344 -0.00757312 0.188863 0.504153
0.0233163 -0.0108126 0.26649 0.0094848
0.0114674 -0.0047125 0.160074 0.735487
0.0390597 -0.0149263 0.389103 -1.05049
0.0233163 -0.0108126 0.26649 0.0094848
0.043166 -0.01684 0.423263 -1.53925
0.0306894 -0.0124664 0.333103 -0.311431
0.0479768 -0.0165188 0.430361 -2.03699
0.0236008 -0.00893646 0.246171 0.00850217
0.0372056 -0.0165606 0.401088 -1.56768
0.0193746 -0.0097328 0.229764 0.00696563
0.024793 -0.0121524 0.287611 -0.490379
0.0219082 -0.0090634 0.236372 0.00767946
0.0230712 -0.00994551 0.252347 0.00853553
0.0118703 -0.00713583 0.180453 0.626015
0.0205792 -0.0104735 0.233594 0.281782
0.00270272 -0.00446292 0.150593 0.827389
0.0254251 -0.0112386 0.280586 0.0104483
0.0209325 -0.00517221 0.194663 0.361948
0.020134 -0.00829425 0.208572 0.335933
0.0236037 -0.0094693 0.251013 0.00857703
0.0161261 -0.00644151 0.185674 0.665897
0.0281289 -0.00859169 0.265226 0.00998844
0.0258352 -0.00737618 0.238397 0.00826651
0.0260187 -0.00816489 0.251112 0.00906391
0.0268447 -0.0156438 0.346585 -0.878775
0.0111344 -0.00757312 0.188863 0.504153
0.0138578 -0.00776812 0.208467 0.328171
0.0227561 -0.0117048 0.288245 -0.355361
0.0274521 -0.0131347 0.32131 -0.480327
0.0338837 -0.0169405 0.387157 -1.5359
0.0294894 -0.00978868 0.290252 0.0119786
0.0247915 -0.0126377 0.297868 0.0116066
0.0306894 -0.0124664 0.333103 -0.311431
0.0453189 -0.0173205 0.4356 -1.11745
0.0345596 -0.0141193 0.336241 -0.571039
0.0159759 -0.00775088 0.233163 0.449331
0.0281289 -0.00859169 0.265226 0.00998844
0.0315943 -0.010212 0.304297 0.0130297
0.0209325 -0.00517221 0.194663 0.361948
0.0361383 -0.0120519 0.351586 -0.975985
0.00867428 -0.00755937 0.195176 0.401543
0.0305708 -0.01546 0.368317 -1.14536
0.0230712 -0.00994551 0.252347 0.00853553
0.0215449 -0.00903035 0.24278 0.27015
0.0283717 -0.00945732 0.279336 0.0110481
0.0233163 -0.0108126 0.26649 0.0094848
0.0345596 -0.0141193 0.336241 -0.571039
0.0118703 -0.00713583 0.180453 0.626015
0.0354842 -0.0152065 0.373178 -0.990811
0.0354842 -0.0152065 0.373178 -0.990811
0.0296019 -0.0104151 0.296573 0.0122338
0.0273166 -0.0119584 0.304255 0.0124967
0.0332425 -0.0100657 0.313848 0.014058
0.0380437 -0.0102039 0.361454 -0.43517
0.0268946 -0.00763107 0.24793 0.00890139
0.0229245 -0.00575976 0.228677 0.35565
0.0197633 -0.0112521 0.250627 0.00803243
0.020134 -0.00829425 0.208572 0.335933
0.0280666 -0.0131343 0.323275 -0.394009
0.04822 -0.0169161 0.448876 -1.8699
0.0260187 -0.00816489 0.251112 0.00906391
0.0143924 -0.00456935 0.167551 0.647839
0.0254859 -0.00864084 0.252442 0.00904204
0.0242344 -0.0103437 0.296677 -0.353527
0.0236037 -0.0094693 0.251013 0.00857703
0.0293712 -0.0156434 0.347889 -0.49371
0.0377403 -0.01262 0.381356 -0.751023
0.0614402 -0.0188323 0.546912 -2.26692
0.205977 -0.0334587 0.0592819 -0.220514
0.0332425 -0.0100657 0.313848 0.014058
0.0643862 -0.0110173 0.504426 -0.921801
0.041925 -0.00835228 0.343784 0.0176785
0.0541549 -0.0188259 0.493541 -0.806994
0.038715 -0.00760592 0.318993 0.0153931
0.0371107 -0.0173173 0.381259 -1.20741
0.0236008 -0.00893646 0.246171 0.00850217
-0.11154 0.012575 0.419655 0.115444
0.0241919 -0.0102786 0.263304 0.0093634
0.0403579 -0.0108612 0.332273 -0.519366
0.0215968 -0.00737233 0.262192 0.264324
0.0344833 -0.0105963 0.351814 -0.415567
0.044834 -0.0166415 0.415335 -0.861648
