0.0410043 -0.00606509 0.311371 0.0148148
0.0831334 -0.0242501 0.746216 -2.89845
0.0400289 -0.00905642 0.33755 -0.472132
-0.107445 -0.00661015 -0.564526 -5.68527
-0.107445 -0.00661015 -0.564526 -5.68527
0.070144 -0.00910189 0.482354 -0.861114
0.0411553 -0.00950804 0.35319 0.0182904
0.0616895 -0.00677487 0.401176 -0.521168
0.0876286 -0.0171557 0.673087 -2.38941
0.056714 -0.00820974 0.414361 -0.387761
0.0649851 -0.0122688 0.481982 -0.788456
-0.218844 0.00433501 0.0144545 1.94327
-0.221661 0.00490437 0.0155836 1.93747
-0.150733 0.0235277 0.525596 0.266514
0.0561789 -0.00826643 0.413789 -0.46173
0.278784 -0.0468483 0.063065 -0.355155
0.0414135 -0.00951472 0.371702 -0.282082
0.0441056 -0.00866055 0.349395 -0.412294
0.0459508 -0.01783 0.463802 -0.994744
2.77965 -0.241896 -17.505 -6.01892
0.480684 -0.120344 0.080329 3.30453
0.0883016 -0.0170181 0.653216 -2.12029
0.0261819 -0.00360493 0.228859 0.561514
0.0737444 -0.0148545 0.552305 -1.52605
0.086181 -0.0200365 0.684127 -2.2713
0.0525809 -0.00495882 0.353232 -0.461116
0.044982 -0.00719594 0.348818 0.018485
-9.04766 0.777065 47.82 -4.22899
-2.24603 0.156492 16.1551 -5.48178
0.0415815 -0.00840969 0.345612 0.0179367
0.0594182 -0.0138674 0.49594 -0.720839
0.0725736 -0.0122786 0.517476 -1.40315
0.0598921 -0.0160865 0.492182 -1.26419
0.0257973 -0.00474384 0.251766 0.566683
0.0405132 -0.0145204 0.381234 -0.483429
0.0433328 -0.00888321 0.361345 0.0194422
0.0457113 -0.00726381 0.323092 -0.325631
0.0465392 -0.00796613 0.359336 -0.331772
0.0349906 -0.0123441 0.343636 -0.441305
0.0346992 -0.00348455 0.233222 0.283293
0.0603699 -0.0097144 0.417358 -0.513449
0.0600681 -0.0108401 0.463306 -0.99343
0.0601089 -0.0103896 0.449163 -0.804931
0.248586 -0.0349187 -0.0147512 -0.25738
0.746487 -0.109219 -1.07391 -1.23854
0.0436764 -0.00882593 0.359521 0.0191742
0.0477014 -0.00455907 0.333673 0.0173252
0.069327 -0.0126858 0.505968 -1.39483
0.0565313 -0.0164814 0.480599 -1.25057
0.0468694 -0.0139686 0.404622 -0.930441
0.0615599 -0.0227179 0.602643 -2.46732
0.32709 -0.0532695 -0.0851691 -0.42865
0.0714351 -0.0157322 0.621784 -3.59329
0.0469686 -0.0082513 0.357111 -0.510127
0.0349666 -0.00871721 0.294689 -0.476067
0.0452364 -0.00752662 0.325643 -0.548645
0.0296078 0.00436987 0.203742 0.786152
0.0788533 -0.0152793 0.612701 -2.44661
0.0487833 -0.00687691 0.335648 -0.361535
0.0395925 -0.00707304 0.315839 0.0151281
0.0424595 -0.0078771 0.342468 0.0176559
0.0338142 -0.00446664 0.255691 0.328892
0.0593411 -0.0126394 0.469278 -1.24704
0.0860736 -0.0216795 0.788968 -4.06808
0.0291555 -0.00629659 0.274984 0.302058
0.0334258 -0.00810109 0.292163 0.012578
0.0349906 -0.0123441 0.343636 -0.441305
0.041191 -0.00410269 0.289733 0.0130785
0.0469057 -0.00459887 0.307895 -0.55331
0.0566668 -0.0107834 0.437329 -0.779151
0.0367015 -0.0116271 0.35685 -0.371365
0.0414285 -0.00496527 0.303767 0.0144205
0.0581568 -0.00715288 0.391004 -0.502112
0.0725736 -0.0122786 0.517476 -1.40315
0.0497132 -0.00866645 0.387482 -0.233572
0.0424595 -0.0078771 0.342468 0.0176559
0.0520046 -0.0133816 0.412086 -0.464576
0.0441056 -0.00866055 0.349395 -0.412294
0.0389018 -0.00564359 0.297358 0.0137157
0.0635825 -0.0158036 0.506243 -1.29598
0.0408144 -0.00802539 0.332964 0.0165518
0.0512594 -0.0142508 0.449645 -0.88196
0.0419616 -0.0115918 0.364672 -0.489362
0.0583398 -0.0108208 0.440126 -0.474221
0.0601089 -0.0103896 0.449163 -0.804931
0.0850397 -0.0174571 0.64142 -2.12083
0.0420077 -0.00978143 0.373508 -0.381014
0.0754331 -0.0153767 0.576853 -2.10669
0.0850397 -0.0174571 0.64142 -2.12083
0.0904705 -0.0177033 0.710649 -3.18431
0.0938716 -0.0215109 0.877438 -4.496
0.0291385 -0.00173155 0.25354 0.486077
0.0497132 -0.00866645 0.387482 -0.233572
0.0430266 -0.0102152 0.376563 0.020941
0.0433704 -0.0101578 0.374741 0.0206691
0.0410043 -0.00606509 0.311371 0.0148148
0.0475788 -0.0137655 0.401632 -0.522585
0.0233662 -0.00400892 0.217489 0.601069
0.0331234 -0.00986181 0.31767 -0.428465
0.0433376 -0.00734475 0.339326 0.0173659
0.0608591 -0.0129038 0.467875 -1.80874
0.041191 -0.00410269 0.289733 0.0130785
0.0369127 -0.0112479 0.321751 -0.494751
0.211476 -0.030674 0.00198746 -0.192195
0.0682127 -0.0122704 0.49729 -1.87465
0.0465392 -0.00796613 0.359336 -0.331772
0.0645185 -0.0124794 0.47129 -1.58334
0.0375456 -0.00444906 0.272394 0.0114647
0.0426519 -0.00591843 0.32091 0.015851
0.03619 -0.00828542 0.312609 0.014594
0.0507356 -0.00969402 0.363125 -0.58231
0.0486726 -0.00712901 0.335777 -0.569322
0.0321607 -0.00958459 0.317905 -0.319019
0.0296678 -0.00782093 0.268501 0.0106333
0.0274289 -0.0125846 0.310572 0.0127346
0.0507356 -0.00969402 0.363125 -0.58231
0.0441056 -0.00866055 0.349395 -0.412294
0.0677304 -0.0120434 0.48224 -1.58465
0.0459482 -0.014216 0.416806 -1.12978
0.0486726 -0.00712901 0.335777 -0.569322
0.0448029 -0.00547678 0.332679 -0.309978
0.0383108 -0.00328991 0.262917 0.010822
0.0560283 -0.0130482 0.456538 -1.22251
0.036592 -0.0061817 0.311493 -0.33913
0.0373632 -0.0064142 0.29409 0.0130613
0.0333557 -0.0102732 0.351328 -0.311953
0.0297146 -0.00312309 0.2348 0.544288
0.0373632 -0.0064142 0.29409 0.0130613
0.0323087 -0.00777018 0.281256 0.0116227
0.029515 -0.00660121 0.234695 0.32402
0.0220098 -0.00683679 0.252618 0.384222
0.0410043 -0.00606509 0.311371 0.0148148
0.0441056 -0.00866055 0.349395 -0.412294
0.041191 -0.00410269 0.289733 0.0130785
0.0267433 -0.00559056 0.240821 0.301746
0.064398 -0.0127654 0.499382 -2.1651
0.0634998 -0.00997632 0.460588 -0.826938
0.0385701 -0.00185473 0.267075 0.439168
0.0655914 -0.0126899 0.478779 -1.15092
0.0421174 -0.00639353 0.322224 0.0158951
0.0703027 -0.0150705 0.543826 -2.10735
0.0359523 -0.00742265 0.29857 0.0133315
0.0373632 -0.0064142 0.29409 0.0130613
0.0399366 -0.00855799 0.336112 0.0168182
0.0169501 -0.00309816 0.235708 0.750922
0.0560283 -0.0130482 0.456538 -1.22251
0.0440407 -0.0149863 0.424148 -0.812553
0.275134 -0.0448462 0.000631455 -0.340316
0.0374026 -0.00286947 0.240701 0.268607
0.0448029 -0.00547678 0.332679 -0.309978
0.0383993 -0.00829433 0.304225 -0.495507
0.0547944 -0.0104095 0.418174 -1.0451
0.241399 -0.0310112 -0.00112634 -0.235117
0.0756387 -0.0157208 0.601613 -2.46176
0.0410043 -0.00606509 0.311371 0.0148148
0.0639793 -0.0161069 0.518914 -1.51432
0.0547944 -0.0104095 0.418174 -1.0451
0.0420077 -0.00978143 0.373508 -0.381014
0.0399366 -0.00855799 0.336112 0.0168182
0.0462232 -0.00756291 0.326389 -0.456022
0.0320157 -0.00911011 0.296656 0.0127778
0.0426991 -0.0115642 0.364824 -0.403603
0.0258442 -0.0101351 0.272915 0.0102708
0.0507356 -0.00969402 0.363125 -0.58231
0.04084 -0.00261328 0.269363 0.0114406
0.0628867 -0.0096793 0.428258 -1.37135
0.0334258 -0.00810109 0.292163 0.012578
0.0611795 -0.01286 0.458883 -1.56995
0.0477912 -0.00505701 0.34467 -0.341252
0.0546294 -0.00753021 0.380753 -0.481831
0.0645366 -0.0125888 0.482821 -1.84454
0.038663 -0.00478018 0.283305 0.0124324
0.0860736 -0.0216795 0.788968 -4.06808
0.0325491 -0.00863447 0.295331 0.0127883
0.0441056 -0.00866055 0.349395 -0.412294
0.0352106 -0.00558618 0.25511 0.256713
0.0400289 -0.00905642 0.33755 -0.472132
0.0403579 -0.0108612 0.332273 -0.519366
0.0272529 -0.00912528 0.268404 0.010153
0.064398 -0.0127654 0.499382 -2.1651
0.0380702 -0.00654634 0.3111 -0.457197
0.0645366 -0.0125888 0.482821 -1.84454
0.0485531 -0.013649 0.420269 -1.64315
0.0451184 -0.00831216 0.355651 -0.908224
0.0546793 -0.0106546 0.427821 -1.24793
0.0486726 -0.00712901 0.335777 -0.569322
0.0361347 -0.00545752 0.276875 0.0117742
0.0224133 -0.00183547 0.197385 0.641544
0.038129 -0.00525556 0.284624 0.0124796
0.0312185 -0.00746818 0.271396 0.248156
0.0441056 -0.00866055 0.349395 -0.412294
0.0452364 -0.00752662 0.325643 -0.548645
0.0259502 -0.00286714 0.212343 0.45216
0.0332425 -0.0100657 0.313848 0.014058
0.0175151 -0.00499025 0.199834 0.661087
0.0513669 -0.0107694 0.404591 -1.00804
0.0361347 -0.00545752 0.276875 0.0117742
0.0456357 -0.00574962 0.333083 -0.417043
0.0115539 -0.00218695 0.177256 0.762115
0.0452364 -0.00752662 0.325643 -0.548645
0.0495986 -0.00821663 0.37269 -0.989144
0.0495986 -0.00821663 0.37269 -0.989144
0.0434968 -0.00865419 0.347368 -0.491794
0.0309764 -0.00341049 0.222831 0.00785268
0.043955 -0.00428676 0.310172 0.0151145
0.0372518 -0.0057885 0.287782 0.0127458
0.0593411 -0.0126394 0.469278 -1.24704
0.0523396 -0.0113474 0.433712 -0.90055
0.0336214 -0.0048581 0.259237 0.242567
0.0215439 -0.00294924 0.222158 0.633459
0.0243036 -0.00575518 0.227484 0.422693
0.0401267 -0.0065978 0.314522 0.0150978
0.0289833 -0.00235058 0.22026 0.427589
0.0401337 0.00161671 0.215738 0.00735433
0.0361383 -0.0120519 0.351586 -0.975985
0.0361347 -0.00545752 0.276875 0.0117742
0.0423063 -0.00443252 0.300616 0.0141132
0.0414285 -0.00496527 0.303767 0.0144205
0.041191 -0.00410269 0.289733 0.0130785
0.0441056 -0.00866055 0.349395 -0.412294
0.0421849 -0.00614507 0.322827 -0.392401
0.0250086 -0.00638762 0.262752 0.351441
0.0478464 -0.0110662 0.38895 -0.953043
0.0513669 -0.0107694 0.404591 -1.00804
0.0570289 -0.0123723 0.426096 -0.80106
0.03619 -0.00828542 0.312609 0.014594
0.0454693 -0.0112066 0.374772 -0.509352
0.0444043 -0.00316354 0.282923 0.307497
1.27955 -0.169458 -3.28742 -2.25708
0.0756387 -0.0157208 0.601613 -2.46176
0.0349666 -0.00871721 0.294689 -0.476067
0.0546793 -0.0106546 0.427821 -1.24793
0.0718616 -0.0119426 0.511274 -1.89923
0.0677304 -0.0120434 0.48224 -1.58465
0.0645185 -0.0124794 0.47129 -1.58334
0.04047 -0.00654041 0.312688 0.0148538
0.0703027 -0.0150705 0.543826 -2.10735
0.0441056 -0.00866055 0.349395 -0.412294
0.038129 -0.00525556 0.284624 0.0124796
-0.118104 0.0200388 0.47967 0.125121
0.0313047 -0.00301566 0.253994 0.414442
0.0679783 -0.0181524 0.562285 -1.6172
0.0520046 -0.0133816 0.412086 -0.464576
0.875995 -0.122023 -1.77066 -1.83051
0.0876467 -0.0143697 0.597113 -1.53099
0.0712999 -0.0104265 0.504741 -0.446227
0.296196 -0.0419746 -0.0767035 -0.3288
0.0670046 -0.0128861 0.508567 -0.632116
0.0406567 -0.00457791 0.291048 0.0131429
0.0441056 -0.00866055 0.349395 -0.412294
0.04084 -0.00261328 0.269363 0.0114406
0.0388445 -0.0028144 0.261596 0.0107856
2.98796 -0.287279 -17.0346 -5.64259
0.0672779 -0.0157073 0.530735 -1.5235
5.99147 -0.49306 -44.0208 -7.13579
0.0429032 -0.00657143 0.354343 -0.27455
