0.038715 -0.00760592 0.318993 0.0153931
0.0399366 -0.00855799 0.336112 0.0168182
0.0537789 -0.0159896 0.480046 -1.35282
0.27845 -0.104934 0.0785691 3.52485
-0.451094 0.105379 9.79977e-05 1.99974
0.0725736 -0.0122786 0.517476 -1.40315
0.077051 -0.0181326 0.625272 -2.31726
0.0600681 -0.0108401 0.463306 -0.99343
0.093256 -0.0207468 0.773705 -3.48101
0.223092 -0.0332799 0.0816949 -0.242921
0.0785846 -0.0180999 0.595484 -1.60657
0.362625 -0.11902 -0.000135042 1.99855
-1.36296 0.0346572 10.201 -5.43261
0.0373632 -0.0064142 0.29409 0.0130613
0.0380919 -0.00634539 0.287214 0.272269
0.0598852 -0.012163 0.449229 -1.00414
0.03619 -0.00828542 0.312609 0.014594
0.0371778 -0.00837739 0.315745 0.0146649
0.0419616 -0.0115918 0.364672 -0.489362
0.0892946 -0.0249116 0.873172 -4.28401
4.26042 -0.366171 -29.0468 -6.68739
0.069327 -0.0126858 0.505968 -1.39483
0.0560283 -0.0130482 0.456538 -1.22251
0.0672779 -0.0157073 0.530735 -1.5235
0.0511095 -0.00790703 0.370408 -0.460187
0.0598852 -0.012163 0.449229 -1.00414
0.0462734 -0.011588 0.409564 -0.326466
0.0385916 -0.0101881 0.363605 -0.360793
-4.79457 0.32135 38.2967 -6.78977
0.0426906 -0.00873572 0.35641 0.0191033
0.047507 -0.00867372 0.394844 -0.334094
0.0531522 -0.00857342 0.403802 -0.365202
0.0345417 -0.00843133 0.303055 0.0135695
0.0476299 -0.0146527 0.436993 -0.845794
0.0419616 -0.0115918 0.364672 -0.489362
0.0532705 -0.0104576 0.396727 -0.474037
0.0605554 -0.00944775 0.43733 -1.5746
0.03989 -0.00573588 0.300501 0.0137686
0.0443696 -0.0114147 0.375612 -0.91413
0.0478464 -0.0110662 0.38895 -0.953043
0.0655914 -0.0126899 0.478779 -1.15092
0.0657699 -0.0130055 0.492475 -1.36925
0.0532705 -0.0104576 0.396727 -0.474037
0.0434716 -0.00836576 0.347189 -0.300219
0.0553883 -0.0111114 0.429215 -0.379224
0.0583284 -0.0131162 0.459653 -0.749978
0.0708654 -0.0151777 0.532688 -1.34555
0.0531522 -0.00857342 0.403802 -0.365202
0.0594397 -0.0158467 0.483269 -1.72305
0.0438116 -0.0104733 0.342663 -0.542005
0.0325491 -0.00863447 0.295331 0.0127883
0.0476001 -0.00828368 0.359961 -0.437061
0.0395403 -0.00424744 0.28015 0.0121453
0.0667085 -0.0154198 0.530537 -2.09363
0.0554785 -0.0162907 0.481549 -1.96429
0.0344829 -0.00560145 0.267273 0.0108722
0.0593411 -0.0126394 0.469278 -1.24704
0.0547944 -0.0104095 0.418174 -1.0451
0.0376826 -0.00428833 0.266171 0.290593
0.0441056 -0.00866055 0.349395 -0.412294
0.0412395 -0.00692617 0.325372 0.0161839
0.0317316 -0.00573725 0.285268 0.27336
0.0414135 -0.00951472 0.371702 -0.282082
0.0476001 -0.00828368 0.359961 -0.437061
0.0591711 -0.0159771 0.496689 -1.99868
0.0419616 -0.0115918 0.364672 -0.489362
0.0350714 -0.00914261 0.329659 -0.34946
0.0735204 -0.01847 0.610122 -2.2961
0.0580282 -0.0102616 0.441326 -1.28014
0.0547944 -0.0104095 0.418174 -1.0451
0.0344829 -0.00560145 0.267273 0.0108722
0.0406319 -0.00903814 0.338689 -0.385694
0.047507 -0.00867372 0.394844 -0.334094
0.0437637 -0.00624617 0.331745 0.0169664
0.047507 -0.00867372 0.394844 -0.334094
0.0635825 -0.0158036 0.506243 -1.29598
0.0476001 -0.00828368 0.359961 -0.437061
0.0512594 -0.0142508 0.449645 -0.88196
0.0395925 -0.00707304 0.315839 0.0151281
0.0489817 -0.0108215 0.384817 -0.528219
0.0376012 -0.00727693 0.30813 0.0143361
0.0440155 -0.0122993 0.399462 -0.396512
0.0484571 -0.0137462 0.40145 -0.442614
0.0646052 -0.012476 0.492623 -0.945732
0.0581568 -0.00715288 0.391004 -0.502112
0.0485805 -0.00402744 0.330548 0.0169298
0.0489817 -0.0108215 0.384817 -0.528219
0.0672779 -0.0157073 0.530735 -1.5235
0.0594342 -0.0103299 0.435076 -1.11586
0.0566668 -0.0107834 0.437329 -0.779151
0.0531412 -0.011123 0.423675 -0.739978
0.0401267 -0.0065978 0.314522 0.0150978
0.0583284 -0.0131162 0.459653 -0.749978
0.0635825 -0.0158036 0.506243 -1.29598
0.0444436 -0.00909321 0.383353 -0.308928
0.0437637 -0.00624617 0.331745 0.0169664
0.0350714 -0.00914261 0.329659 -0.34946
0.0350714 -0.00914261 0.329659 -0.34946
0.0270657 -0.00504346 0.232086 0.422177
0.0686288 -0.0145624 0.51694 -1.71077
0.0645185 -0.0124794 0.47129 -1.58334
0.0547944 -0.0104095 0.418174 -1.0451
0.0296678 -0.00782093 0.268501 0.0106333
0.0493372 -0.013839 0.430322 -1.16421
0.0512886 -0.0110299 0.413962 -1.21131
0.0667085 -0.0154198 0.530537 -2.09363
0.0513669 -0.0107694 0.404591 -1.00804
0.0350714 -0.00914261 0.329659 -0.34946
0.0401267 -0.0065978 0.314522 0.0150978
0.0426991 -0.0115642 0.364824 -0.403603
0.0374134 -0.00923862 0.329751 0.0159718
0.0384785 -0.00674398 0.304973 0.0140773
0.0557747 -0.0161654 0.468876 -1.69059
0.0296678 -0.00782093 0.268501 0.0106333
0.0459482 -0.014216 0.416806 -1.12978
0.038663 -0.00478018 0.283305 0.0124324
0.0521125 -0.00673104 0.345844 -0.588583
0.0645366 -0.0125888 0.482821 -1.84454
0.0557747 -0.0161654 0.468876 -1.69059
0.0347241 -0.00646618 0.28136 0.0120494
0.0735896 -0.0184412 0.648785 -3.3545
0.0478464 -0.0110662 0.38895 -0.953043
0.0478464 -0.0110662 0.38895 -0.953043
0.0321607 -0.00958459 0.317905 -0.319019
0.0384785 -0.00674398 0.304973 0.0140773
0.0350714 -0.00914261 0.329659 -0.34946
0.0502221 -0.0135528 0.41665 -0.95721
0.0454693 -0.0112066 0.374772 -0.509352
0.0459482 -0.014216 0.416806 -1.12978
0.0321607 -0.00958459 0.317905 -0.319019
0.0334258 -0.00810109 0.292163 0.012578
0.0653347 -0.0149758 0.506321 -1.71472
0.0547944 -0.0104095 0.418174 -1.0451
0.0441056 -0.00866055 0.349395 -0.412294
0.0350714 -0.00914261 0.329659 -0.34946
0.0630559 -0.0157498 0.516366 -2.07138
0.0657699 -0.0130055 0.492475 -1.36925
0.0531412 -0.011123 0.423675 -0.739978
0.0410043 -0.00606509 0.311371 0.0148148
0.0560283 -0.0130482 0.456538 -1.22251
0.03989 -0.00573588 0.300501 0.0137686
0.0454693 -0.0112066 0.374772 -0.509352
0.0371778 -0.00837739 0.315745 0.0146649
0.0667085 -0.0154198 0.530537 -2.09363
0.0419616 -0.0115918 0.364672 -0.489362
0.0565313 -0.0164814 0.480599 -1.25057
0.0454693 -0.0112066 0.374772 -0.509352
0.0435298 -0.00538597 0.317765 0.0155435
0.0495986 -0.00821663 0.37269 -0.989144
0.0344829 -0.00560145 0.267273 0.0108722
0.0296726 -0.00505764 0.233907 0.00841689
0.0323737 -0.00517544 0.253172 0.00992152
0.0476001 -0.00828368 0.359961 -0.437061
0.0469686 -0.0082513 0.357111 -0.510127
0.0560283 -0.0130482 0.456538 -1.22251
0.0472712 -0.0100842 0.352942 -0.562918
0.0489817 -0.0108215 0.384817 -0.528219
0.0535021 -0.01311 0.428041 -0.977826
0.0462079 -0.0111961 0.375607 -0.428801
0.0434968 -0.00865419 0.347368 -0.491794
0.0267433 -0.00559056 0.240821 0.301746
0.0347241 -0.00646618 0.28136 0.0120494
0.0334258 -0.00810109 0.292163 0.012578
0.0489817 -0.0108215 0.384817 -0.528219
0.0404179 -0.00374024 0.275717 0.265009
0.0397792 -0.00511061 0.294201 0.0134343
0.0350714 -0.00914261 0.329659 -0.34946
0.0406319 -0.00903814 0.338689 -0.385694
0.0469686 -0.0082513 0.357111 -0.510127
0.0531743 -0.00793708 0.388633 -1.04901
0.0441056 -0.00866055 0.349395 -0.412294
0.0406319 -0.00903814 0.338689 -0.385694
0.0406319 -0.00903814 0.338689 -0.385694
0.0468694 -0.0139686 0.404622 -0.930441
0.0370117 -0.00492453 0.273713 0.0115138
0.0350714 -0.00914261 0.329659 -0.34946
0.0336062 -0.00613466 0.27044 0.011108
0.0319537 -0.00627818 0.260829 0.0102227
0.0319537 -0.00627818 0.260829 0.0102227
0.0395403 -0.00424744 0.28015 0.0121453
0.038663 -0.00478018 0.283305 0.0124324
0.0361347 -0.00545752 0.276875 0.0117742
0.0372007 -0.0089069 0.331817 -0.822996
0.0365693 -0.00945868 0.327653 -0.451053
0.0323737 -0.00517544 0.253172 0.00992152
0.0451184 -0.00831216 0.355651 -0.908224
0.0336062 -0.00613466 0.27044 0.011108
0.0372007 -0.0089069 0.331817 -0.822996
0.0406319 -0.00903814 0.338689 -0.385694
0.0319537 -0.00627818 0.260829 0.0102227
0.0406319 -0.00903814 0.338689 -0.385694
0.036592 -0.0061817 0.311493 -0.33913
0.0232499 -0.00318085 0.197393 0.517993
0.0459482 -0.014216 0.416806 -1.12978
0.0310773 -0.0068116 0.264001 0.0104342
0.0421849 -0.00614507 0.322827 -0.392401
0.0421849 -0.00614507 0.322827 -0.392401
0.0421849 -0.00614507 0.322827 -0.392401
0.0308337 -0.00594545 0.249881 0.00935369
0.0337723 -0.00665805 0.300293 -0.311549
0.0420952 -0.00879017 0.344941 -0.89221
0.0344829 -0.00560145 0.267273 0.0108722
0.0478257 -0.0113711 0.399649 -1.17025
0.0294243 -0.00695472 0.254382 0.0095658
0.0476001 -0.00828368 0.359961 -0.437061
0.0373632 -0.0064142 0.29409 0.0130613
0.0489817 -0.0108215 0.384817 -0.528219
0.0547944 -0.0104095 0.418174 -1.0451
0.0334258 -0.00810109 0.292163 0.012578
0.0334258 -0.00810109 0.292163 0.012578
0.0406319 -0.00903814 0.338689 -0.385694
0.0593411 -0.0126394 0.469278 -1.24704
0.0371912 -0.00295745 0.251976 0.00992659
0.0371912 -0.00295745 0.251976 0.00992659
0.0285482 -0.00748835 0.257558 0.00975283
0.0323737 -0.00517544 0.253172 0.00992152
0.0513669 -0.0107694 0.404591 -1.00804
0.0513669 -0.0107694 0.404591 -1.00804
0.0486726 -0.00712901 0.335777 -0.569322
0.0478464 -0.0110662 0.38895 -0.953043
0.0370117 -0.00492453 0.273713 0.0115138
0.0350714 -0.00914261 0.329659 -0.34946
0.0294164 -0.00504713 0.25109 0.268323
0.0478464 -0.0110662 0.38895 -0.953043
0.0384785 -0.00674398 0.304973 0.0140773
0.0326727 -0.00530919 0.275524 0.379725
0.0412395 -0.00692617 0.325372 0.0161839
0.0431645 -0.00319727 0.285344 0.239961
0.04108 -0.00347733 0.283431 0.0127226
0.0388445 -0.0028144 0.261596 0.0107856
0.0321607 -0.00958459 0.317905 -0.319019
0.0572035 -0.0132171 0.452365 -1.76642
0.0667085 -0.0154198 0.530537 -2.09363
0.0476001 -0.00828368 0.359961 -0.437061
0.0547944 -0.0104095 0.418174 -1.0451
0.0441056 -0.00866055 0.349395 -0.412294
0.0397792 -0.00511061 0.294201 0.0134343
0.0361347 -0.00545752 0.276875 0.0117742
0.0347241 -0.00646618 0.28136 0.0120494
0.0608591 -0.0129038 0.467875 -1.80874
0.0414135 -0.00951472 0.371702 -0.282082
0.0555644 -0.0130152 0.422569 -0.485016
0.0589471 -0.00965054 0.41482 -0.859961
0.0569927 -0.0137481 0.456057 -0.467665
0.076716 -0.00557552 0.461068 -0.633638
0.0865667 -0.0138814 0.575823 -1.28155
0.0721125 -0.0157584 0.558604 -1.21215
0.064995 -0.0104635 0.485647 -0.645507
0.0370117 -0.00492453 0.273713 0.0115138
0.0361347 -0.00545752 0.276875 0.0117742
0.0537052 -0.0101158 0.403567 -1.45543
0.0451184 -0.00831216 0.355651 -0.908224
0.0591341 -0.0126469 0.432913 -0.50408
0.0433376 -0.00734475 0.339326 0.0173659
0.0509321 -0.00864631 0.397915 -0.740203
0.0412395 -0.00692617 0.325372 0.0161839
