0.0212615 -0.0136124 0.286889 0.0100037
0.0541287 -0.0192666 0.497924 -1.87728
0.0172621 -0.00935252 0.239693 0.263045
-0.214936 0.00366885 0.0121337 1.95877
-7.12869 0.54217 46.6165 -5.69779
0.0284847 -0.0100842 0.285664 0.0112942
0.040676 -0.0173995 0.418689 -1.04665
0.0329169 -0.0161884 0.39272 -0.866327
0.049463 -0.022796 0.506978 -1.29859
0.0467797 -0.0199006 0.468533 -1.81191
0.0171723 -0.0100011 0.254329 0.413381
-0.598946 0.0503728 0.795488 -0.0533761
-0.623247 0.0535195 0.83457 -0.0228475
0.0228981 -0.0119166 0.274171 0.00962824
0.0541596 -0.0192473 0.509252 -2.49711
0.0161261 -0.00644151 0.185674 0.665897
0.041305 -0.0185723 0.393443 -0.863161
0.0334772 -0.0152732 0.360463 -0.438819
0.0172621 -0.00935252 0.239693 0.263045
0.0644427 -0.0218979 0.621591 -3.0671
-0.776565 -0.00341296 6.47581 -4.81813
0.0540622 -0.0194708 0.517212 -2.21657
0.0280666 -0.0131343 0.323275 -0.394009
0.0280666 -0.0131343 0.323275 -0.394009
0.0293712 -0.0156434 0.347889 -0.49371
0.0319805 -0.0155413 0.359598 -0.949177
0.0143208 -0.00790835 0.21618 0.57328
-5.7845 0.358197 49.6797 -7.5477
-3.09902 0.139943 27.6295 -7.36748
0.0260204 -0.0135946 0.315086 0.0127905
0.0256673 -0.0121038 0.294686 0.0114867
0.044834 -0.0166415 0.415335 -0.861648
0.0345596 -0.0141193 0.336241 -0.571039
0.0328462 -0.0152408 0.357617 -0.51193
0.0467797 -0.0199006 0.468533 -1.81191
0.0290689 -0.0108911 0.297904 0.0121976
0.0216634 -0.0109557 0.256869 0.00859342
0.024793 -0.0121524 0.287611 -0.490379
0.0180707 -0.0113783 0.240819 0.0071884
0.0166772 -0.0123939 0.245374 0.00714433
0.0280666 -0.0131343 0.323275 -0.394009
0.0247915 -0.0126377 0.297868 0.0116066
0.0254251 -0.0112386 0.280586 0.0104483
0.0293712 -0.0156434 0.347889 -0.49371
0.0324227 -0.014956 0.359806 -0.333397
0.0285439 -0.0129142 0.32145 0.0137306
0.0349386 -0.0159916 0.393781 -0.42208
0.0307178 -0.0107453 0.307465 0.0132091
0.0207881 -0.0114899 0.260059 0.00868952
0.0195059 -0.0118478 0.259599 0.241238
0.0207881 -0.0114899 0.260059 0.00868952
0.0280666 -0.0131343 0.323275 -0.394009
0.0207681 -0.00871656 0.225202 0.00692622
0.0193746 -0.0097328 0.229764 0.00696563
0.0168411 -0.0104018 0.223152 0.00624437
0.0155371 -0.0120463 0.234195 0.00640083
0.0172621 -0.00935252 0.239693 0.263045
0.0396195 -0.0171089 0.404072 -1.45765
0.0207881 -0.0114899 0.260059 0.00868952
0.0118703 -0.00713583 0.180453 0.626015
0.0207881 -0.0114899 0.260059 0.00868952
0.0220227 -0.0124506 0.277357 0.00972631
0.0148544 -0.00933645 0.220587 0.42639
0.0245494 -0.0117724 0.283767 0.0105716
0.0152944 -0.0120351 0.251448 0.267035
0.0112149 -0.0082773 0.204769 0.62067
0.0220227 -0.0124506 0.277357 0.00972631
0.0345596 -0.0141193 0.336241 -0.571039
0.0319931 -0.0124187 0.343043 -0.950575
0.0216634 -0.0109557 0.256869 0.00859342
0.0205147 -0.01008 0.240939 0.00772404
0.0196573 -0.0136478 0.300733 -0.313247
0.0372475 -0.0177597 0.405118 -1.0097
0.040676 -0.0173995 0.418689 -1.04665
0.0247915 -0.0126377 0.297868 0.0116066
0.0214905 -0.012927 0.278696 0.00964705
0.0230712 -0.00994551 0.252347 0.00853553
0.0372475 -0.0177597 0.405118 -1.0097
0.0234965 -0.0142748 0.308716 0.0118415
0.0180118 -0.00891311 0.230526 0.388808
0.0112149 -0.0082773 0.204769 0.62067
0.0243721 -0.0137407 0.305532 0.0117451
0.0245494 -0.0117724 0.283767 0.0105716
0.0477477 -0.0165243 0.441591 -1.09683
0.020508 -0.00696529 0.232927 0.520757
0.0380026 -0.0137217 0.346295 -0.590195
0.0562277 -0.0220691 0.544522 -2.11033
0.0224772 -0.0131714 0.311931 -0.340753
0.0207881 -0.0114899 0.260059 0.00868952
0.0233163 -0.0108126 0.26649 0.0094848
0.0220227 -0.0124506 0.277357 0.00972631
0.0154277 -0.0137198 0.276089 0.232929
0.052645 -0.0224211 0.531309 -2.09747
0.0243721 -0.0137407 0.305532 0.0117451
0.0143208 -0.00790835 0.21618 0.57328
0.0159759 -0.00775088 0.233163 0.449331
0.0194642 -0.0103624 0.23626 0.00719525
0.0207881 -0.0114899 0.260059 0.00868952
0.0207881 -0.0114899 0.260059 0.00868952
0.0368131 -0.0156358 0.398396 -0.74166
0.0111344 -0.00757312 0.188863 0.504153
0.00725634 -0.00658799 0.177177 0.688704
0.0145017 -0.0116706 0.215272 0.260565
0.0155371 -0.0120463 0.234195 0.00640083
0.0193746 -0.0097328 0.229764 0.00696563
0.0190753 -0.00884446 0.215414 0.00617743
0.0207881 -0.0114899 0.260059 0.00868952
0.0155371 -0.0120463 0.234195 0.00640083
0.0224772 -0.0131714 0.311931 -0.340753
0.0337266 -0.0180573 0.389512 -0.955003
0.0319805 -0.0155413 0.359598 -0.949177
0.0195059 -0.0118478 0.259599 0.241238
0.0167667 -0.0130235 0.25187 0.00735379
0.0234443 -0.0151061 0.304754 -0.488651
0.0196573 -0.0136478 0.300733 -0.313247
0.0241919 -0.0102786 0.263304 0.0093634
0.020134 -0.00829425 0.208572 0.335933
0.0207881 -0.0114899 0.260059 0.00868952
0.0180707 -0.0113783 0.240819 0.0071884
0.0183697 -0.0122684 0.25519 0.00801043
0.0180707 -0.0113783 0.240819 0.0071884
0.0215772 -0.0126074 0.277836 -0.469942
0.00804034 -0.00547114 0.152796 0.705628
0.0155371 -0.0120463 0.234195 0.00640083
0.0203707 -0.0125944 0.26775 0.00879816
0.0183697 -0.0122684 0.25519 0.00801043
0.0194956 -0.0131286 0.270942 0.00887044
0.024793 -0.0121524 0.287611 -0.490379
0.0183697 -0.0122684 0.25519 0.00801043
0.0118267 -0.0098568 0.212742 0.450392
0.0221957 -0.0104795 0.255534 0.00865035
0.0233163 -0.0108126 0.26649 0.0094848
0.0221957 -0.0104795 0.255534 0.00865035
0.0175651 -0.0075733 0.175854 0.325864
0.00875438 -0.00804749 0.175728 0.566641
0.0324981 -0.0175557 0.366827 -1.29257
0.0280666 -0.0131343 0.323275 -0.394009
0.0205792 -0.0104735 0.233594 0.281782
0.0220227 -0.0124506 0.277357 0.00972631
0.0118267 -0.0098568 0.212742 0.450392
0.0227228 -0.0138864 0.295965 0.0107293
0.0216634 -0.0109557 0.256869 0.00859342
0.0203707 -0.0125944 0.26775 0.00879816
0.0231415 -0.0127826 0.288288 0.0106117
0.0337266 -0.0180573 0.389512 -0.955003
0.0228981 -0.0119166 0.274171 0.00962824
0.0241919 -0.0102786 0.263304 0.0093634
0.0315201 -0.0127391 0.333519 -0.418554
0.0192108 -0.0117261 0.252001 0.0079655
0.0141883 -0.00953224 0.190744 0.313588
0.0155371 -0.0120463 0.234195 0.00640083
0.0185573 -0.0130979 0.268171 -0.451673
0.0207881 -0.0114899 0.260059 0.00868952
0.0192108 -0.0117261 0.252001 0.0079655
0.0194956 -0.0131286 0.270942 0.00887044
0.0118267 -0.0098568 0.212742 0.450392
0.0352176 -0.0208158 0.430506 -1.16419
0.0195059 -0.0118478 0.259599 0.241238
0.0203707 -0.0125944 0.26775 0.00879816
0.0192108 -0.0117261 0.252001 0.0079655
0.0136527 -0.0109006 0.208448 0.396304
0.0203707 -0.0125944 0.26775 0.00879816
0.0361022 -0.0172237 0.380129 -1.32782
0.0228981 -0.0119166 0.274171 0.00962824
0.0372056 -0.0165606 0.401088 -1.56768
0.0215772 -0.0126074 0.277836 -0.469942
0.0170945 -0.00904006 0.207436 0.00556595
0.0118026 -0.0121925 0.204519 0.302926
0.0127622 -0.00877716 0.187484 0.439855
0.0118267 -0.0098568 0.212742 0.450392
0.0159258 -0.0135651 0.255051 0.00736643
0.0234246 -0.0159834 0.333476 -0.839524
0.0200087 -0.0163221 0.320329 -0.79803
0.00999643 -0.00907796 0.173802 0.502564
0.00270272 -0.00446292 0.150593 0.827389
0.00875438 -0.00804749 0.175728 0.566641
0.0158667 -0.00831549 0.196892 0.399631
0.0183697 -0.0122684 0.25519 0.00801043
0.0196739 -0.0138211 0.304197 -0.443465
0.0227561 -0.0117048 0.288245 -0.355361
0.0127622 -0.00877716 0.187484 0.439855
0.016378 -0.0115049 0.231016 0.00637776
0.0166772 -0.0123939 0.245374 0.00714433
0.00953951 -0.00974515 0.185305 0.337465
0.0176313 -0.0136409 0.289994 -0.768055
0.0157011 -0.0100553 0.211987 0.00555879
0.0155371 -0.0120463 0.234195 0.00640083
0.0143076 -0.0110703 0.216535 0.00551439
0.0155371 -0.0120463 0.234195 0.00640083
0.00702021 -0.0103738 0.208416 0.38584
0.0180707 -0.0113783 0.240819 0.0071884
0.0137441 -0.00701983 0.196258 0.492186
0.0185573 -0.0130979 0.268171 -0.451673
0.0537765 -0.0230463 0.601747 -3.54608
0.0361022 -0.0172237 0.380129 -1.32782
0.0207881 -0.0114899 0.260059 0.00868952
0.0215772 -0.0126074 0.277836 -0.469942
0.024793 -0.0121524 0.287611 -0.490379
0.0142331 -0.0136904 0.245232 0.00649736
0.0138445 -0.0121728 0.224392 0.00560706
0.0118636 -0.012367 0.216397 0.00493032
0.0131677 -0.0107241 0.205372 0.00486222
0.0185573 -0.0130979 0.268171 -0.451673
0.00265753 -0.0077427 0.135316 0.646534
0.216967 -0.0443753 0.00365492 -0.245126
0.0265041 -0.016027 0.3392 -0.387561
0.0220227 -0.0124506 0.277357 0.00972631
0.0328462 -0.0152408 0.357617 -0.51193
0.0180707 -0.0113783 0.240819 0.0071884
0.0111344 -0.00757312 0.188863 0.504153
0.0172621 -0.00935252 0.239693 0.263045
0.0230483 -0.00941084 0.247549 0.00847183
-0.00685953 -0.00208484 0.146592 0.767863
0.0180707 -0.0113783 0.240819 0.0071884
0.0176313 -0.0136409 0.289994 -0.768055
0.00690338 -0.00951891 0.16441 0.545518
0.0155371 -0.0120463 0.234195 0.00640083
0.0169681 -0.0138064 0.264522 0.0080027
0.0537765 -0.0230463 0.601747 -3.54608
0.0155371 -0.0120463 0.234195 0.00640083
0.0141883 -0.00953224 0.190744 0.313588
0.0167667 -0.0130235 0.25187 0.00735379
0.0152508 -0.0102437 0.189515 0.313723
0.0180707 -0.0113783 0.240819 0.0071884
0.0276866 -0.0149137 0.315918 -0.528337
0.0576018 -0.0228128 0.627322 -3.64482
0.0194609 -0.0085994 0.221859 0.492872
0.0161389 -0.00516641 0.203828 0.589372
0.0235012 -0.0097952 0.262491 -0.493406
0.0168411 -0.0104018 0.223152 0.00624437
0.00953951 -0.00974515 0.185305 0.337465
0.0145017 -0.0116706 0.215272 0.260565
0.0145017 -0.0116706 0.215272 0.260565
0.0155371 -0.0120463 0.234195 0.00640083
0.0276866 -0.0149137 0.315918 -0.528337
0.00193074 -0.00726532 0.158407 0.821526
0.0127622 -0.00877716 0.187484 0.439855
0.0127622 -0.00877716 0.187484 0.439855
0.00912022 -0.0101661 0.197699 0.516816
0.0180707 -0.0113783 0.240819 0.0071884
0.0194956 -0.0131286 0.270942 0.00887044
0.0076901 -0.00730933 0.213433 0.584884
0.0258442 -0.0101351 0.272915 0.0102708
0.0137263 -0.00895256 0.194621 0.67052
0.0546838 -0.0138388 0.461159 -0.904384
0.0361119 -0.0108714 0.340511 0.0164951
0.0400376 -0.0127136 0.387579 -0.448105
0.0551332 -0.019379 0.493048 -1.1842
0.0152073 -0.0135216 0.257951 -0.423194
-0.125037 0.00866858 0.412045 0.149479
0.0155371 -0.0120463 0.234195 0.00640083
0.00953951 -0.00974515 0.185305 0.337465
0.0167426 -0.0103457 0.22672 0.302077
0.0345596 -0.0141193 0.336241 -0.571039
0.0239475 -0.013535 0.31156 -0.458906
0.0372056 -0.0165606 0.401088 -1.56768
